1207778090 seed, 60 fps, 1920x1080, fullScreen=1, version73_mouseSpeed1.000000_musicOff0_musicLoudness1.000000_webRetrySeconds16 39F5D403D9734472EB90545B8404B1BC918AF16B
3 T 1207778092.079000 mm 1256 767 mm 1289 752
0  
1  mm 1291 751
0  
0  
0  
0  
0  
0  
0  
0  
0  
0  
0  
0  
0  
0  
1  mm 1300 748
1  mm 1319 742
1  mm 1340 738
1  mm 1360 737
1  mm 1381 733
1  mm 1398 731
1  mm 1453 727
0  
1  mm 1456 727
0  
1  mm 1459 727
1  mm 1460 727
0  
1  mm 1461 725
0  
0  
0  
0  
0  
0  
0  
0  
1  mm 1459 727
0  
0  
1  mm 1456 727
0  
1  mm 1452 727
1  mm 1452 723
1  mm 1452 714
1  mm 1452 703
1  mm 1452 695
1  mm 1452 688
1  mm 1452 680
1  mm 1448 668
1  mm 1444 652
1  mm 1441 638
1  mm 1436 622
1  mm 1431 609
1  mm 1424 598
1  mm 1420 585
1  mm 1412 571
1  mm 1410 565
1  mm 1407 561
1  mm 1407 557
1  mm 1407 555
0  
1  mm 1407 554
0  
0  
0  
0  
0  
0  
0  
0  
0  
0  
0  
1  mm 1410 553
1  mm 1421 553
1  mm 1436 556
0  
0  
0  
0  
0  
0  
0  
0  
1  mm 1436 559
1  mm 1429 561
1  mm 1423 564
0  
0  
0  
0  
0  
0  
0  
0  
0  
1 T 1207778095.073000 
0  
0  
0  
0  
0  
0  
0  
0  
0  
0  
0  
0  
1  mm 1441 567
0  
3 T 1207778096.193000 T 1207778096.196000 mm 1432 580
0  
0  
2 T 1207778096.222000 mm 1430 582
2 T 1207778096.257000 mm 1424 584
2 T 1207778096.290000 mm 1423 584
2 T 1207778096.324000 mm 1416 588
2 T 1207778096.357000 mm 1410 589
2 T 1207778096.390000 mm 1406 590
2 T 1207778096.424000 mm 1404 591
2 T 1207778096.457000 mm 1403 592
2 T 1207778096.490000 mm 1401 593
2 T 1207778096.523000 mm 1398 595
2 T 1207778096.557000 mm 1395 596
2 T 1207778096.590000 mm 1392 597
2 T 1207778096.623000 mm 1391 598
2 T 1207778096.657000 mm 1389 599
1 T 1207778096.690000 
1 T 1207778096.723000 
1 T 1207778096.756000 
2 T 1207778096.790000 mm 1411 592
2 T 1207778096.823000 mm 1446 556
2 T 1207778096.857000 mm 1466 503
2 T 1207778096.890000 mm 1486 448
2 T 1207778096.923000 mm 1501 401
2 T 1207778096.957000 mm 1502 396
1 T 1207778096.990000 
2 T 1207778097.023000 mm 1502 395
2 T 1207778097.057000 mm 1498 393
2 T 1207778097.090000 mm 1488 386
2 T 1207778097.123000 mm 1475 372
2 T 1207778097.157000 mm 1454 350
2 T 1207778097.190000 mm 1421 325
2 T 1207778097.223000 mm 1398 306
2 T 1207778097.257000 mm 1376 291
2 T 1207778097.290000 mm 1359 279
2 T 1207778097.323000 mm 1349 272
1  mm 1338 262
1  mm 1299 229
1  mm 1250 197
1  mm 1214 182
1  mm 1191 177
1  mm 1148 171
1  mm 1100 144
1  mm 1028 113
1  mm 981 108
1  mm 957 108
1  mm 950 110
1  mm 946 113
1  mm 940 118
1  mm 921 133
1  mm 909 145
1  mm 905 149
1  mm 905 157
1  mm 905 166
1  mm 909 172
1  mm 918 182
1  mm 919 183
1  mm 924 192
1  mm 931 203
1  mm 933 207
0  
0  
1  mb 1 1 933 207
0  
0  
0  
1  mb 1 0 933 207
