1208980924 seed, 30 fps, 1920x1080, fullScreen=1, version84_mouseSpeed1.000000_musicOff0_musicLoudness0.000000_webRetrySeconds16 42465DEE661C4C80A66BFD33B6F8DBB5EF6ACF88
2 T 1208980926.233000 mm 1411 425
0  
0  
0  
0  
0  
0  
0  
0  
0  
0  
0  
0  
0  
0  
0  
0  
0  
0  
0  
0  
0  
0  
0  
0  
0  
0  
0  
0  
0  
0  
0  
0  
0  
1  mm 1412 423
1  mm 1475 339
0  
0  
0  
1  mm 1455 337
1  mm 1382 336
1  mm 1249 336
1  mm 1039 336
1  mm 860 365
1  mm 719 401
1  mm 648 430
1  mm 555 481
1  mm 478 521
1  mm 418 548
1  mm 370 575
1  mm 322 614
1  mm 309 649
1  mm 312 667
1  mm 376 671
1  mm 427 671
0  
0  
0  
0  
1  mm 423 673
1  mm 363 716
1  mm 314 774
1  mm 301 819
3 T 1208980930.163000 T 1208980930.167000 mm 406 823
1 T 1208980930.195000 
1 T 1208980930.229000 
1 T 1208980930.261000 
1 T 1208980930.295000 
1 T 1208980930.327000 
1 T 1208980930.361000 
1 T 1208980930.393000 
1 T 1208980930.427000 
1 T 1208980930.460000 
2 T 1208980930.493000 mm 401 823
2 T 1208980930.525000 mm 350 824
2 T 1208980930.558000 mm 306 833
2 T 1208980930.591000 mm 265 860
2 T 1208980930.625000 mm 246 884
2 T 1208980930.658000 mm 236 925
2 T 1208980930.691000 mm 235 950
2 T 1208980930.723000 mm 235 960
2 T 1208980930.757000 mm 226 987
2 T 1208980930.789000 mm 222 1016
2 T 1208980930.823000 mm 222 1018
2 T 1208980930.856000 mm 227 1016
2 T 1208980930.889000 mm 268 970
2 T 1208980930.922000 mm 292 945
2 T 1208980930.954000 mm 296 942
1 T 1208980930.988000 
2 T 1208980931.021000 mb 1 1 296 942
1 T 1208980931.053000 
1 T 1208980931.087000 
1 T 1208980931.119000 
1  mb 1 0 296 942
