1209554174 seed, 30 fps, 1920x1080, fullScreen=1, version88_mouseSpeed1.000000_musicOff0_musicLoudness0.000000_webRetrySeconds16 A02A45BA434E94DB1A201CC66DC4CA38BA55CCCB
2 T 1209554176.189000 mm 960 540
0  
0  
0  
0  
0  
0  
0  
0  
0  
0  
0  
0  
0  
0  
0  
0  
0  
0  
0  
0  
0  
0  
0  
0  
0  
0  
0  
0  
0  
0  
0  
0  
0  
0  
0  
0  
0  
0  
0  
0  
0  
0  
0  
0  
0  
0  
0  
0  
0  
0  
0  
0  
0  
0  
0  
0  
0  
0  
0  
0  
0  
0  
0  
2 T 1209554179.866000 T 1209554179.869000 
1 T 1209554179.899000 
1 T 1209554179.932000 
1 T 1209554179.966000 
1 T 1209554179.997000 
1 T 1209554180.030000 
1 T 1209554180.064000 
1 T 1209554180.097000 
1 T 1209554180.130000 
1 T 1209554180.163000 
1 T 1209554180.195000 
1 T 1209554180.229000 
1 T 1209554180.262000 
1 T 1209554180.295000 
1 T 1209554180.327000 
1 T 1209554180.361000 
1 T 1209554180.393000 
1 T 1209554180.427000 
1 T 1209554180.460000 
1 T 1209554180.492000 
1 T 1209554180.525000 
1 T 1209554180.558000 
1 T 1209554180.591000 
1 T 1209554180.625000 
1 T 1209554180.658000 
1 T 1209554180.690000 
1 T 1209554180.723000 
1 T 1209554180.756000 
1 T 1209554180.789000 
1 T 1209554180.823000 
1 T 1209554180.855000 
1 T 1209554180.888000 
1 T 1209554180.921000 
1 T 1209554180.954000 
1 T 1209554180.988000 
1 T 1209554181.021000 
0  
0  
0  
0  
0  
0  
0  
0  
0  
0  
0  
0  
0  
0  
0  
0  
0  
0  
0  
0  
0  
0  
0  
0  
0  
0  
0  
0  
0  
0  
0  
0  
0  
0  
0  
0  
0  
0  
0  
0  
0  
0  
0  
0  
0  
0  
0  
0  
0  
0  
0  
0  
0  
0  
0  
0  
0  
0  
0  
0  
0  
0  
0  
0  
0  
0  
0  
0  
0  
0  
0  
0  
0  
0  
0  
0  
0  
0  
0  
0  
0  
0  
0  
0  
0  
0  
0  
0  
0  
0  
0  
0  
0  
0  
0  
0  
0  
0  
0  
1 T 1209554184.322000 
0  
0  
0  
0  
0  
0  
0  
0  
0  
0  
0  
0  
0  
0  
0  
0  
0  
0  
0  
0  
0  
0  
0  
0  
0  
0  
0  
0  
0  
0  
0  
0  
0  
0  
0  
0  
0  
0  
0  
0  
0  
0  
0  
0  
0  
0  
0  
0  
0  
0  
0  
0  
0  
0  
0  
0  
1  mm 985 531
1  mm 1258 470
1  mm 1281 466
0  
1  mm 1348 454
1  mm 1592 424
1  mm 1735 427
1  mm 1756 428
0  
0  
1  mm 1730 462
1  mm 1648 526
1  mm 1574 564
1  mm 1556 574
0  
1  mm 1557 574
0  
1  mm 1556 574
1  mm 1555 574
0  
0  
0  
0  
0  
0  
0  
0  
0  
0  
0  
0  
0  
0  
0  
0  
0  
0  
0  
0  
0  
0  
0  
0  
1 T 1209554187.622000 
0  
0  
0  
0  
0  
0  
0  
0  
0  
0  
0  
0  
0  
0  
0  
0  
0  
0  
1  mm 1451 636
1  mm 1113 783
1  mm 777 835
1  mm 451 848
1  mm 193 884
1  mm 109 905
1  mm 92 913
0  
0  
1  mm 101 913
1  mm 119 920
1  mm 173 937
1  mm 248 939
1  mm 275 939
1  mm 282 937
0  
1  mm 292 946
1  mm 338 968
1  mm 371 969
1  mm 377 969
1  mb 1 1 377 969
0  
0  
1  mb 1 0 377 969
