1208611032 seed, 30 fps, 1920x1080, fullScreen=1, version77_mouseSpeed1.000000_musicOff0_musicLoudness0.000000_webRetrySeconds16 AC3FA92D6A3A6045CC4C6D7FDB0D33AD259EF562
2 T 1208611032.573000 mm 1559 542
0  
0  
0  
0  
0  
0  
0  
0  
0  
0  
0  
0  
0  
0  
0  
0  
0  
0  
1  mm 1532 541
1  mm 1524 538
1  mm 1541 518
1  mm 1582 498
0  
0  
0  
0  
0  
0  
0  
0  
0  
0  
0  
0  
1  mm 1579 498
0  
0  
0  
0  
0  
0  
0  
1  mm 1573 498
1  mm 1568 498
1  mm 1562 498
1  mm 1560 499
1  mm 1559 499
0  
0  
0  
0  
0  
0  
0  
0  
0  
0  
0  
1  mm 1557 499
0  
0  
1  mm 1507 498
1  mm 1187 554
3 T 1208611036.090000 T 1208611036.092000 mm 1032 615
1 T 1208611036.123000 
1 T 1208611036.155000 
1 T 1208611036.189000 
1 T 1208611036.223000 
1 T 1208611036.255000 
2 T 1208611036.289000 mm 1031 615
1 T 1208611036.321000 
1 T 1208611036.354000 
1 T 1208611036.388000 
2 T 1208611036.421000 mm 1042 616
2 T 1208611036.454000 mm 1109 624
2 T 1208611036.488000 mm 1185 626
2 T 1208611036.521000 mm 1244 638
2 T 1208611036.552000 mm 1248 641
1 T 1208611036.585000 
2 T 1208611036.619000 mm 1246 643
2 T 1208611036.652000 mm 1195 669
2 T 1208611036.685000 mm 1098 707
2 T 1208611036.718000 mm 978 742
2 T 1208611036.751000 mm 767 796
2 T 1208611036.784000 mm 660 837
2 T 1208611036.817000 mm 597 881
2 T 1208611036.850000 mm 566 911
2 T 1208611036.882000 mm 532 933
2 T 1208611036.915000 mm 486 949
2 T 1208611036.949000 mm 438 956
2 T 1208611036.983000 mm 413 961
2 T 1208611037.016000 mm 382 963
2 T 1208611037.049000 mm 366 966
1 T 1208611037.081000 
1 T 1208611037.114000 
1 T 1208611037.147000 
1 T 1208611037.181000 
1 T 1208611037.213000 
1 T 1208611037.246000 
0  
0  
0  
0  
1  mb 1 1 366 966
0  
0  
0  
0  
0  
0  
0  
0  
0  
0  
0  
0  
0  
0  
0  
0  
0  
0  
0  
0  
0  
0  
0  
0  
0  
0  
0  
0  
0  
0  
0  
0  
0  
0  
0  
0  
0  
0  
0  
0  
1  mb 1 0 366 966
