1209963817 seed, 30 fps, 1920x1080, fullScreen=1, version92_mouseSpeed1.000000_musicOff0_musicLoudness0.000000_webRetrySeconds16 C9D74419A2535F84DF34E60D70CCF355B4A3FD5B
2 T 1209963818.237000 mm 1169 531
0  
1  mm 1173 515
0  
0  
0  
0  
1  mm 1175 514
1  mm 1203 510
1  mm 1239 505
1  mm 1276 502
1  mm 1323 501
1  mm 1429 501
1  mm 1514 501
1  mm 1536 501
1  mm 1547 495
1  mm 1547 491
0  
0  
0  
0  
0  
0  
1  mm 1545 490
1  mm 1541 490
1  mm 1537 487
1  mm 1530 485
1  mm 1527 485
1  mm 1525 485
1  mm 1520 484
1  mm 1510 484
1  mm 1505 486
1  mm 1502 491
0  
0  
1  mm 1587 502
0  
0  
0  
0  
0  
0  
0  
0  
0  
0  
0  
0  
0  
0  
0  
0  
0  
0  
0  
1  mm 1587 499
1  mm 1587 492
1  mm 1587 491
0  
0  
1  mm 1584 491
0  
0  
0  
0  
3 T 1209963822.322000 T 1209963822.325000 mm 1564 491
2 T 1209963822.354000 mm 1549 492
2 T 1209963822.386000 mm 1539 493
2 T 1209963822.420000 mm 1536 494
2 T 1209963822.453000 mm 1531 494
2 T 1209963822.486000 mm 1527 494
2 T 1209963822.519000 mm 1526 495
1 T 1209963822.552000 
1 T 1209963822.585000 
2 T 1209963822.618000 mm 1523 497
2 T 1209963822.650000 mm 1496 501
2 T 1209963822.685000 mm 1463 507
2 T 1209963822.717000 mm 1455 509
1 T 1209963822.750000 
1 T 1209963822.783000 
1 T 1209963822.816000 
2 T 1209963822.849000 mm 1457 509
2 T 1209963822.882000 mm 1461 509
2 T 1209963822.915000 mm 1466 511
2 T 1209963822.947000 mm 1467 512
2 T 1209963822.980000 mm 1477 520
2 T 1209963823.014000 mm 1491 531
2 T 1209963823.047000 mm 1507 538
2 T 1209963823.080000 mm 1511 542
2 T 1209963823.114000 mb 1 1 1512 543
1 T 1209963823.146000 
1 T 1209963823.179000 
2 T 1209963823.212000 mb 1 0 1512 543
1 T 1209963823.244000 
1 T 1209963823.277000 
1 T 1209963823.311000 
1 T 1209963823.343000 
1 T 1209963823.376000 
1 T 1209963823.409000 
1 T 1209963823.443000 
1  mb 1 1 1512 543
0  
0  
2 T 1209963823.579000 mb 1 0 1512 543
0  
2 T 1209963823.640000 mb 1 1 1512 543
1 T 1209963823.674000 
1 T 1209963823.707000 
2 T 1209963823.739000 mb 1 0 1512 543
1 T 1209963823.773000 
1 T 1209963823.806000 
1 T 1209963823.839000 
1 T 1209963823.871000 
1 T 1209963823.905000 
1 T 1209963823.937000 
1 T 1209963823.971000 
1 T 1209963824.003000 
1 T 1209963824.037000 
1 T 1209963824.070000 
1 T 1209963824.102000 
2 T 1209963824.136000 mm 1506 543
2 T 1209963824.169000 mm 1495 541
1 T 1209963824.202000 
2 T 1209963824.234000 mm 1503 541
2 T 1209963824.267000 mm 1506 541
1 T 1209963824.300000 
1 T 1209963824.333000 
1 T 1209963824.367000 
1 T 1209963824.400000 
1 T 1209963824.432000 
1 T 1209963824.466000 
1 T 1209963824.498000 
1 T 1209963824.531000 
1 T 1209963824.565000 
4 T 1209963824.597000 xs 0 2 0 xs 0 0 0 T 1209963824.598000 
1 T 1209963824.630000 
1 T 1209963824.664000 
2 T 1209963824.696000 mm 1505 541
1 T 1209963824.730000 
1 T 1209963824.762000 
1 T 1209963824.796000 
1 T 1209963824.828000 
1 T 1209963824.862000 
1 T 1209963824.895000 
2 T 1209963824.927000 mm 1504 541
1 T 1209963824.961000 
2 T 1209963824.995000 mm 1503 541
2 T 1209963825.028000 mm 1497 541
2 T 1209963825.060000 mm 1488 541
2 T 1209963825.093000 mm 1470 541
2 T 1209963825.126000 mm 1453 540
2 T 1209963825.159000 mm 1438 540
2 T 1209963825.192000 mm 1424 540
2 T 1209963825.224000 mm 1403 540
2 T 1209963825.257000 mm 1384 540
2 T 1209963825.290000 mm 1381 542
1 T 1209963825.323000 
1 T 1209963825.356000 
1 T 1209963825.389000 
1 T 1209963825.423000 
1 T 1209963825.456000 
1 T 1209963825.488000 
2 T 1209963825.522000 mm 1363 542
2 T 1209963825.554000 mm 1308 551
2 T 1209963825.587000 mm 1234 557
2 T 1209963825.621000 mm 1071 579
2 T 1209963825.654000 mm 907 604
2 T 1209963825.687000 mm 849 614
2 T 1209963825.720000 mm 821 625
1  mm 791 638
1  mm 761 650
1  mm 720 661
1  mm 660 675
1  mm 626 688
1  mm 605 696
1  mm 587 704
1  mm 578 708
1  mm 571 711
1  mm 570 713
0  
0  
0  
0  
1  mm 567 714
1  mm 554 717
1  mm 549 718
0  
1  mm 548 719
1  mm 543 721
1  mm 535 722
1  mm 523 726
1  mm 521 727
0  
0  
0  
0  
1  mm 518 729
1  mm 512 732
1  mm 503 738
2 T 1209963826.743000 mm 492 748
1  mm 472 773
1  mm 457 803
1  mm 452 819
1  mm 453 831
1  mm 468 845
1  mm 516 877
1  mm 517 878
1  mm 522 881
1  mm 548 890
1  mm 631 912
1  mm 732 923
1  mm 798 923
0  
1  mm 759 923
1  mm 679 923
1  mm 547 918
1  mm 475 916
1  mm 469 916
1  mm 465 921
1  mm 458 929
1  mm 449 939
1  mm 433 951
1  mm 416 956
1  mm 408 959
1  mm 407 959
0  
0  
0  
0  
0  
0  
0  
0  
0  
0  
0  
0  
0  
0  
0  
0  
0  
0  
0  
0  
0  
0  
0  
0  
0  
0  
0  
0  
0  
0  
1  mb 1 1 407 959
0  
0  
0  
0  
1  mb 1 0 407 959
