1208079292 seed, 30 fps, 1920x1080, fullScreen=1, version73_mouseSpeed1.000000_musicOff0_musicLoudness1.000000_webRetrySeconds16 39F5D403D9734472EB90545B8404B1BC918AF16B
3 T 1208079293.680000 mm 1561 608 mm 1624 608
0  
1  mm 1609 590
1  mm 1606 586
1  mm 1602 583
1  mm 1592 571
1  mm 1579 558
1  mm 1568 539
1  mm 1566 535
1  mm 1562 529
1  mm 1558 521
1  mm 1553 513
1  mm 1549 507
1  mm 1542 499
0  
0  
0  
0  
0  
1  mm 1542 498
1  mm 1545 493
1  mm 1546 490
0  
0  
0  
0  
0  
0  
0  
0  
0  
0  
0  
0  
0  
1  mm 1541 489
1  mm 1542 488
0  
0  
0  
0  
0  
0  
0  
0  
0  
0  
0  
0  
0  
0  
0  
0  
0  
0  
0  
1  mm 1543 488
1  mm 1545 487
0  
0  
1  mm 1546 486
0  
0  
0  
2 T 1208079297.244000 T 1208079297.246000 
1 T 1208079297.276000 
1 T 1208079297.309000 
1 T 1208079297.342000 
1 T 1208079297.375000 
1 T 1208079297.408000 
1 T 1208079297.441000 
1 T 1208079297.474000 
1 T 1208079297.507000 
1 T 1208079297.541000 
1 T 1208079297.573000 
1 T 1208079297.606000 
2 T 1208079297.638000 mm 1547 485
2 T 1208079297.672000 mm 1545 484
1 T 1208079297.705000 
1 T 1208079297.739000 
2 T 1208079297.772000 mm 1541 483
2 T 1208079297.805000 mm 1536 483
2 T 1208079297.838000 mm 1525 483
2 T 1208079297.871000 mm 1517 491
2 T 1208079297.904000 mm 1517 501
2 T 1208079297.937000 mm 1516 508
2 T 1208079297.970000 mm 1516 520
2 T 1208079298.004000 mm 1516 522
1 T 1208079298.036000 
1 T 1208079298.069000 
1 T 1208079298.102000 
1 T 1208079298.135000 
1 T 1208079298.169000 
1 T 1208079298.201000 
2 T 1208079298.234000 mm 1513 529
2 T 1208079298.267000 mm 1513 536
2 T 1208079298.300000 mm 1513 541
1 T 1208079298.333000 
1 T 1208079298.366000 
1 T 1208079298.398000 
0  
0  
0  
0  
0  
0  
0  
0  
0  
0  
0  
0  
0  
0  
1  mm 1514 542
1  mm 1517 542
0  
0  
0  
0  
0  
0  
0  
1  mb 1 1 1517 542
0  
0  
0  
2 t 1208079299 mb 1 0 1517 542
1 wb 0 0 
1 wb 0 0 
1 wb 0 0 
1 wb 0 0 
1 wb 0 0 
1 wb 0 0 
1 wb 0 0 
1 wb 0 0 
1 wb 0 0 
1 wb 0 0 
1 wb 0 0 
1 wb 0 0 
1 wb 0 0 
1 wb 0 0 
1 wb 0 0 
1 wb 0 0 
4 wb 0 1 wb 0 2 87 server1.onehouronelife.com
8005
73
http://onehouronelife.com/updateServer/server.php
OK wb 0 2 87 server1.onehouronelife.com
8005
73
http://onehouronelife.com/updateServer/server.php
OK T 1208079299.885000 
0  
1 T 1208079299.950000 
1 T 1208079299.983000 
1 T 1208079300.015000 
1 T 1208079300.048000 
1 T 1208079300.081000 
1 T 1208079300.115000 
1 T 1208079300.147000 
1 T 1208079300.181000 
1 T 1208079300.213000 
1 T 1208079300.246000 
1 T 1208079300.280000 
1 T 1208079300.313000 
1 T 1208079300.346000 
1 T 1208079300.379000 
1 T 1208079300.412000 
1 T 1208079300.445000 
1 T 1208079300.478000 
1 T 1208079300.510000 
1 T 1208079300.544000 
1 T 1208079300.577000 
1 T 1208079300.609000 
1 T 1208079300.643000 
1 T 1208079300.675000 
1 T 1208079300.710000 
1 T 1208079300.741000 
1 T 1208079300.775000 
1 T 1208079300.807000 
1 T 1208079300.841000 
1 T 1208079300.873000 
4 T 1208079300.907000 xs 0 2 21 534E0A33382F34300A313237333534300A37330A23 xs 0 2 0 xs 0 0 169 
2 T 1208079300.940000 xs 0 2 0 
2 T 1208079300.972000 xs 0 2 0 
2 T 1208079301.006000 xs 0 2 0 
2 T 1208079301.038000 xs 0 2 0 
2 T 1208079301.072000 xs 0 2 0 
2 T 1208079301.105000 xs 0 2 0 
2 T 1208079301.137000 xs 0 2 0 
4 T 1208079301.171000 xs 0 2 10 52454A45435445440A23 xs 0 3 -1 T 1208079301.172000 
1 T 1208079301.204000 
1 T 1208079301.236000 
1 T 1208079301.270000 
1 T 1208079301.302000 
1 T 1208079301.336000 
1 T 1208079301.368000 
1 T 1208079301.401000 
1 T 1208079301.434000 
1 T 1208079301.468000 
1 T 1208079301.500000 
1 T 1208079301.534000 
1 T 1208079301.566000 
1 T 1208079301.599000 
1 T 1208079301.633000 
1 T 1208079301.666000 
1 T 1208079301.698000 
1 T 1208079301.731000 
1 T 1208079301.765000 
1 T 1208079301.797000 
1 T 1208079301.831000 
1 T 1208079301.863000 
1 T 1208079301.897000 
1 T 1208079301.930000 
2 T 1208079301.962000 mm 1415 506
2 T 1208079301.995000 mm 1311 462
2 T 1208079302.029000 mm 1227 430
3 T 1208079302.063000 mm 1181 421 mm 1171 419
2 T 1208079302.095000 mm 1135 412
2 T 1208079302.128000 mm 1123 410
1 T 1208079302.161000 
1 T 1208079302.193000 
1 T 1208079302.227000 
1 T 1208079302.260000 
1 T 1208079302.293000 
0  
0  
0  
0  
1  mm 1122 410
1  mm 1126 422
1  mm 1127 426
0  
0  
0  
0  
1  mm 1137 422
1  mm 1144 417
1  mm 1152 412
1  mm 1158 410
1  mm 1172 404
1  mm 1183 397
1  mm 1185 396
0  
0  
0  
1  mm 1189 395
1  mm 1191 394
1  mm 1195 392
1  mm 1197 390
1  mm 1198 388
1  mm 1200 386
1  mm 1204 381
1  mm 1207 376
1  mm 1210 372
1  mm 1213 368
1  mm 1217 363
1  mm 1219 358
1  mm 1219 354
1  mb 1 1 1219 354
0  
0  
0  
1  mb 1 0 1219 354
0  
0  
0  
0  
0  
0  
0  
0  
0  
0  
0  
0  
0  
0  
0  
0  
0  
0  
0  
0  
0  
0  
0  
0  
0  
0  
0  
0  
0  
0  
0  
0  
0  
0  
0  
0  
0  
0  
0  
0  
0  
0  
1 T 1208079304.999000 
0  
0  
0  
0  
0  
0  
0  
0  
0  
0  
0  
0  
0  
0  
0  
0  
0  
0  
0  
0  
0  
0  
0  
0  
0  
0  
0  
0  
0  
0  
0  
0  
0  
0  
0  
0  
0  
0  
0  
0  
0  
0  
0  
0  
0  
1  mm 1250 361
1  mm 1326 398
1  mm 1397 438
1  mm 1416 456
1  mm 1435 484
1  mm 1467 519
1  mm 1500 538
1  mm 1518 541
1  mm 1523 541
1  mm 1525 541
1  mm 1532 541
1  mm 1546 541
1  mm 1552 541
0  
1  mb 1 1 1552 541
0  
0  
0  
0  
2 t 1208079307 mb 1 0 1552 541
1 wb 1 0 
1 wb 1 0 
1 wb 1 0 
1 wb 1 0 
1 wb 1 0 
1 wb 1 0 
1 wb 1 0 
1 wb 1 0 
1 wb 1 0 
1 wb 1 0 
1 wb 1 0 
1 wb 1 0 
1 wb 1 0 
1 wb 1 0 
1 wb 1 0 
1 wb 1 0 
4 wb 1 1 wb 1 2 87 server1.onehouronelife.com
8005
73
http://onehouronelife.com/updateServer/server.php
OK wb 1 2 87 server1.onehouronelife.com
8005
73
http://onehouronelife.com/updateServer/server.php
OK T 1208079307.705000 
0  
1 T 1208079307.771000 
1 T 1208079307.804000 
1 T 1208079307.837000 
1 T 1208079307.870000 
1 T 1208079307.902000 
1 T 1208079307.936000 
1 T 1208079307.969000 
1 T 1208079308.001000 
1 T 1208079308.034000 
1 T 1208079308.068000 
1 T 1208079308.102000 
1 T 1208079308.133000 
1 T 1208079308.166000 
1 T 1208079308.200000 
1 T 1208079308.232000 
1 T 1208079308.265000 
1 T 1208079308.299000 
1 T 1208079308.331000 
1 T 1208079308.365000 
1 T 1208079308.398000 
1 T 1208079308.431000 
1 T 1208079308.463000 
1 T 1208079308.496000 
1 T 1208079308.531000 
1 T 1208079308.563000 
1 T 1208079308.596000 
1 T 1208079308.629000 
1 T 1208079308.662000 
1 T 1208079308.694000 
4 T 1208079308.727000 xs 1 2 21 534E0A33372F34300A313237333534340A37330A23 xs 1 2 0 xs 1 0 169 
2 T 1208079308.760000 xs 1 2 0 
2 T 1208079308.794000 xs 1 2 0 
2 T 1208079308.827000 xs 1 2 0 
2 T 1208079308.859000 xs 1 2 0 
2 T 1208079308.893000 xs 1 2 0 
2 T 1208079308.925000 xs 1 2 0 
2 T 1208079308.959000 xs 1 2 0 
2 T 1208079308.992000 xs 1 2 0 
4 T 1208079309.025000 xs 1 2 10 52454A45435445440A23 xs 1 3 -1 T 1208079309.026000 
1 T 1208079309.058000 
1 T 1208079309.090000 
1 T 1208079309.124000 
1 T 1208079309.157000 
1 T 1208079309.189000 
1 T 1208079309.223000 
1 T 1208079309.255000 
1 T 1208079309.288000 
1 T 1208079309.321000 
1 T 1208079309.355000 
1 T 1208079309.388000 
1 T 1208079309.420000 
1 T 1208079309.454000 
1 T 1208079309.486000 
1 T 1208079309.519000 
1 T 1208079309.553000 
1 T 1208079309.586000 
1 T 1208079309.618000 
1 T 1208079309.651000 
1 T 1208079309.686000 
1 T 1208079309.718000 
1 T 1208079309.751000 
1 T 1208079309.783000 
1 T 1208079309.817000 
1 T 1208079309.849000 
1 T 1208079309.883000 
1 T 1208079309.916000 
1 T 1208079309.949000 
1 T 1208079309.982000 
1 T 1208079310.015000 
1 T 1208079310.047000 
1 T 1208079310.081000 
1 T 1208079310.114000 
1 T 1208079310.147000 
0  
0  
0  
0  
0  
0  
0  
0  
0  
0  
0  
0  
0  
0  
0  
0  
0  
0  
1  mm 1498 545
1  mm 1296 551
1  mm 1012 519
1  mm 975 517
1  mb 1 1 975 517
0  
0  
0  
1  mb 1 0 975 517
0  
0  
0  
0  
0  
0  
0  
0  
1  mm 977 515
1  mm 1003 517
1  mm 1011 518
1  mm 1015 520
1  mm 1027 521
1  mm 1038 523
1  mm 1048 525
1  mm 1060 528
3 T 1208079311.599000 T 1208079311.600000 mm 1092 538
1  mm 1133 549
1  mm 1152 557
1  mm 1172 570
1  mm 1204 599
1  mm 1241 641
1  mm 1292 698
1  mm 1348 757
1  mm 1397 803
1  mm 1434 837
1  mm 1466 862
1  mm 1471 866
1  mm 1472 869
1  mm 1476 881
1  mm 1477 897
1  mm 1467 912
1  mm 1416 918
1  mm 1343 919
1  mm 1211 922
1  mm 1125 938
1  mm 1066 952
1  mm 1028 970
1  mm 1013 982
1  mm 1011 985
1  mm 1010 986
1  mm 1008 987
0  
1  mm 1007 988
0  
1  mm 1020 970
1  mm 1032 954
1  mm 1032 953
1  mm 987 949
1  mm 865 947
1  mm 719 947
1  mm 628 960
1  mm 502 1007
1  mm 382 1036
1  mm 324 1043
1  mm 311 1043
0  
1  mm 311 1040
1  mm 322 1021
1  mm 343 996
1  mm 362 978
1  mm 364 975
0  
0  
1  mb 1 1 364 975
0  
0  
1  mb 1 0 364 975
