1207954623 seed, 30 fps, 1920x1080, fullScreen=1, version73_mouseSpeed1.000000_musicOff0_musicLoudness1.000000_webRetrySeconds16 39F5D403D9734472EB90545B8404B1BC918AF16B
2 T 1207954624.703000 mm 960 540
0  
0  
0  
0  
0  
0  
0  
0  
0  
0  
0  
0  
0  
0  
0  
0  
0  
0  
0  
0  
0  
0  
0  
0  
0  
0  
0  
0  
0  
0  
0  
0  
0  
0  
0  
0  
0  
0  
0  
0  
0  
0  
0  
0  
0  
0  
0  
0  
0  
0  
0  
0  
0  
0  
0  
0  
0  
0  
0  
0  
0  
0  
0  
2 T 1207954628.205000 T 1207954628.207000 
1 T 1207954628.237000 
1 T 1207954628.271000 
1 T 1207954628.304000 
1 T 1207954628.337000 
1 T 1207954628.369000 
1 T 1207954628.404000 
1 T 1207954628.436000 
1 T 1207954628.469000 
1 T 1207954628.502000 
1 T 1207954628.535000 
1 T 1207954628.568000 
1 T 1207954628.600000 
1 T 1207954628.634000 
1 T 1207954628.667000 
1 T 1207954628.699000 
1 T 1207954628.733000 
1 T 1207954628.766000 
1 T 1207954628.800000 
1 T 1207954628.831000 
1 T 1207954628.865000 
1 T 1207954628.899000 
1 T 1207954628.930000 
1 T 1207954628.963000 
1 T 1207954628.997000 
1 T 1207954629.029000 
1 T 1207954629.062000 
1 T 1207954629.096000 
1 T 1207954629.129000 
1 T 1207954629.161000 
1 T 1207954629.195000 
1 T 1207954629.227000 
1 T 1207954629.261000 
1 T 1207954629.293000 
1 T 1207954629.326000 
1 T 1207954629.359000 
0  
0  
0  
0  
0  
0  
0  
0  
0  
0  
0  
0  
1  mm 1004 540
1  mm 1013 541
1  mm 1012 541
0  
1  mm 1021 541
1  mm 1099 541
1  mm 1168 547
1  mm 1202 551
1  mm 1246 551
1  mm 1304 551
1  mm 1404 551
1  mm 1478 551
1  mm 1501 551
1  mm 1503 551
0  
0  
0  
0  
0  
0  
0  
0  
0  
0  
0  
0  
1  mb 1 1 1503 551
0  
0  
0  
0  
2 T 1207954630.816000 mb 1 0 1503 551
0  
0  
0  
0  
0  
0  
0  
0  
0  
0  
0  
2  mb 1 1 1015 295 mb 1 0 1015 295
11  mb 1 1 943 114 mb 1 0 948 112 mb 1 1 1375 375 mb 1 0 1457 433 mb 1 1 1298 617 mb 1 0 1267 629 mb 1 1 1026 631 mb 1 0 681 552 mb 1 1 615 490 mb 1 0 620 477 mm 629 469
8  mb 1 1 818 381 mb 1 0 924 413 mb 1 1 936 413 mb 1 0 936 413 mb 1 1 936 413 mb 1 0 936 413 kd 27 936 413 ku 27 936 413
1  mm 939 414
1  mm 939 415
0  
0  
1  mm 952 401
0  
1  sd 113 952 401
1  kd 37 952 401
