1211195010 seed, 30 fps, 1920x1080, fullScreen=1, version98_mouseSpeed1.000000_musicOff0_musicLoudness0.000000_webRetrySeconds16 3A84615318F8E00D32AFC8D06EBEF000378BAC5B
2 T 1211195014.132000 mm 960 540
0  
0  
0  
0  
0  
0  
0  
0  
0  
0  
0  
0  
0  
0  
0  
0  
0  
0  
0  
0  
0  
0  
0  
0  
0  
0  
0  
0  
0  
0  
0  
0  
0  
0  
0  
0  
0  
0  
0  
0  
0  
0  
0  
0  
0  
0  
0  
0  
0  
0  
0  
0  
0  
0  
0  
0  
0  
0  
0  
0  
0  
0  
0  
0  
2 T 1211195018.197000 T 1211195018.200000 
1 T 1211195018.229000 
1 T 1211195018.262000 
1 T 1211195018.295000 
1 T 1211195018.328000 
1 T 1211195018.361000 
1 T 1211195018.394000 
1 T 1211195018.427000 
1 T 1211195018.459000 
1 T 1211195018.494000 
1 T 1211195018.527000 
1 T 1211195018.559000 
1 T 1211195018.593000 
1 T 1211195018.625000 
1 T 1211195018.658000 
1 T 1211195018.691000 
1 T 1211195018.724000 
1 T 1211195018.757000 
1 T 1211195018.790000 
1 T 1211195018.823000 
1 T 1211195018.857000 
1 T 1211195018.889000 
1 T 1211195018.922000 
1 T 1211195018.956000 
1 T 1211195018.988000 
1 T 1211195019.021000 
1 T 1211195019.055000 
1 T 1211195019.087000 
1 T 1211195019.121000 
1 T 1211195019.152000 
1 T 1211195019.186000 
1 T 1211195019.219000 
1 T 1211195019.253000 
1 T 1211195019.284000 
3 T 1211195019.318000 R R 
0  
0  
0  
0  
0  
0  
0  
0  
0  
0  
0  
0  
0  
0  
0  
0  
0  
0  
0  
0  
0  
0  
0  
0  
0  
0  
0  
0  
0  
0  
0  
0  
0  
0  
0  
0  
0  
0  
0  
0  
0  
0  
0  
0  
0  
0  
0  
0  
0  
0  
0  
0  
0  
0  
0  
0  
0  
0  
0  
0  
0  
0  
0  
0  
0  
0  
0  
0  
0  
0  
0  
0  
0  
0  
0  
0  
0  
0  
0  
0  
0  
0  
0  
0  
0  
0  
0  
0  
0  
0  
0  
0  
0  
0  
0  
0  
0  
0  
0  
2 T 1211195022.619000 R 
0  
0  
0  
0  
0  
0  
0  
0  
0  
0  
0  
0  
0  
0  
0  
0  
0  
0  
0  
0  
0  
0  
0  
0  
0  
0  
0  
0  
0  
0  
0  
0  
0  
0  
0  
0  
0  
0  
0  
0  
0  
0  
0  
0  
0  
0  
0  
0  
0  
0  
0  
0  
0  
0  
0  
0  
0  
0  
0  
0  
0  
0  
0  
0  
0  
0  
0  
0  
0  
0  
0  
0  
0  
0  
0  
0  
0  
0  
0  
0  
0  
0  
0  
0  
0  
0  
0  
0  
0  
0  
0  
1  mm 1011 529
1  mm 1079 526
1  mm 1285 526
1  mm 1467 531
0  
0  
0  
0  
2 T 1211195025.921000 R 
0  
0  
0  
0  
0  
1  mm 1473 534
1  mm 1490 540
1  mm 1491 541
1  mm 1441 552
1  mm 1177 623
1  mm 763 736
1  mm 501 857
1  mm 270 1017
1  mm 255 1028
1  mm 253 1029
1  mm 246 1039
1  mm 246 1042
1  mm 265 1041
1  mm 275 1038
1  mm 294 1027
1  mm 327 1008
1  mm 334 1003
0  
0  
1  mm 348 983
1  mm 356 973
1  mm 361 967
0  
0  
0  
0  
0  
0  
0  
0  
0  
0  
0  
0  
1  mb 1 1 361 967
0  
0  
0  
0  
1  mb 1 0 361 967
