1209408507 seed, 30 fps, 1920x1080, fullScreen=1, version87_mouseSpeed1.000000_musicOff0_musicLoudness0.000000_webRetrySeconds16 28FEA286B100CAA55E12954D240B5D248065381B
2 T 1209408508.058000 mm 1060 345
0  
0  
0  
0  
0  
0  
0  
0  
0  
0  
0  
0  
0  
0  
0  
0  
0  
0  
0  
0  
0  
0  
0  
0  
0  
0  
0  
0  
0  
0  
0  
0  
0  
0  
0  
0  
0  
0  
0  
0  
0  
0  
0  
0  
0  
0  
0  
0  
0  
0  
0  
0  
0  
0  
0  
0  
0  
0  
0  
0  
0  
0  
0  
2 T 1209408511.792000 T 1209408511.795000 
1 T 1209408511.824000 
1 T 1209408511.857000 
1 T 1209408511.892000 
1 T 1209408511.924000 
1 T 1209408511.957000 
1 T 1209408511.990000 
1 T 1209408512.023000 
1 T 1209408512.056000 
1 T 1209408512.089000 
1 T 1209408512.122000 
1 T 1209408512.155000 
1 T 1209408512.188000 
1 T 1209408512.221000 
1 T 1209408512.254000 
1 T 1209408512.287000 
1 T 1209408512.320000 
1 T 1209408512.353000 
1 T 1209408512.386000 
1 T 1209408512.419000 
1 T 1209408512.452000 
1 T 1209408512.485000 
1 T 1209408512.519000 
1 T 1209408512.551000 
2 T 1209408512.585000 mm 1060 356
2 T 1209408512.618000 mm 1061 434
2 T 1209408512.651000 mm 1077 462
2 T 1209408512.684000 mm 1163 498
2 T 1209408512.717000 mm 1294 521
2 T 1209408512.751000 mm 1418 539
2 T 1209408512.784000 mm 1504 548
2 T 1209408512.817000 mm 1586 546
2 T 1209408512.849000 mm 1617 542
2 T 1209408512.882000 mm 1619 541
1 T 1209408512.915000 
1 T 1209408512.947000 
1  mm 1617 541
1  mm 1612 544
0  
0  
0  
0  
1  mb 1 1 1612 544
0  
2 t 1209408513 mb 1 0 1612 544
1 wb 0 0 
1 wb 0 0 
1 wb 0 0 
1 wb 0 0 
1 wb 0 0 
1 wb 0 0 
1 wb 0 0 
1 wb 0 0 
1 wb 0 0 
1 wb 0 0 
1 wb 0 0 
1 wb 0 0 
1 wb 0 0 
1 wb 0 0 
1 wb 0 0 
1 wb 0 0 
1 wb 0 0 
1 wb 0 0 
1 wb 0 0 
1 wb 0 0 
1 wb 0 0 
1 wb 0 0 
2 wb 0 0 t 1209408514 
1 wb 0 0 
1 wb 0 0 
1 wb 0 0 
1 wb 0 0 
1 wb 0 0 
1 wb 0 0 
1 wb 0 0 
1 wb 0 0 
1 wb 0 0 
1 wb 0 0 
1 wb 0 0 
1 wb 0 0 
1 wb 0 0 
1 wb 0 0 
1 wb 0 0 
1 wb 0 0 
1 wb 0 0 
1 wb 0 0 
1 wb 0 0 
1 wb 0 0 
1 wb 0 0 
1 wb 0 0 
1 wb 0 0 
1 wb 0 0 
1 wb 0 0 
1 wb 0 0 
1 wb 0 0 
1 wb 0 0 
1 wb 0 0 
1 wb 0 0 
2 wb 0 0 t 1209408515 
1 wb 0 0 
1 wb 0 0 
1 wb 0 0 
1 wb 0 0 
1 wb 0 0 
1 wb 0 0 
1 wb 0 0 
1 wb 0 0 
1 wb 0 0 
1 wb 0 0 
1 wb 0 0 
1 wb 0 0 
1 wb 0 0 
1 wb 0 0 
1 wb 0 0 
1 wb 0 0 
1 wb 0 0 
1 wb 0 0 
1 wb 0 0 
1 wb 0 0 
1 wb 0 0 
1 wb 0 0 
1 wb 0 0 
1 wb 0 0 
1 wb 0 0 
1 wb 0 0 
1 wb 0 0 
1 wb 0 0 
1 wb 0 0 
2 wb 0 0 t 1209408516 
1 wb 0 0 
1 wb 0 0 
1 wb 0 0 
1 wb 0 0 
1 wb 0 0 
1 wb 0 0 
2 T 1209408516.249000 wb 0 0 
1 wb 0 0 
1 wb 0 0 
1 wb 0 0 
1 wb 0 0 
1 wb 0 0 
1 wb 0 0 
1 wb 0 0 
1 wb 0 0 
1 wb 0 0 
1 wb 0 0 
1 wb 0 0 
1 wb 0 0 
1 wb 0 0 
1 wb 0 0 
1 wb 0 0 
1 wb 0 0 
1 wb 0 0 
1 wb 0 0 
1 wb 0 0 
1 wb 0 0 
1 wb 0 0 
1 wb 0 0 
2 wb 0 0 t 1209408517 
1 wb 0 0 
1 wb 0 0 
1 wb 0 0 
1 wb 0 0 
1 wb 0 0 
1 wb 0 0 
1 wb 0 0 
1 wb 0 0 
1 wb 0 0 
1 wb 0 0 
1 wb 0 0 
1 wb 0 0 
1 wb 0 0 
1 wb 0 0 
1 wb 0 0 
1 wb 0 0 
1 wb 0 0 
1 wb 0 0 
1 wb 0 0 
1 wb 0 0 
1 wb 0 0 
1 wb 0 0 
1 wb 0 0 
2 wb 0 0 mm 1610 544
1 wb 0 0 
1 wb 0 0 
1 wb 0 0 
1 wb 0 0 
1 wb 0 0 
1 wb 0 0 
2 wb 0 0 t 1209408518 
1 wb 0 0 
1 wb 0 0 
1 wb 0 0 
1 wb 0 0 
1 wb 0 0 
2 wb 0 0 mm 1606 548
2 wb 0 0 mm 1600 549
2 wb 0 0 mm 1598 550
1 wb 0 0 
1 wb 0 0 
2 wb 0 0 mm 1595 552
1 wb 0 0 
1 wb 0 0 
1 wb 0 0 
1 wb 0 0 
1 wb 0 0 
2 wb 0 0 mm 1594 552
1 wb 0 0 
1 wb 0 0 
1 wb 0 0 
1 wb 0 0 
1 wb 0 0 
1 wb 0 0 
1 wb 0 0 
1 wb 0 0 
1 wb 0 0 
1 wb 0 0 
1 wb 0 0 
1 wb 0 0 
2 wb 0 0 t 1209408519 
1 wb 0 0 
1 wb 0 0 
1 wb 0 0 
1 wb 0 0 
1 wb 0 0 
1 wb 0 0 
1 wb 0 0 
1 wb 0 0 
1 wb 0 0 
1 wb 0 0 
1 wb 0 0 
1 wb 0 0 
1 wb 0 0 
1 wb 0 0 
1 wb 0 0 
2 T 1209408519.547000 wb 0 0 
1 wb 0 0 
1 wb 0 0 
1 wb 0 0 
1 wb 0 0 
1 wb 0 0 
1 wb 0 0 
1 wb 0 0 
1 wb 0 0 
1 wb 0 0 
1 wb 0 0 
1 wb 0 0 
1 wb 0 0 
1 wb 0 0 
2 wb 0 0 t 1209408520 
1 wb 0 0 
1 wb 0 0 
1 wb 0 0 
1 wb 0 0 
1 wb 0 0 
1 wb 0 0 
2 wb 0 0 mm 1532 562
2 wb 0 0 mm 1435 582
2 wb 0 0 mm 1402 585
2 wb 0 0 mm 1361 596
2 wb 0 0 mm 1287 615
2 wb 0 0 mm 1215 631
2 wb 0 0 mm 1180 633
2 wb 0 0 mm 1153 635
2 wb 0 0 mm 1140 635
2 wb 0 0 mm 1134 635
2 wb 0 0 mm 1120 634
2 wb 0 0 mm 1059 623
2 wb 0 0 mm 993 612
2 wb 0 0 mm 935 603
2 wb 0 0 mm 889 595
2 wb 0 0 mm 864 594
2 wb 0 0 mm 861 594
1 wb 0 0 
1 wb 0 0 
1 wb 0 0 
1 wb 0 0 
1 wb 0 0 
1 wb 0 0 
1 wb 0 0 
3 wb 0 0 t 1209408521 mb 1 1 861 594
1 wb 0 0 
1 wb 0 0 
1 wb 0 0 
2 wb 0 0 mb 1 0 861 594
1 wb 0 0 
1 wb 0 0 
1 wb 0 0 
1 wb 0 0 
1 wb 0 0 
1 wb 0 0 
1 wb 0 0 
1 wb 0 0 
1 wb 0 0 
1 wb 0 0 
1 wb 0 0 
1 wb 0 0 
1 wb 0 0 
1 wb 0 0 
1 wb 0 0 
1 wb 0 0 
1 wb 0 0 
1 wb 0 0 
1 wb 0 0 
1 wb 0 0 
1 wb 0 0 
1 wb 0 0 
1 wb 0 0 
1 wb 0 0 
1 wb 0 0 
2 wb 0 0 t 1209408522 
1 wb 0 0 
1 wb 0 0 
1 wb 0 0 
1 wb 0 0 
1 wb 0 0 
1 wb 0 0 
1 wb 0 0 
1 wb 0 0 
1 wb 0 0 
1 wb 0 0 
1 wb 0 0 
1 wb 0 0 
1 wb 0 0 
1 wb 0 0 
1 wb 0 0 
1 wb 0 0 
1 wb 0 0 
1 wb 0 0 
1 wb 0 0 
1 wb 0 0 
1 wb 0 0 
1 wb 0 0 
1 wb 0 0 
1 wb 0 0 
2 T 1209408522.847000 wb 0 0 
1 wb 0 0 
1 wb 0 0 
1 wb 0 0 
1 wb 0 0 
2 wb 0 0 t 1209408523 
1 wb 0 0 
1 wb 0 0 
1 wb 0 0 
1 wb 0 0 
1 wb 0 0 
1 wb 0 0 
1 wb 0 0 
1 wb 0 0 
1 wb 0 0 
1 wb 0 0 
1 wb 0 0 
1 wb 0 0 
1 wb 0 0 
1 wb 0 0 
1 wb 0 0 
1 wb 0 0 
1 wb 0 0 
1 wb 0 0 
1 wb 0 0 
1 wb 0 0 
1 wb 0 0 
1 wb 0 0 
1 wb 0 0 
1 wb 0 0 
1 wb 0 0 
1 wb 0 0 
1 wb 0 0 
1 wb 0 0 
2 wb 0 0 t 1209408524 
1 wb 0 0 
1 wb 0 0 
1 wb 0 0 
1 wb 0 0 
1 wb 0 0 
1 wb 0 0 
1 wb 0 0 
1 wb 0 0 
1 wb 0 0 
1 wb 0 0 
1 wb 0 0 
1 wb 0 0 
1 wb 0 0 
1 wb 0 0 
1 wb 0 0 
1 wb 0 0 
1 wb 0 0 
2 wb 0 0 mm 941 559
2 wb 0 0 mm 1017 533
2 wb 0 0 mm 1051 522
1 wb 0 0 
1 wb 0 0 
1 wb 0 0 
1 wb 0 0 
2 wb 0 0 mm 1052 527
2 wb 0 0 mm 1052 538
2 wb 0 0 mm 1052 541
1 wb 0 0 
2 wb 0 0 mm 1052 542
1 wb 0 0 
3 wb 0 0 t 1209408525 mb 1 1 1052 542
1 wb 0 0 
1 wb 0 0 
1 wb 0 0 
2 wb 0 0 mb 1 0 1052 542
1 wb 0 0 
1 wb 0 0 
1 wb 0 0 
1 wb 0 0 
1 wb 0 0 
1 wb 0 0 
1 wb 0 0 
1 wb 0 0 
1 wb 0 0 
1 wb 0 0 
1 wb 0 0 
1 wb 0 0 
1 wb 0 0 
1 wb 0 0 
1 wb 0 0 
1 wb 0 0 
1 wb 0 0 
1 wb 0 0 
1 wb 0 0 
1 wb 0 0 
1 wb 0 0 
1 wb 0 0 
1 wb 0 0 
1 wb 0 0 
1 wb 0 0 
2 wb 0 0 t 1209408526 
2 wb 0 0 kd 27 1052 542
1 wb 0 0 
1 wb 0 0 
1 wb 0 0 
2 T 1209408526.179000 wb 0 0 
2 wb 0 0 ku 27 1052 542
1 wb 0 0 
1 wb 0 0 
1 wb 0 0 
2 wb 0 0 sd 113 1052 542
1 wb 0 0 
1 wb 0 0 
1 wb 0 0 
1 wb 0 0 
1 wb 0 0 
1 wb 0 0 
1 wb 0 0 
1 wb 0 0 
1 wb 0 0 
1 wb 0 0 
1  kd 37 1052 542
