1210647788 seed, 30 fps, 1920x1080, fullScreen=1, version96_mouseSpeed1.000000_musicOff0_musicLoudness0.000000_webRetrySeconds16 D7B0694EEF5ECFC8B3CCDCAF722279C3F19F6647
2 T 1210647789.601000 mm 1048 746
0  
0  
0  
0  
0  
0  
0  
0  
0  
0  
0  
0  
0  
0  
0  
0  
0  
0  
0  
0  
0  
0  
0  
0  
0  
0  
0  
0  
1  mm 1077 734
1  mm 1098 719
1  mm 1118 713
1  mm 1121 713
0  
0  
1  mm 1119 713
0  
0  
0  
0  
0  
1  mm 1127 700
1  mm 1143 685
1  mm 1163 665
1  mm 1177 649
1  mm 1181 628
1  mm 1182 617
1  mm 1183 615
1  mm 1183 614
1  mm 1183 613
0  
1  mm 1181 612
1  mm 1173 611
1  mm 1170 611
1  mm 1169 611
0  
0  
0  
0  
0  
0  
0  
0  
0  
0  
2 T 1210647794.099000 T 1210647794.102000 
1 T 1210647794.133000 
1 T 1210647794.165000 
1 T 1210647794.198000 
1 T 1210647794.231000 
1 T 1210647794.264000 
1 T 1210647794.297000 
1 T 1210647794.330000 
1 T 1210647794.363000 
1 T 1210647794.395000 
1 T 1210647794.429000 
1 T 1210647794.462000 
1 T 1210647794.495000 
1 T 1210647794.528000 
1 T 1210647794.561000 
1 T 1210647794.594000 
1 T 1210647794.627000 
1 T 1210647794.660000 
2 T 1210647794.693000 mm 1170 577
2 T 1210647794.726000 mm 1172 552
2 T 1210647794.759000 mm 1172 547
1 T 1210647794.792000 
1 T 1210647794.825000 
1 T 1210647794.858000 
1 T 1210647794.890000 
2 T 1210647794.924000 mm 1172 546
1 T 1210647794.958000 
1 T 1210647794.990000 
2 T 1210647795.023000 mb 1 1 1172 546
1 T 1210647795.056000 
1 T 1210647795.089000 
1 T 1210647795.122000 
2 T 1210647795.155000 mb 1 0 1172 546
1 T 1210647795.188000 
1 T 1210647795.221000 
0  
0  
0  
0  
0  
0  
1  mm 1174 546
1  mm 1185 546
1  mm 1186 546
1  mm 1188 546
1  mm 1192 546
1  mm 1196 546
1  mm 1199 545
0  
0  
1  mm 1202 544
1  mm 1211 541
1  mm 1217 539
1  mm 1219 538
1  mm 1220 538
0  
1  mm 1222 538
1  mm 1225 537
0  
1  mm 1226 537
1  mm 1227 536
1  mm 1228 536
1  mm 1230 536
1  mm 1231 536
0  
0  
1  mb 1 1 1231 536
1  md 1235 537
1  md 1245 540
1  md 1249 541
1  md 1254 542
1  md 1258 542
1  md 1264 543
1  md 1270 543
1  md 1274 543
1  md 1275 543
0  
0  
0  
0  
1  mb 1 0 1275 543
0  
0  
0  
0  
0  
0  
0  
0  
0  
0  
0  
0  
0  
0  
0  
0  
0  
0  
0  
0  
0  
0  
0  
0  
0  
0  
0  
0  
0  
0  
0  
0  
0  
0  
0  
0  
0  
0  
0  
0  
0  
0  
0  
0  
0  
0  
0  
0  
0  
0  
0  
0  
1  kd 8 1275 543
1 T 1210647798.520000 
0  
0  
0  
0  
0  
0  
1  ku 8 1275 543
0  
0  
0  
0  
0  
0  
0  
0  
0  
0  
1  kd 107 1275 543
0  
0  
0  
0  
1  ku 107 1275 543
0  
0  
0  
0  
0  
0  
0  
0  
0  
0  
0  
0  
0  
0  
0  
0  
0  
0  
0  
0  
0  
0  
0  
0  
0  
0  
0  
0  
0  
0  
0  
0  
0  
0  
1  mm 1250 545
1  mm 1227 565
1  mm 1189 595
1  mm 1112 646
1  mm 1054 677
1  mm 945 721
1  mm 787 772
1  mm 658 817
1  mm 579 847
1  mm 509 878
1  mm 459 903
1  mm 431 917
1  mm 411 927
1  mm 399 934
1  mm 389 939
1  mm 377 947
1  mm 375 949
1  mm 374 950
0  
0  
1  mm 373 951
1  mm 369 959
1  mm 368 964
0  
1  mb 1 1 368 964
0  
0  
0  
0  
1  mb 1 0 368 964
