1207954081 seed, 30 fps, 1920x1080, fullScreen=1, version73_mouseSpeed1.000000_musicOff0_musicLoudness1.000000_webRetrySeconds16 39F5D403D9734472EB90545B8404B1BC918AF16B
2 T 1207954082.478000 mm 960 540
0  
0  
0  
0  
0  
0  
0  
0  
0  
0  
0  
0  
0  
0  
0  
0  
0  
0  
0  
0  
0  
0  
0  
0  
0  
0  
0  
0  
0  
0  
0  
0  
0  
0  
0  
0  
0  
0  
0  
0  
0  
0  
0  
0  
0  
0  
0  
0  
0  
0  
0  
0  
0  
0  
0  
0  
0  
0  
0  
0  
0  
0  
0  
2 T 1207954086.056000 T 1207954086.058000 
1 T 1207954086.089000 
1 T 1207954086.121000 
1 T 1207954086.154000 
1 T 1207954086.187000 
1 T 1207954086.220000 
1 T 1207954086.254000 
1 T 1207954086.286000 
1 T 1207954086.319000 
1 T 1207954086.353000 
1 T 1207954086.385000 
1 T 1207954086.418000 
1 T 1207954086.452000 
1 T 1207954086.484000 
1 T 1207954086.518000 
1 T 1207954086.550000 
1 T 1207954086.583000 
1 T 1207954086.617000 
1 T 1207954086.649000 
1 T 1207954086.683000 
1 T 1207954086.715000 
1 T 1207954086.749000 
1 T 1207954086.782000 
1 T 1207954086.814000 
1 T 1207954086.848000 
1 T 1207954086.880000 
1 T 1207954086.914000 
1 T 1207954086.946000 
1 T 1207954086.980000 
1 T 1207954087.012000 
1 T 1207954087.045000 
1 T 1207954087.078000 
1 T 1207954087.112000 
1 T 1207954087.144000 
1 T 1207954087.178000 
1 T 1207954087.210000 
0  
0  
0  
0  
0  
0  
0  
0  
0  
0  
0  
0  
0  
0  
0  
0  
0  
0  
0  
0  
0  
0  
0  
0  
0  
0  
0  
0  
0  
0  
0  
0  
0  
1  mm 985 542
1  mm 1094 556
1  mm 1340 570
1  mm 1642 572
1  mm 1842 572
1  mm 1888 575
0  
0  
0  
0  
1  mm 1858 567
1  mm 1776 561
1  mm 1671 550
1  mm 1620 543
1  mm 1609 543
1  mm 1606 543
1  mm 1600 543
1  mm 1598 543
0  
1  mm 1597 543
1  mm 1592 545
1  mm 1586 548
1  mm 1585 548
1  mm 1579 549
1  mm 1578 551
0  
0  
0  
1  mb 1 1 1578 551
0  
0  
0  
2 T 1207954089.393000 mb 1 0 1578 551
0  
1  mm 1131 625
0  
0  
0  
4  mb 1 1 1131 625 mb 1 0 1131 625 mb 1 1 968 434 mb 1 0 968 434
2  mb 1 1 869 597 mb 1 0 869 597
0  
0  
0  
0  
0  
0  
0  
0  
0  
0  
0  
0  
0  
0  
0  
0  
2  kd 27 869 597 ku 27 869 597
4  sd 117 869 597 sd 4 869 597 su 4 869 597 su 117 869 597
0  
0  
1  kd 27 869 597
0  
3  mb 1 1 1297 738 mb 1 0 1297 738 mm 1211 673
6  sd 113 1313 698 kd 37 1313 698 ku 53 1313 698 su 113 1313 698 mb 1 1 1313 698 mb 1 0 1313 698
2  kd 27 1313 698 ku 27 1313 698
2  sd 113 924 70 kd 37 924 70
