1207986687 seed, 60 fps, 1920x1080, fullScreen=1, version73_mouseSpeed1.000000_musicOff0_musicLoudness1.000000_webRetrySeconds16 39F5D403D9734472EB90545B8404B1BC918AF16B
3 T 1207986688.854000 mm 694 729 mm 727 727
1  mm 728 727
1  mm 728 728
0  
0  
0  
0  
0  
0  
0  
0  
0  
0  
0  
0  
0  
0  
0  
0  
0  
0  
1  mm 734 730
1  mm 742 730
1  mm 753 729
0  
0  
0  
0  
0  
0  
0  
0  
0  
0  
0  
0  
0  
1  mm 752 729
1  mm 749 729
0  
0  
0  
0  
0  
0  
0  
0  
0  
0  
0  
0  
0  
0  
0  
0  
0  
0  
0  
0  
0  
0  
0  
0  
1  mm 751 729
1  mm 754 729
1  mm 759 729
0  
0  
0  
0  
0  
0  
0  
0  
0  
0  
0  
0  
0  
0  
0  
0  
0  
0  
0  
0  
0  
0  
0  
0  
0  
0  
0  
0  
0  
0  
0  
0  
0  
1 T 1207986691.371000 
1  mm 762 729
1  mm 764 729
1  mm 766 729
1  mm 767 729
0  
1  mm 769 730
0  
0  
0  
0  
0  
0  
0  
0  
2 T 1207986692.358000 mm 765 730
2 T 1207986692.373000 mm 764 730
2 T 1207986692.390000 mm 762 733
1 T 1207986692.405000 
1 T 1207986692.421000 
2 T 1207986692.455000 mm 762 734
2 T 1207986692.488000 mm 765 734
1 T 1207986692.521000 
1 T 1207986692.554000 
1 T 1207986692.588000 
1 T 1207986692.621000 
1 T 1207986692.654000 
1 T 1207986692.687000 
2 T 1207986692.721000 mm 730 733
2 T 1207986692.755000 mm 672 736
2 T 1207986692.788000 mm 591 772
2 T 1207986692.821000 mm 519 824
2 T 1207986692.855000 mm 465 868
2 T 1207986692.888000 mm 436 899
2 T 1207986692.922000 mm 414 919
2 T 1207986692.954000 mm 405 927
1 T 1207986692.988000 
2 T 1207986693.021000 mm 404 913
2 T 1207986693.055000 mm 401 893
2 T 1207986693.088000 mm 396 876
2 T 1207986693.122000 mm 396 854
2 T 1207986693.155000 mm 404 819
2 T 1207986693.189000 mm 408 797
2 T 1207986693.222000 mm 407 793
2 T 1207986693.255000 mm 401 786
2 T 1207986693.288000 mm 395 771
2 T 1207986693.321000 mm 394 752
2 T 1207986693.355000 mm 394 735
2 T 1207986693.388000 mm 392 729
1 T 1207986693.421000 
2 T 1207986693.454000 mm 392 728
1 T 1207986693.488000 
1  mb 1 1 392 728
0  
0  
2 F 0.000000 mb 1 0 392 728
1 F 0.000000 
3 af 0 af 1 F 0.000000 
1 F 0.000000 
1 F 0.000000 
1 F 0.000000 
1 F 0.000000 
1 F 0.000000 
1 F 0.000000 
1 F 0.000000 
1 F 0.000000 
1 F 0.000000 
1 F 0.000000 
1 F 0.000000 
1 F 0.000000 
1 F 0.000000 
1 F 0.000000 
1 F 0.000000 
1 F 0.000000 
1 F 0.000000 
1 F 0.000000 
1 F 0.000000 
2 F 0.000000 mm 394 723
2 F 0.000000 mm 395 722
1 F 0.000000 
1 F 0.000000 
1 F 0.000000 
1 F 0.000000 
1 F 0.000000 
1 F 0.000000 
1 F 0.000000 
1 F 0.000000 
1 F 0.000000 
1 F 0.000000 
1 F 0.000000 
1 F 0.000000 
1 F 0.000000 
1 F 0.000000 
1 F 0.000000 
1 F 0.000000 
1 F 0.000000 
1 F 0.000000 
1 F 0.000000 
2 F 0.000000 mm 399 720
2 F 0.000000 mm 442 704
3 T 1207986695.120000 F 0.000000 mm 514 683
2 F 0.000000 mm 597 656
2 F 0.000000 mm 684 622
2 F 0.000000 mm 777 580
2 F 0.000000 mm 865 543
2 F 0.000000 mm 927 530
2 F 0.000000 mm 974 529
2 F 0.000000 mm 990 529
2 F 0.000000 mm 999 543
2 F 0.000000 mm 1003 587
2 F 0.000000 mm 1003 673
2 F 0.000000 mm 1003 746
2 F 0.000000 mm 1000 810
2 F 0.000000 mm 989 872
2 F 0.000000 mm 980 924
2 F 0.000000 mm 974 939
2 F 0.000000 mm 969 945
2 F 0.000000 mm 961 951
2 F 0.000000 mm 956 953
2 F 0.000000 mm 954 953
1 F 0.000000 
2 F 0.000000 mm 949 933
2 F 0.000000 mm 946 922
2 F 0.000000 mm 946 920
1 F 0.000000 
2 F 0.000000 mb 1 1 946 920
1 F 0.000000 
1 F 0.000000 
1 F 0.000000 
2 T 1207986696.087000 mb 1 0 946 920
1 T 1207986696.120000 
1 T 1207986696.153000 
1 T 1207986696.187000 
1 T 1207986696.220000 
1 T 1207986696.253000 
1 T 1207986696.287000 
1 T 1207986696.320000 
1 T 1207986696.353000 
1 T 1207986696.387000 
1 T 1207986696.420000 
1 T 1207986696.453000 
1 T 1207986696.486000 
2 T 1207986696.520000 mm 1001 833
2 T 1207986696.553000 mm 1144 673
2 T 1207986696.587000 mm 1340 497
2 T 1207986696.620000 mm 1410 458
2 T 1207986696.653000 mm 1420 457
2 T 1207986696.687000 mm 1425 456
1 T 1207986696.720000 
1 T 1207986696.753000 
1 T 1207986696.786000 
1 T 1207986696.820000 
1 T 1207986696.853000 
2 T 1207986696.886000 mm 1421 465
2 T 1207986696.920000 mm 1420 466
1 T 1207986696.953000 
2 T 1207986696.987000 mm 1420 472
2 T 1207986697.020000 mm 1424 489
2 T 1207986697.053000 mm 1432 501
2 T 1207986697.087000 mm 1436 503
2 T 1207986697.120000 mm 1442 504
2 T 1207986697.153000 mm 1455 504
2 T 1207986697.186000 mm 1478 507
2 T 1207986697.219000 mm 1498 514
1  mm 1498 515
0  
0  
1  mm 1450 500
1  mm 1309 473
1  mm 1066 409
1  mm 978 376
1  mm 971 369
1  mm 971 363
1  mm 971 360
1  mm 971 359
1  mm 971 356
1  mm 971 348
1  mm 971 347
0  
1  mb 1 1 971 347
0  
0  
0  
0  
0  
0  
0  
1  mb 1 0 971 347
0  
0  
1  mm 971 350
0  
0  
0  
0  
0  
0  
0  
0  
0  
2 T 1207986698.169000 mm 971 352
1  mm 971 357
1  mm 971 360
1  mm 971 363
1  mm 971 366
2  kd 118 971 368 mm 971 368
2  kd 99 973 370 mm 973 370
0  
1  mm 973 371
1  mm 975 379
1  mm 977 384
2  ku 99 978 392 mm 978 392
2  ku 118 983 405 mm 983 405
1  mm 986 419
1  mm 987 433
1  mm 987 449
1  mm 987 462
1  mm 987 469
1  mm 980 479
1  mm 976 485
1  mm 974 486
1  mm 971 489
1  mm 969 489
1  mm 964 492
1  mm 961 493
1  mm 958 495
1  mm 956 497
1  mm 950 503
1  mm 942 511
1  mm 940 515
1  mm 937 519
1  mm 932 523
3  kd 118 926 529 kd 99 926 529 mm 926 529
1  mm 922 533
1  mm 916 538
1  mm 914 540
1  mm 910 544
3  ku 99 907 546 ku 118 907 546 mm 907 546
1  mm 905 549
1  mm 904 549
1  kd 118 904 549
1  mm 901 550
1  mm 899 550
1  mm 897 552
1  ku 118 897 552
0  
0  
1  kd 118 897 552
1  kd 120 897 552
0  
0  
0  
0  
1  ku 120 897 552
0  
2  ku 118 897 552 mb 1 1 897 552
0  
0  
0  
0  
0  
1  mb 1 0 897 552
0  
0  
1  kd 99 897 552
2  kd 120 897 552 kd 118 897 552
0  
0  
1  mm 900 552
1  mm 917 556
4  ku 99 938 560 ku 120 938 560 ku 118 938 560 mm 938 560
1  mm 966 562
1  mm 989 566
4  kd 99 1012 568 kd 118 1012 568 kd 120 1012 568 mm 1012 568
1  mm 1024 570
1  mm 1035 570
1  mm 1046 570
1  mm 1052 570
3  ku 118 1062 571 ku 120 1062 571 mm 1062 571
2  ku 99 1066 571 mm 1066 571
1  mm 1067 571
2  kd 99 1067 571 kd 118 1067 571
0  
1  kd 120 1067 571
0  
2  ku 120 1069 571 mm 1069 571
1  mm 1074 571
2  ku 99 1075 571 mm 1075 571
2  kd 99 1076 571 mm 1076 571
1  kd 120 1076 571
0  
0  
1  ku 120 1076 571
2  ku 118 1076 571 ku 99 1076 571
0  
0  
3  kd 118 1076 571 kd 99 1076 571 kd 120 1076 571
0  
0  
0  
2 T 1207986699.834000 T 1207986699.835000 
1  ku 120 1076 571
3  ku 118 1074 579 ku 99 1074 579 mm 1074 579
1  mm 1063 591
4  kd 99 1055 601 kd 118 1055 601 kd 120 1055 601 mm 1055 601
1  mm 1050 607
1  mm 1046 610
1  mm 1044 612
1  mm 1040 619
4  ku 120 1040 620 ku 99 1040 620 ku 118 1040 620 mm 1040 620
0  
0  
3  kd 99 1040 620 kd 120 1040 620 kd 118 1040 620
0  
0  
1  mm 1041 622
1  mm 1047 622
2  ku 120 1059 619 mm 1059 619
3  ku 99 1072 617 ku 118 1072 617 mm 1072 617
1  mm 1082 616
1  mm 1090 614
4  kd 99 1099 613 kd 120 1099 613 kd 118 1099 613 mm 1099 613
1  mm 1106 610
1  mm 1112 609
1  mm 1123 605
4  ku 120 1143 602 ku 118 1143 602 ku 99 1143 602 mm 1143 602
1  mm 1160 599
1  mm 1173 597
4  kd 99 1188 595 kd 120 1188 595 kd 118 1188 595 mm 1188 595
1  mm 1204 592
1  mm 1224 591
1  mm 1244 589
2  ku 120 1265 587 mm 1265 587
3  ku 99 1283 587 ku 118 1283 587 mm 1283 587
1  mm 1302 584
1  mm 1317 583
1  mm 1326 582
1  mm 1334 582
1  mm 1341 582
1  mm 1346 582
1  mm 1351 582
1  mm 1357 580
1  mm 1365 580
1  mm 1374 579
1  mm 1383 578
1  mm 1388 577
1  mm 1394 576
1  mm 1399 576
1  mm 1406 576
1  mm 1408 575
1  mm 1411 574
1  mm 1416 573
1  mm 1420 571
1  mm 1427 566
1  mm 1437 561
1  mm 1444 558
1  mm 1454 555
1  mm 1471 547
1  mm 1483 543
1  mm 1496 539
1  mm 1509 536
1  mm 1518 533
1  mm 1530 530
1  mm 1534 530
1  mm 1535 530
1  mm 1537 529
0  
0  
0  
1  mb 1 1 1537 529
0  
0  
0  
0  
0  
0  
1  mb 1 0 1537 529
0  
0  
0  
1  mm 1532 529
1  mm 1518 529
1  mm 1501 528
1  mm 1471 521
1  mm 1423 503
1  mm 1370 484
1  mm 1279 450
1  mm 1233 433
1  mm 1202 424
1  mm 1184 417
1  mm 1171 410
1  mm 1158 401
1  mm 1146 392
1  mm 1133 384
1  mm 1113 372
1  mm 1095 364
1  mm 1074 360
1  mm 1058 357
1  mm 1034 353
1  mm 1029 352
1 T 1207986701.501000 
0  
0  
0  
0  
0  
1  mb 1 1 1029 352
0  
0  
0  
0  
1  mb 1 0 1029 352
0  
0  
0  
0  
0  
0  
0  
0  
1  mm 1028 367
1  mm 1028 389
2  mm 1031 412 mm 1034 424
1  mm 1043 445
1  mm 1051 463
1  mm 1055 475
1  mm 1056 492
1  mm 1058 506
1  mm 1060 516
1  mm 1060 528
1  mm 1060 540
1  mm 1060 548
1  mm 1060 557
1  mm 1060 562
1  mm 1060 568
1  mm 1057 582
1  mm 1044 598
1  mm 1022 615
1  mm 992 631
1  mm 958 641
1  mm 902 650
1  mm 833 659
1  mm 761 671
1  mm 704 684
1  mm 659 698
1  mm 619 709
1  mm 587 717
1  mm 551 726
1  mm 533 730
1  mm 518 731
1  mm 502 732
1  mm 485 734
1  mm 475 734
1  mm 470 734
0  
0  
0  
0  
0  
0  
0  
0  
0  
0  
0  
0  
0  
0  
0  
0  
0  
0  
0  
1  mm 468 734
0  
0  
0  
0  
0  
0  
0  
0  
0  
0  
0  
0  
0  
0  
1  mm 468 733
1  mm 469 732
0  
1  mm 471 731
1  mm 472 731
0  
0  
0  
0  
0  
0  
0  
1 T 1207986703.167000 
0  
0  
0  
0  
0  
0  
0  
0  
0  
1  mm 471 731
1  mm 450 731
0  
0  
0  
0  
0  
0  
0  
0  
0  
0  
0  
0  
0  
0  
0  
0  
0  
0  
0  
0  
0  
0  
0  
0  
0  
0  
0  
0  
0  
0  
0  
0  
0  
0  
0  
0  
0  
0  
0  
0  
0  
0  
0  
0  
0  
0  
0  
0  
0  
0  
0  
0  
0  
0  
0  
0  
0  
0  
0  
0  
0  
0  
0  
0  
0  
0  
0  
0  
0  
0  
0  
0  
0  
0  
0  
0  
0  
0  
0  
0  
0  
0  
0  
0  
0  
0  
0  
0  
1 T 1207986704.833000 
0  
0  
0  
0  
0  
0  
0  
0  
0  
0  
0  
0  
0  
0  
0  
0  
0  
0  
0  
0  
0  
0  
0  
0  
0  
0  
0  
0  
0  
0  
0  
0  
0  
0  
0  
0  
0  
0  
0  
0  
0  
0  
0  
0  
0  
0  
0  
0  
0  
0  
0  
0  
0  
0  
0  
0  
0  
0  
0  
0  
0  
0  
0  
0  
0  
0  
0  
0  
0  
0  
0  
0  
0  
0  
0  
0  
0  
0  
0  
0  
0  
0  
0  
0  
0  
0  
0  
0  
0  
0  
0  
0  
0  
0  
0  
0  
0  
0  
0  
1 T 1207986706.499000 
0  
0  
0  
0  
0  
0  
0  
0  
0  
0  
0  
0  
0  
0  
0  
0  
0  
0  
0  
0  
0  
0  
0  
0  
0  
0  
0  
0  
0  
0  
0  
0  
0  
0  
0  
0  
0  
0  
0  
0  
0  
0  
0  
0  
0  
0  
0  
0  
0  
0  
0  
0  
0  
0  
0  
0  
0  
0  
0  
0  
0  
0  
0  
0  
0  
0  
0  
0  
0  
0  
0  
0  
0  
0  
0  
0  
0  
0  
0  
0  
0  
0  
0  
0  
0  
0  
0  
0  
0  
0  
0  
0  
0  
1  mb 1 1 450 731
0  
0  
0  
0  
0  
1 T 1207986708.165000 
0  
0  
0  
0  
0  
2 F 0.000000 mb 1 0 450 731
1 F 0.000000 
1 F 0.000000 
1 F 0.000000 
1 F 0.000000 
1 F 0.000000 
1 F 0.000000 
1 F 0.000000 
1 F 0.000000 
1 F 0.000000 
1 F 0.000000 
1 F 0.000000 
1 F 0.000000 
1 F 0.000000 
1 F 0.000000 
1 F 0.000000 
1 F 0.000000 
1 F 0.000000 
1 F 0.000000 
1 F 0.000000 
1 F 0.000000 
1 F 0.000000 
2 F 0.000000 mm 470 725
2 F 0.000000 mm 496 713
2 F 0.000000 mm 542 692
2 F 0.000000 mm 611 654
2 F 0.000000 mm 696 614
2 F 0.000000 mm 802 561
2 F 0.000000 mm 913 490
2 F 0.000000 mm 1010 412
2 F 0.000000 mm 1097 332
2 F 0.000000 mm 1131 289
2 F 0.000000 mm 1151 259
2 F 0.000000 mm 1160 232
2 F 0.000000 mm 1167 209
2 F 0.000000 mm 1170 194
2 F 0.000000 mm 1173 180
2 F 0.000000 mm 1173 168
2 F 0.000000 mm 1173 160
2 F 0.000000 mm 1172 155
2 F 0.000000 mm 1164 147
2 F 0.000000 mm 1162 144
2 F 0.000000 mm 1160 142
1 F 0.000000 
1 F 0.000000 
1 F 0.000000 
1 F 0.000000 
1 F 0.000000 
1 F 0.000000 
2 F 0.000000 mm 1155 149
2 F 0.000000 mm 1148 159
2 F 0.000000 mm 1145 167
2 F 0.000000 mm 1144 170
1 F 0.000000 
1 F 0.000000 
1 F 0.000000 
1 F 0.000000 
1 F 0.000000 
1 F 0.000000 
1 F 0.000000 
1 F 0.000000 
1 F 0.000000 
1 F 0.000000 
1 F 0.000000 
1 F 0.000000 
1 F 0.000000 
1 F 0.000000 
1 F 0.000000 
1 F 0.000000 
1 F 0.000000 
1 F 0.000000 
1 F 0.000000 
1 F 0.000000 
1 F 0.000000 
1 F 0.000000 
1 F 0.000000 
1 F 0.000000 
1 F 0.000000 
1 F 0.000000 
1 F 0.000000 
1 F 0.000000 
1 F 0.000000 
1 F 0.000000 
1 F 0.000000 
1 F 0.000000 
1 F 0.000000 
1 F 0.000000 
1 F 0.000000 
1 F 0.000000 
1 F 0.000000 
1 F 0.000000 
1 F 0.000000 
1 F 0.000000 
1 F 0.000000 
2 T 1207986709.831000 F 0.000000 
1 F 0.000000 
1 F 0.000000 
1 F 0.000000 
1 F 0.000000 
1 F 0.000000 
1 F 0.000000 
1 F 0.000000 
1 F 0.000000 
1 F 0.000000 
1 F 0.000000 
1 F 0.000000 
1 F 0.000000 
1 F 0.000000 
1 F 0.000000 
1 F 0.000000 
1 F 0.000000 
1 F 0.000000 
1 F 0.000000 
1 F 0.000000 
1 F 0.000000 
1 F 0.000000 
1 F 0.000000 
1 F 0.000000 
2 F 0.000000 mm 1144 193
2 F 0.000000 mm 1147 227
2 F 0.000000 mm 1159 281
2 F 0.000000 mm 1173 347
2 F 0.000000 mm 1186 429
2 F 0.000000 mm 1204 503
2 F 0.000000 mm 1227 581
2 F 0.000000 mm 1247 646
2 F 0.000000 mm 1266 721
2 F 0.000000 mm 1270 758
2 F 0.000000 mm 1273 785
2 F 0.000000 mm 1269 807
2 F 0.000000 mm 1254 829
2 F 0.000000 mm 1232 846
2 F 0.000000 mm 1209 860
2 F 0.000000 mm 1189 871
2 F 0.000000 mm 1171 884
2 F 0.000000 mm 1151 897
2 F 0.000000 mm 1139 907
2 F 0.000000 mm 1128 912
2 F 0.000000 mm 1102 918
2 F 0.000000 mm 1080 919
2 F 0.000000 mm 1059 919
2 F 0.000000 mm 1035 919
2 F 0.000000 mm 1020 917
2 F 0.000000 mm 1010 915
2 F 0.000000 mm 1006 915
2 F 0.000000 mm 1002 915
2 F 0.000000 mm 1000 915
2 F 0.000000 mm 994 915
2 F 0.000000 mm 990 915
2 F 0.000000 mm 988 915
2 F 0.000000 mm 987 915
2 F 0.000000 mm 986 915
1 F 0.000000 
1 F 0.000000 
1 F 0.000000 
1 F 0.000000 
1 F 0.000000 
2 F 0.000000 mb 1 1 986 915
1 F 0.000000 
1 F 0.000000 
1 F 0.000000 
1 F 0.000000 
1 F 0.000000 
1 F 0.000000 
1 F 0.000000 
1 F 0.000000 
1 F 0.000000 
1 F 0.000000 
1 F 0.000000 
1 F 0.000000 
3 T 1207986711.098000 T 1207986711.100000 mb 1 0 986 915
1 T 1207986711.114000 
1 T 1207986711.132000 
1 T 1207986711.147000 
1 T 1207986711.164000 
1 T 1207986711.181000 
1 T 1207986711.198000 
1 T 1207986711.214000 
1 T 1207986711.231000 
1 T 1207986711.248000 
1 T 1207986711.264000 
1 T 1207986711.281000 
1 T 1207986711.298000 
1 T 1207986711.315000 
1 T 1207986711.331000 
1 T 1207986711.348000 
1 T 1207986711.365000 
1 T 1207986711.381000 
1 T 1207986711.398000 
1 T 1207986711.414000 
1 T 1207986711.431000 
1 T 1207986711.448000 
1 T 1207986711.464000 
1 T 1207986711.481000 
2 T 1207986711.497000 T 1207986711.498000 
1 T 1207986711.515000 
1 T 1207986711.532000 
1 T 1207986711.548000 
1 T 1207986711.565000 
1 T 1207986711.582000 
1 T 1207986711.598000 
1 T 1207986711.615000 
1 T 1207986711.631000 
1 T 1207986711.648000 
1 T 1207986711.664000 
1 T 1207986711.681000 
1 T 1207986711.698000 
1 T 1207986711.714000 
1 T 1207986711.731000 
1 T 1207986711.748000 
1 T 1207986711.764000 
1 T 1207986711.781000 
1 T 1207986711.798000 
1 T 1207986711.814000 
1 T 1207986711.831000 
1 T 1207986711.847000 
1 T 1207986711.864000 
1 T 1207986711.881000 
1 T 1207986711.897000 
1 T 1207986711.914000 
1 T 1207986711.931000 
1 T 1207986711.948000 
1 T 1207986711.964000 
1 T 1207986711.981000 
1 T 1207986711.998000 
1 T 1207986712.015000 
1 T 1207986712.031000 
1 T 1207986712.048000 
1 T 1207986712.064000 
1 T 1207986712.081000 
1 T 1207986712.098000 
1 T 1207986712.114000 
1 T 1207986712.131000 
1 T 1207986712.148000 
1 T 1207986712.164000 
1 T 1207986712.181000 
1 T 1207986712.198000 
1 T 1207986712.214000 
0  
0  
0  
0  
0  
0  
0  
0  
0  
0  
0  
0  
0  
0  
0  
0  
0  
0  
0  
0  
0  
0  
0  
0  
0  
0  
0  
0  
0  
0  
0  
0  
0  
0  
0  
0  
0  
0  
0  
0  
0  
0  
0  
0  
0  
0  
0  
0  
0  
0  
0  
0  
0  
0  
0  
0  
1 T 1207986713.163000 
0  
0  
0  
0  
0  
0  
0  
0  
0  
0  
0  
0  
0  
0  
0  
0  
0  
0  
0  
0  
0  
0  
0  
0  
0  
0  
0  
0  
0  
0  
0  
0  
0  
0  
0  
0  
0  
0  
0  
0  
0  
0  
0  
0  
0  
0  
0  
0  
0  
0  
0  
0  
0  
0  
0  
0  
0  
0  
0  
0  
0  
0  
0  
0  
0  
0  
0  
0  
0  
0  
0  
0  
0  
0  
0  
0  
1  mm 985 913
1  mm 985 911
1  mm 985 908
1  mm 984 905
1  mm 983 902
1  mm 982 897
1  mm 982 894
1  mm 982 892
1  mm 982 889
1  mm 983 885
1  mm 984 884
1  mm 985 883
1  mm 987 880
1  mm 988 879
0  
0  
0  
1  mm 992 877
1  mm 996 876
0  
0  
0  
0  
1 T 1207986714.829000 
0  
0  
0  
0  
0  
0  
0  
0  
0  
0  
0  
0  
0  
1  mm 995 875
0  
0  
0  
0  
0  
0  
0  
0  
0  
0  
0  
0  
0  
0  
0  
0  
0  
0  
0  
0  
0  
0  
0  
0  
0  
0  
0  
0  
0  
0  
0  
0  
0  
0  
0  
0  
0  
0  
0  
0  
0  
0  
0  
0  
0  
0  
0  
0  
0  
0  
0  
0  
0  
0  
0  
0  
0  
0  
0  
0  
0  
0  
0  
0  
0  
0  
0  
0  
0  
0  
0  
0  
0  
0  
0  
0  
0  
0  
0  
0  
0  
0  
0  
0  
0  
1 T 1207986716.495000 
0  
1  mm 990 851
1  mm 982 827
1  mm 978 787
1  mm 964 717
1  mm 950 619
1  mm 923 421
1  mm 913 358
1  mm 904 247
1  mm 908 213
1  mm 919 186
1  mm 940 157
1  mm 979 128
1  mm 1042 94
1  mm 1117 58
1  mm 1194 26
1  mm 1245 12
1  mm 1284 0
1  mm 1309 0
1  mm 1320 0
1  mm 1321 0
0  
0  
0  
1  mm 1323 0
1  mm 1321 24
1  mm 1318 56
1  mm 1318 81
1  mm 1319 93
1  mm 1325 98
1  mm 1331 101
1  mm 1344 106
1  mm 1362 106
1  mm 1374 106
1  mm 1385 102
1  mm 1392 100
1  mm 1393 99
0  
0  
0  
1  mm 1393 98
0  
0  
0  
1  mb 1 1 1393 98
0  
0  
0  
0  
0  
0  
0  
1  mb 1 0 1393 98
0  
0  
0  
0  
0  
0  
0  
1  mm 1390 103
1  mm 1386 108
1  mm 1384 109
1  mm 1382 110
0  
1  mm 1380 111
0  
0  
1  mm 1379 113
0  
0  
1  mb 1 1 1379 113
0  
0  
0  
0  
0  
1  mb 1 0 1379 113
0  
0  
0  
0  
0  
0  
0  
0  
0  
0  
0  
0  
0  
1  mm 1379 115
1  mm 1398 132
1  mm 1413 142
1  mm 1433 154
1  mm 1451 164
1  mm 1470 176
1  mm 1491 194
1  mm 1512 211
3 T 1207986718.161000 T 1207986718.162000 mm 1529 229
1  mm 1547 243
1  mm 1563 262
1  mm 1574 275
1  mm 1585 287
1  mm 1595 301
1  mm 1608 319
1  mm 1616 329
1  mm 1619 336
1  mm 1621 342
1  mm 1624 350
1  mm 1626 360
1  mm 1627 367
1  mm 1638 375
1  mm 1638 387
1  mm 1638 407
1  mm 1638 429
1  mm 1632 456
1  mm 1621 492
1  mm 1612 513
1  mm 1605 522
1  mm 1603 525
1  mm 1601 526
0  
0  
0  
0  
0  
0  
1  mm 1599 526
1  mm 1589 526
1  mm 1581 526
1  mm 1569 525
1  mm 1558 523
1  mm 1550 522
1  mm 1545 522
1  mm 1544 522
0  
0  
0  
0  
0  
0  
0  
0  
0  
0  
0  
0  
0  
0  
0  
0  
0  
0  
0  
0  
0  
0  
0  
0  
0  
0  
0  
0  
0  
0  
0  
0  
0  
0  
0  
0  
0  
0  
0  
0  
0  
0  
0  
0  
0  
0  
0  
0  
0  
0  
0  
0  
0  
0  
0  
0  
0  
0  
0  
0  
0  
0  
0  
1 T 1207986719.828000 
0  
0  
0  
0  
0  
0  
0  
0  
0  
0  
0  
0  
0  
0  
0  
0  
0  
0  
0  
0  
0  
0  
0  
0  
0  
0  
0  
0  
0  
0  
0  
0  
0  
0  
0  
0  
0  
0  
1  mm 1543 522
1  mm 1538 528
1  mm 1537 546
1  mm 1537 567
1  mm 1545 595
1  mm 1560 646
1  mm 1580 711
1  mm 1587 762
1  mm 1587 790
1  mm 1581 810
1  mm 1565 821
1  mm 1539 831
1  mm 1494 835
1  mm 1431 835
1  mm 1336 834
1  mm 1201 821
1  mm 1047 809
1  mm 909 809
1  mm 773 809
1  mm 655 824
1  mm 564 846
1  mm 517 865
1  mm 479 879
1  mm 463 884
1  mm 449 888
1  mm 445 888
1  mm 437 889
1  mm 432 890
1  mm 431 890
0  
0  
0  
0  
1  mm 429 890
1  mm 422 893
1  mm 410 904
1  mm 397 927
1  mm 374 967
1  mm 364 985
1  mm 358 993
1  mm 355 995
0  
0  
0  
0  
0  
1  mb 1 1 355 995
0  
0  
0  
0  
0  
0  
0  
1  mb 1 0 355 995
