1209901578 seed, 30 fps, 1920x1080, fullScreen=1, version92_mouseSpeed1.000000_musicOff0_musicLoudness0.000000_webRetrySeconds16 C9D74419A2535F84DF34E60D70CCF355B4A3FD5B
2 T 1209901579.346000 mm 1137 516
0  
1  mm 1138 515
0  
0  
0  
0  
0  
0  
0  
0  
0  
0  
0  
0  
1  mm 1136 515
1  mm 1130 515
0  
0  
0  
0  
0  
0  
0  
1  mm 1128 515
1  mm 1127 515
1  mm 1123 515
1  mm 1118 515
1  mm 1115 515
1  mm 1114 515
1  mm 1111 515
1  mm 1109 515
0  
0  
1  mm 1099 517
1  mm 1049 547
0  
0  
1  mm 1032 564
1  mm 1026 567
0  
0  
0  
0  
0  
0  
0  
0  
0  
0  
0  
0  
0  
0  
0  
0  
0  
0  
0  
0  
0  
0  
0  
0  
0  
3 T 1209901583.211000 T 1209901583.215000 mm 1161 545
1 T 1209901583.244000 
1 T 1209901583.276000 
1 T 1209901583.310000 
1 T 1209901583.343000 
2 T 1209901583.376000 mm 1160 545
2 T 1209901583.408000 mm 1153 555
2 T 1209901583.441000 mm 1152 556
2 T 1209901583.475000 mm 1150 557
2 T 1209901583.507000 mm 1147 557
1 T 1209901583.540000 
1 T 1209901583.574000 
2 T 1209901583.606000 mm 1195 559
2 T 1209901583.639000 mm 1274 559
2 T 1209901583.673000 mm 1377 559
2 T 1209901583.705000 mm 1440 559
2 T 1209901583.738000 mm 1471 557
2 T 1209901583.771000 mm 1486 556
1 T 1209901583.805000 
1 T 1209901583.837000 
1 T 1209901583.870000 
1 T 1209901583.904000 
1 T 1209901583.936000 
1 T 1209901583.970000 
1 T 1209901584.002000 
1 T 1209901584.035000 
1 T 1209901584.069000 
1 T 1209901584.102000 
1 T 1209901584.135000 
2 T 1209901584.168000 mm 1473 556
2 T 1209901584.201000 mm 1450 556
2 T 1209901584.233000 mm 1411 561
2 T 1209901584.266000 mm 1341 579
2 T 1209901584.301000 mm 1131 659
2 T 1209901584.332000 mm 890 755
1  mm 720 836
1  mm 620 892
1  mm 584 919
1  mm 564 935
1  mm 549 942
1  mm 512 949
1  mm 432 956
1  mm 345 958
1  mm 335 958
0  
0  
0  
0  
0  
0  
0  
0  
0  
0  
0  
0  
0  
1  mb 1 1 335 958
0  
0  
1  mb 1 0 335 958
