1207863679 seed, 60 fps, 1612x907, fullScreen=0, version73_mouseSpeed1.000000_musicOff0_musicLoudness1.000000_webRetrySeconds16 39F5D403D9734472EB90545B8404B1BC918AF16B
0  
0  
0  
0  
0  
0  
0  
0  
1 T 1207863682.369000 
0  
0  
0  
0  
0  
0  
0  
0  
0  
0  
0  
0  
0  
0  
0  
0  
0  
0  
0  
0  
0  
0  
0  
0  
0  
0  
0  
0  
0  
0  
0  
0  
0  
0  
0  
0  
0  
0  
0  
0  
0  
0  
0  
0  
0  
0  
0  
0  
0  
0  
0  
0  
0  
0  
0  
0  
0  
0  
0  
0  
0  
0  
0  
0  
0  
0  
0  
0  
0  
0  
0  
0  
0  
0  
0  
0  
0  
0  
0  
0  
0  
0  
0  
0  
0  
0  
0  
0  
0  
0  
0  
0  
0  
0  
0  
0  
0  
0  
0  
1 T 1207863684.440000 
0  
0  
0  
0  
0  
0  
2 T 1207863685.216000 T 1207863685.218000 
1 T 1207863685.234000 
1 T 1207863685.251000 
1 T 1207863685.268000 
1 T 1207863685.285000 
1 T 1207863685.301000 
1 T 1207863685.318000 
1 T 1207863685.335000 
1 T 1207863685.351000 
1 T 1207863685.368000 
1 T 1207863685.385000 
1 T 1207863685.401000 
1 T 1207863685.418000 
1 T 1207863685.435000 
1 T 1207863685.451000 
1 T 1207863685.468000 
1 T 1207863685.485000 
1 T 1207863685.501000 
1 T 1207863685.518000 
1 T 1207863685.534000 
1 T 1207863685.551000 
1 T 1207863685.568000 
1 T 1207863685.584000 
1 T 1207863685.601000 
1 T 1207863685.618000 
1 T 1207863685.635000 
1 T 1207863685.651000 
1 T 1207863685.668000 
1 T 1207863685.685000 
1 T 1207863685.701000 
1 T 1207863685.718000 
1 T 1207863685.735000 
1 T 1207863685.751000 
1 T 1207863685.768000 
1 T 1207863685.785000 
1 T 1207863685.801000 
1 T 1207863685.818000 
1 T 1207863685.834000 
1 T 1207863685.852000 
1 T 1207863685.868000 
1 T 1207863685.885000 
1 T 1207863685.901000 
1 T 1207863685.918000 
1 T 1207863685.934000 
1 T 1207863685.951000 
1 T 1207863685.968000 
1 T 1207863685.985000 
1 T 1207863686.001000 
1 T 1207863686.018000 
1 T 1207863686.034000 
1 T 1207863686.051000 
1 T 1207863686.068000 
1 T 1207863686.084000 
1 T 1207863686.101000 
1 T 1207863686.118000 
1 T 1207863686.135000 
1 T 1207863686.151000 
1 T 1207863686.168000 
1 T 1207863686.184000 
1 T 1207863686.201000 
1 T 1207863686.218000 
1 T 1207863686.234000 
1 T 1207863686.251000 
1 T 1207863686.268000 
1 T 1207863686.284000 
1 T 1207863686.301000 
1 T 1207863686.318000 
0  
0  
0  
0  
0  
0  
0  
0  
0  
0  
0  
0  
0  
0  
0  
0  
0  
0  
0  
0  
0  
0  
0  
0  
0  
0  
1 T 1207863686.767000 
0  
0  
0  
0  
0  
0  
0  
0  
0  
0  
0  
0  
0  
0  
0  
0  
0  
0  
0  
0  
0  
0  
0  
0  
0  
0  
0  
0  
0  
0  
1  mm 1136 20
1  mm 1150 56
1  mm 1160 79
1  mm 1173 102
1  mm 1183 125
1  mm 1195 143
1  mm 1203 163
1  mm 1209 177
1  mm 1211 191
1  mm 1214 207
1  mm 1216 222
1  mm 1217 244
1  mm 1223 266
1  mm 1230 290
1  mm 1239 303
1  mm 1252 317
1  mm 1266 331
1  mm 1279 341
1  mm 1298 352
1  mm 1322 368
1  mm 1338 380
1  mm 1349 392
1  mm 1352 400
1  mm 1354 407
1  mm 1354 412
1  mm 1354 423
1  mm 1354 428
1  mm 1353 430
0  
1  mm 1350 433
1  mm 1348 433
1  mm 1343 436
1  mm 1338 439
1  mm 1330 444
1  mm 1325 448
1  mm 1316 456
1  mm 1310 458
1  mm 1308 461
0  
0  
0  
0  
0  
0  
0  
0  
0  
0  
0  
0  
0  
0  
0  
0  
0  
0  
0  
0  
0  
0  
0  
0  
0  
0  
0  
0  
0  
0  
0  
1 T 1207863689.316000 
0  
1  mm 1299 459
1  mm 1260 451
1  mm 1180 445
1  mm 1026 441
1  mm 894 438
1  mm 765 438
1  mm 663 438
1  mm 606 462
1  mm 566 493
1  mm 539 520
1  mm 526 540
1  mm 516 550
1  mm 510 558
1  mm 507 559
1  mm 501 561
1  mm 496 561
1  mm 481 561
1  mm 464 561
1  mm 446 562
1  mm 430 566
1  mm 413 570
1  mm 397 573
1  mm 378 577
1  mm 363 582
1  mm 348 590
1  mm 335 599
1  mm 330 602
1  mm 315 611
1  mm 308 614
1  mm 302 616
1  mm 298 619
1  mm 294 620
1  mm 292 620
1  mm 290 620
1  mm 287 620
1  mm 286 620
0  
0  
0  
0  
0  
0  
1  mb 1 1 286 620
0  
0  
0  
0  
0  
0  
0  
0  
0  
0  
0  
0  
0  
0  
0  
0  
0  
0  
0  
0  
0  
0  
0  
0  
0  
0  
0  
0  
0  
0  
0  
0  
0  
0  
0  
0  
0  
0  
0  
0  
0  
0  
0  
0  
0  
0  
0  
0  
0  
0  
0  
0  
0  
0  
0  
1 T 1207863691.016000 
0  
0  
0  
0  
0  
0  
0  
0  
0  
0  
0  
0  
0  
0  
0  
0  
0  
0  
0  
0  
0  
2 F 0.000000 mb 1 0 286 620
1 F 0.000000 
3 af 0 af 1 F 0.000000 
1 F 0.000000 
1 F 0.000000 
1 F 0.000000 
1 F 0.000000 
1 F 0.000000 
1 F 0.000000 
1 F 0.000000 
1 F 0.000000 
1 F 0.000000 
1 F 0.000000 
1 F 0.000000 
1 F 0.000000 
1 F 0.000000 
1 F 0.000000 
1 F 0.000000 
2 F 0.000000 mm 290 620
2 F 0.000000 mm 301 620
2 F 0.000000 mm 314 620
2 F 0.000000 mm 328 620
2 F 0.000000 mm 338 620
2 F 0.000000 mm 349 619
2 F 0.000000 mm 364 617
2 F 0.000000 mm 382 614
2 F 0.000000 mm 412 610
2 F 0.000000 mm 437 608
2 F 0.000000 mm 461 604
2 F 0.000000 mm 488 600
2 F 0.000000 mm 514 594
2 F 0.000000 mm 536 590
2 F 0.000000 mm 560 582
2 F 0.000000 mm 608 572
2 F 0.000000 mm 670 551
2 F 0.000000 mm 740 526
2 F 0.000000 mm 803 501
2 F 0.000000 mm 854 477
2 F 0.000000 mm 882 460
2 F 0.000000 mm 900 447
2 F 0.000000 mm 905 438
2 F 0.000000 mm 910 427
2 F 0.000000 mm 915 408
2 F 0.000000 mm 923 385
2 F 0.000000 mm 931 366
2 F 0.000000 mm 934 357
2 F 0.000000 mm 935 352
2 F 0.000000 mm 937 347
2 F 0.000000 mm 938 339
2 F 0.000000 mm 938 331
2 F 0.000000 mm 938 323
2 F 0.000000 mm 938 311
2 F 0.000000 mm 938 305
2 F 0.000000 mm 938 303
2 F 0.000000 mm 938 300
2 F 0.000000 mm 938 299
2 F 0.000000 mm 938 296
2 F 0.000000 mm 938 294
2 F 0.000000 mm 938 292
2 F 0.000000 mm 938 291
2 F 0.000000 mm 938 288
2 F 0.000000 mm 938 285
2 F 0.000000 mm 938 278
2 F 0.000000 mm 938 275
2 F 0.000000 mm 938 270
2 F 0.000000 mm 940 266
2 F 0.000000 mm 940 262
2 F 0.000000 mm 940 260
2 F 0.000000 mm 941 256
2 F 0.000000 mm 941 250
2 F 0.000000 mm 944 241
2 F 0.000000 mm 950 228
2 F 0.000000 mm 956 217
2 F 0.000000 mm 966 201
2 F 0.000000 mm 978 189
2 F 0.000000 mm 996 169
2 F 0.000000 mm 1003 164
2 F 0.000000 mm 1005 161
3 T 1207863692.682000 F 0.000000 mm 1006 159
1 F 0.000000 
2 F 0.000000 mm 1006 158
2 F 0.000000 mm 1006 157
2 F 0.000000 mm 1006 155
2 F 0.000000 mm 1007 153
2 F 0.000000 mm 1007 152
2 F 0.000000 mm 1007 151
2 F 0.000000 mm 1008 150
1 F 0.000000 
2 F 0.000000 mm 1009 149
1 F 0.000000 
1 F 0.000000 
1 F 0.000000 
2 F 0.000000 mm 1009 148
1 F 0.000000 
1 F 0.000000 
1 F 0.000000 
1 F 0.000000 
1 F 0.000000 
1 F 0.000000 
1 F 0.000000 
1 F 0.000000 
1 F 0.000000 
1 F 0.000000 
1 F 0.000000 
1 F 0.000000 
1 F 0.000000 
1 F 0.000000 
1 F 0.000000 
1 F 0.000000 
1 F 0.000000 
1 F 0.000000 
1 F 0.000000 
1 F 0.000000 
2 F 0.000000 mb 1 1 1009 148
1 F 0.000000 
1 F 0.000000 
1 F 0.000000 
1 F 0.000000 
1 F 0.000000 
1 F 0.000000 
1 F 0.000000 
1  mb 1 0 1009 148
