1207987822 seed, 30 fps, 1920x1080, fullScreen=1, version73_mouseSpeed1.000000_musicOff0_musicLoudness1.000000_webRetrySeconds16 39F5D403D9734472EB90545B8404B1BC918AF16B
3 T 1207987823.832000 mm 1393 356 mm 1381 361
0  
0  
1  mm 1350 363
1  mm 1272 369
1  mm 1206 377
1  mm 1182 385
1  mm 1178 393
1  mm 1195 403
1  mm 1231 405
1  mm 1251 404
0  
0  
0  
0  
0  
0  
0  
0  
0  
0  
0  
0  
0  
0  
0  
0  
0  
0  
1  mm 1245 404
1  mm 1233 410
1  mm 1231 411
1  mm 1233 414
1  mm 1236 415
0  
0  
0  
0  
0  
0  
0  
0  
0  
0  
0  
0  
0  
0  
0  
0  
0  
1  mm 1237 415
0  
1  mm 1242 416
1  mm 1250 416
1  mm 1260 416
0  
0  
0  
0  
0  
0  
0  
0  
2 T 1207987827.434000 T 1207987827.436000 
1 T 1207987827.466000 
1 T 1207987827.500000 
1 T 1207987827.533000 
1 T 1207987827.566000 
1 T 1207987827.599000 
1 T 1207987827.632000 
1 T 1207987827.665000 
1 T 1207987827.697000 
1 T 1207987827.731000 
2 T 1207987827.764000 mm 1263 416
2 T 1207987827.797000 mm 1274 418
2 T 1207987827.831000 mm 1310 434
2 T 1207987827.864000 mm 1315 435
1 T 1207987827.897000 
1 T 1207987827.929000 
2 T 1207987827.963000 mm 1292 439
2 T 1207987827.996000 mm 1219 446
2 T 1207987828.028000 mm 1072 458
2 T 1207987828.062000 mm 905 473
2 T 1207987828.095000 mm 828 486
2 T 1207987828.127000 mm 789 501
2 T 1207987828.162000 mm 759 512
2 T 1207987828.194000 mm 717 519
2 T 1207987828.227000 mm 697 523
2 T 1207987828.259000 mm 674 531
2 T 1207987828.293000 mm 639 547
2 T 1207987828.326000 mm 599 575
2 T 1207987828.359000 mm 568 600
2 T 1207987828.392000 mm 542 623
2 T 1207987828.424000 mm 525 642
2 T 1207987828.459000 mm 509 656
2 T 1207987828.491000 mm 495 663
2 T 1207987828.524000 mm 487 670
2 T 1207987828.556000 mm 478 674
2 T 1207987828.589000 mm 467 678
1  mm 457 682
1  mm 440 688
1  mm 424 694
1  mm 408 700
1  mm 392 707
1  mm 389 708
0  
0  
0  
0  
0  
0  
0  
0  
0  
1  mm 388 709
1  mm 384 712
1  mm 377 717
1  mm 376 718
0  
0  
0  
0  
0  
0  
0  
0  
0  
0  
0  
0  
0  
0  
0  
0  
0  
0  
0  
0  
0  
0  
0  
0  
0  
0  
0  
1  mb 1 1 376 718
0  
0  
2 F 0.000000 mb 1 0 376 718
1 F 0.000000 
3 af 0 af 1 F 0.000000 
1 F 0.000000 
1 F 0.000000 
1 F 0.000000 
2 F 0.000000 mm 383 718
2 F 0.000000 mm 518 679
2 F 0.000000 mm 722 589
2 F 0.000000 mm 790 550
2 F 0.000000 mm 817 521
2 F 0.000000 mm 832 489
2 F 0.000000 mm 845 458
2 F 0.000000 mm 858 425
2 F 0.000000 mm 861 407
2 F 0.000000 mm 861 396
2 F 0.000000 mm 867 381
2 F 0.000000 mm 879 374
2 F 0.000000 mm 895 369
2 F 0.000000 mm 908 368
2 F 0.000000 mm 920 367
2 F 0.000000 mm 932 367
2 F 0.000000 mm 939 367
2 F 0.000000 mm 940 367
1 F 0.000000 
1 F 0.000000 
2 F 0.000000 mm 955 352
2 F 0.000000 mm 956 352
3 F 0.000000 mb 1 1 956 352 md 957 352
1 F 0.000000 
1 F 0.000000 
2 F 0.000000 mb 1 0 957 352
1 F 0.000000 
1 F 0.000000 
2 F 0.000000 mm 974 352
2 F 0.000000 mm 1008 351
2 F 0.000000 mm 1050 351
2 F 0.000000 mm 1086 353
2 F 0.000000 mm 1108 353
2 F 0.000000 mm 1121 353
2 F 0.000000 mm 1138 349
2 F 0.000000 mm 1168 341
1 F 0.000000 
2 F 0.000000 mb 1 1 1168 341
1 F 0.000000 
1 F 0.000000 
1  mb 1 0 1168 341
