1208080411 seed, 30 fps, 1920x1080, fullScreen=1, version73_mouseSpeed1.000000_musicOff0_musicLoudness1.000000_webRetrySeconds16 39F5D403D9734472EB90545B8404B1BC918AF16B
3 T 1208080412.550000 mm 1600 686 mm 1599 686
0  
1  mm 1623 685
0  
0  
0  
0  
1  mm 1615 676
1  mm 1607 667
1  mm 1602 663
0  
0  
1  mm 1600 657
1  mm 1591 636
1  mm 1588 624
1  mm 1586 607
1  mm 1584 589
1  mm 1578 567
1  mm 1573 542
1  mm 1573 534
1  mm 1573 522
1  mm 1578 506
1  mm 1584 487
1  mm 1589 476
1  mm 1590 469
1  mm 1590 464
1  mm 1590 462
1  mm 1590 455
1  mm 1588 452
1  mm 1587 450
1  mm 1587 447
1  mm 1585 444
0  
0  
0  
0  
0  
0  
0  
0  
0  
0  
0  
0  
0  
0  
0  
0  
0  
0  
0  
0  
0  
0  
0  
0  
0  
0  
0  
0  
0  
0  
0  
1  mm 1584 444
2 T 1208080416.060000 T 1208080416.062000 
1 T 1208080416.093000 
1 T 1208080416.126000 
1 T 1208080416.159000 
1 T 1208080416.192000 
1 T 1208080416.225000 
1 T 1208080416.257000 
1 T 1208080416.291000 
1 T 1208080416.324000 
1 T 1208080416.357000 
2 T 1208080416.390000 mm 1582 445
2 T 1208080416.423000 mm 1580 445
2 T 1208080416.456000 mm 1574 447
2 T 1208080416.490000 mm 1571 448
2 T 1208080416.523000 mm 1568 450
1 T 1208080416.555000 
2 T 1208080416.589000 mm 1563 454
2 T 1208080416.622000 mm 1557 458
2 T 1208080416.655000 mm 1550 463
2 T 1208080416.687000 mm 1541 471
2 T 1208080416.720000 mm 1528 480
2 T 1208080416.754000 mm 1518 492
2 T 1208080416.786000 mm 1509 504
2 T 1208080416.819000 mm 1506 511
2 T 1208080416.853000 mm 1506 513
2 T 1208080416.886000 mm 1506 517
2 T 1208080416.919000 mm 1506 519
1 T 1208080416.951000 
2 T 1208080416.985000 mm 1506 526
2 T 1208080417.018000 mm 1510 533
2 T 1208080417.050000 mm 1512 535
2 T 1208080417.083000 mm 1513 536
2 T 1208080417.116000 mm 1514 537
1 T 1208080417.148000 
1 T 1208080417.182000 
1 T 1208080417.214000 
0  
0  
0  
0  
0  
0  
0  
1  mb 1 1 1514 537
0  
0  
0  
2 t 1208080417 mb 1 0 1514 537
1 wb 0 0 
1 wb 0 0 
1 wb 0 0 
1 wb 0 0 
1 wb 0 0 
1 wb 0 0 
1 wb 0 0 
1 wb 0 0 
1 wb 0 0 
1 wb 0 0 
1 wb 0 0 
2 wb 0 0 t 1208080418 
1 wb 0 0 
1 wb 0 0 
1 wb 0 0 
1 wb 0 0 
4 wb 0 1 wb 0 2 87 server1.onehouronelife.com
8005
73
http://onehouronelife.com/updateServer/server.php
OK wb 0 2 87 server1.onehouronelife.com
8005
73
http://onehouronelife.com/updateServer/server.php
OK T 1208080418.173000 
0  
1 T 1208080418.237000 
1 T 1208080418.270000 
1 T 1208080418.303000 
1 T 1208080418.336000 
1 T 1208080418.370000 
1 T 1208080418.403000 
1 T 1208080418.435000 
1 T 1208080418.468000 
1 T 1208080418.501000 
1 T 1208080418.534000 
1 T 1208080418.568000 
1 T 1208080418.601000 
1 T 1208080418.634000 
1 T 1208080418.667000 
1 T 1208080418.699000 
1 T 1208080418.733000 
1 T 1208080418.765000 
1 T 1208080418.798000 
1 T 1208080418.832000 
1 T 1208080418.865000 
1 T 1208080418.898000 
1 T 1208080418.931000 
1 T 1208080418.964000 
1 T 1208080418.997000 
1 T 1208080419.029000 
1 T 1208080419.062000 
1 T 1208080419.096000 
1 T 1208080419.128000 
1 T 1208080419.161000 
4 T 1208080419.195000 xs 0 2 21 534E0A33372F34300A313237333834380A37330A23 xs 0 2 0 xs 0 0 169 
2 T 1208080419.228000 xs 0 2 0 
2 T 1208080419.261000 xs 0 2 0 
2 T 1208080419.294000 xs 0 2 0 
2 T 1208080419.326000 xs 0 2 0 
2 T 1208080419.359000 xs 0 2 0 
2 T 1208080419.393000 xs 0 2 0 
2 T 1208080419.426000 xs 0 2 0 
5 T 1208080419.459000 xs 0 2 10 52454A45435445440A23 xs 0 3 -1 T 1208080419.460000 T 1208080419.462000 
1 T 1208080419.493000 
1 T 1208080419.525000 
1 T 1208080419.558000 
1 T 1208080419.591000 
1 T 1208080419.624000 
1 T 1208080419.657000 
1 T 1208080419.691000 
1 T 1208080419.722000 
1 T 1208080419.757000 
1 T 1208080419.789000 
1 T 1208080419.822000 
1 T 1208080419.855000 
1 T 1208080419.889000 
1 T 1208080419.921000 
1 T 1208080419.955000 
1 T 1208080419.987000 
1 T 1208080420.019000 
1 T 1208080420.053000 
1 T 1208080420.087000 
1 T 1208080420.119000 
1 T 1208080420.153000 
1 T 1208080420.185000 
1 T 1208080420.218000 
1 T 1208080420.251000 
1 T 1208080420.285000 
2 T 1208080420.318000 mm 1520 534
2 T 1208080420.351000 mm 1521 532
1 T 1208080420.384000 
1 T 1208080420.416000 
1 T 1208080420.449000 
1 T 1208080420.483000 
2 T 1208080420.514000 T 1208080420.515000 
1 T 1208080420.549000 
1 T 1208080420.581000 
0  
0  
0  
0  
0  
0  
0  
0  
0  
1  mm 1521 528
1  mm 1521 526
0  
0  
0  
0  
1  mm 1521 516
1  mm 1514 497
1  mm 1498 472
1  mm 1431 434
1  mm 1316 414
1  mm 1186 385
1  mm 1114 369
1  mm 1097 368
0  
1  mb 1 1 1097 368
0  
0  
0  
2  mb 1 0 1097 368 mm 1096 368
1  mm 1098 372
1  mm 1100 374
1  mm 1102 374
1  mm 1104 374
1  mm 1107 374
1  mm 1114 374
1  mm 1130 374
1  mm 1146 374
1  mm 1167 375
1  mm 1188 377
1  mm 1206 378
1  mm 1222 380
1  mm 1226 381
0  
0  
0  
0  
0  
0  
0  
0  
0  
0  
0  
0  
0  
0  
0  
0  
0  
0  
0  
0  
0  
0  
0  
0  
0  
0  
0  
0  
0  
0  
0  
0  
0  
0  
0  
0  
0  
0  
0  
0  
0  
0  
0  
0  
0  
0  
0  
0  
0  
0  
0  
0  
0  
0  
0  
1 T 1208080423.815000 
0  
0  
0  
0  
0  
0  
0  
0  
0  
0  
0  
0  
0  
0  
0  
0  
0  
0  
1  mm 1246 384
1  mm 1308 392
1  mm 1408 400
1  mm 1533 406
1  mm 1615 407
1  mm 1656 409
1  mm 1662 409
0  
0  
1  mm 1663 405
1  mm 1656 396
1  mm 1648 389
1  mm 1643 386
1  mm 1643 385
1  mb 1 1 1643 385
0  
0  
0  
2  mb 1 0 1643 385 mm 1638 387
1  mm 1610 396
1  mm 1557 411
1  mm 1476 435
1  mm 1390 461
1  mm 1338 479
1  mm 1281 496
1  mm 1243 508
1  mm 1220 514
1  mm 1216 517
0  
0  
1  mm 1214 522
1  mm 1214 528
1  mm 1222 539
1  mm 1232 543
1  mm 1240 544
1  mm 1244 544
0  
0  
1  mm 1251 544
1  mm 1259 540
1  mm 1261 538
0  
1  mb 1 1 1261 538
0  
0  
0  
1  mb 1 0 1261 538
0  
0  
0  
0  
1  mm 1267 538
1  mm 1277 538
1  mm 1281 540
1  mm 1283 542
1  mm 1289 545
1  mm 1300 558
1  mm 1309 568
1  mm 1314 575
1  mm 1315 580
1  mm 1315 587
1  mm 1316 606
1  mm 1313 637
1  mm 1295 674
1  mm 1286 690
1  mm 1280 704
1  mm 1276 715
1  mm 1272 722
1  mm 1271 729
1  mm 1270 730
0  
1  mm 1270 731
1  mm 1270 732
1  mm 1253 739
1  mm 1228 744
1  mm 1179 744
1  mm 1123 736
1  mm 1100 733
1  mm 1092 733
1  mm 1054 762
1  mm 1001 803
3 T 1208080427.114000 T 1208080427.115000 mm 899 882
1  mm 824 917
1  mm 791 917
1  mm 741 919
1  mm 692 919
1  mm 649 919
1  mm 595 927
1  mm 540 940
1  mm 487 956
1  mm 441 960
1  mm 412 961
1  mm 394 964
1  mm 378 969
1  mm 358 974
1  mm 348 974
0  
1  mb 1 1 348 974
0  
0  
1  mb 1 0 348 974
