1209851525 seed, 30 fps, 1920x1080, fullScreen=1, version91_mouseSpeed1.000000_musicOff0_musicLoudness0.000000_webRetrySeconds16 9D45B0E2FBB967A2995A31505DB14EB418942ED9
2 T 1209851526.017000 mm 1129 385
0  
0  
0  
0  
0  
0  
0  
0  
0  
0  
0  
0  
0  
0  
0  
0  
0  
0  
0  
0  
0  
0  
0  
0  
0  
0  
0  
0  
0  
0  
0  
0  
0  
0  
1  mm 1409 558
0  
0  
0  
0  
0  
0  
0  
0  
0  
0  
0  
0  
0  
0  
0  
0  
0  
0  
0  
0  
0  
0  
0  
0  
0  
0  
0  
0  
1  mm 1371 562
3 T 1209851529.918000 T 1209851529.921000 mm 1413 603
2 T 1209851529.951000 mm 1417 597
2 T 1209851529.984000 mm 1418 596
2 T 1209851530.017000 mm 1419 596
2 T 1209851530.049000 mm 1443 577
2 T 1209851530.083000 mm 1452 568
1 T 1209851530.115000 
1 T 1209851530.149000 
1 T 1209851530.182000 
1 T 1209851530.214000 
1 T 1209851530.248000 
1 T 1209851530.280000 
1 T 1209851530.314000 
1 T 1209851530.347000 
1 T 1209851530.380000 
2 T 1209851530.412000 mm 1458 568
2 T 1209851530.445000 mm 1462 566
2 T 1209851530.479000 mm 1466 564
2 T 1209851530.511000 mm 1471 563
2 T 1209851530.544000 mm 1476 561
2 T 1209851530.577000 mm 1481 560
2 T 1209851530.610000 mm 1485 559
2 T 1209851530.643000 mm 1493 557
2 T 1209851530.677000 mm 1496 555
2 T 1209851530.710000 mm 1502 553
2 T 1209851530.742000 mm 1503 553
1 T 1209851530.775000 
1 T 1209851530.808000 
1 T 1209851530.842000 
1 T 1209851530.874000 
1 T 1209851530.907000 
1 T 1209851530.941000 
1 T 1209851530.975000 
1 T 1209851531.006000 
1 T 1209851531.039000 
0  
0  
0  
0  
0  
0  
0  
0  
1  mm 1514 553
1  mm 1519 553
0  
0  
0  
0  
0  
0  
0  
0  
0  
0  
0  
0  
0  
0  
0  
0  
0  
0  
0  
0  
0  
0  
0  
0  
0  
0  
0  
0  
0  
0  
0  
0  
0  
0  
0  
0  
0  
0  
0  
0  
0  
0  
0  
0  
0  
0  
0  
0  
0  
0  
0  
0  
0  
0  
0  
0  
0  
0  
0  
1  mb 1 1 1519 553
0  
0  
0  
0  
2 T 1209851533.519000 mb 1 0 1519 553
0  
1 T 1209851533.581000 
1 T 1209851533.615000 
1 T 1209851533.648000 
1 T 1209851533.680000 
1 T 1209851533.714000 
1 T 1209851533.747000 
1 T 1209851533.780000 
1 T 1209851533.813000 
1 T 1209851533.845000 
1 T 1209851533.879000 
1 T 1209851533.911000 
1 T 1209851533.945000 
1 T 1209851533.977000 
1 T 1209851534.011000 
1 T 1209851534.044000 
1 T 1209851534.076000 
1 T 1209851534.110000 
1 T 1209851534.143000 
1 T 1209851534.175000 
1 T 1209851534.209000 
1 T 1209851534.242000 
1 T 1209851534.274000 
1 T 1209851534.308000 
1 T 1209851534.340000 
1 T 1209851534.374000 
1 T 1209851534.407000 
1 T 1209851534.439000 
1 T 1209851534.473000 
1 T 1209851534.505000 
4 T 1209851534.539000 xs 0 2 0 xs 0 0 0 T 1209851534.540000 
1 T 1209851534.572000 
1 T 1209851534.605000 
1 T 1209851534.637000 
1 T 1209851534.670000 
1 T 1209851534.704000 
1 T 1209851534.737000 
1 T 1209851534.769000 
1 T 1209851534.802000 
1 T 1209851534.836000 
1 T 1209851534.868000 
1 T 1209851534.901000 
1 T 1209851534.935000 
1 T 1209851534.968000 
1 T 1209851535.000000 
1 T 1209851535.033000 
1 T 1209851535.066000 
1 T 1209851535.100000 
1 T 1209851535.133000 
1 T 1209851535.166000 
1 T 1209851535.199000 
1 T 1209851535.231000 
1 T 1209851535.265000 
1 T 1209851535.297000 
1 T 1209851535.331000 
2 T 1209851535.364000 mm 1495 557
2 T 1209851535.396000 mm 1489 558
1 T 1209851535.429000 
2 T 1209851535.463000 mm 1409 584
2 T 1209851535.496000 mm 1198 652
2 T 1209851535.529000 mm 1006 699
2 T 1209851535.562000 mm 900 741
2 T 1209851535.594000 mm 764 815
2 T 1209851535.627000 mm 650 865
2 T 1209851535.661000 mm 580 884
1  mm 488 912
1  mm 421 940
1  mm 385 954
1  mm 379 960
1  mm 378 963
1  mm 373 968
1  mm 373 969
0  
1  mm 373 971
1  mm 377 971
1  mm 389 964
1  mm 396 959
0  
0  
0  
0  
0  
0  
0  
1  mb 1 1 396 959
0  
0  
0  
0  
1  mb 1 0 396 959
