1210649396 seed, 30 fps, 1920x1080, fullScreen=1, version96_mouseSpeed1.000000_musicOff0_musicLoudness0.000000_webRetrySeconds16 D7B0694EEF5ECFC8B3CCDCAF722279C3F19F6647
3 T 1210649396.974000 mm 931 569 mm 930 564
1  mm 1029 559
1  mm 1242 548
0  
0  
0  
0  
0  
0  
0  
0  
0  
0  
0  
0  
0  
0  
0  
0  
0  
0  
0  
0  
0  
0  
0  
0  
0  
0  
0  
0  
0  
0  
0  
0  
1  mm 1335 541
1  mm 1335 540
0  
0  
1  mm 1326 540
1  mm 1313 540
1  mm 1311 540
1  mm 1310 540
0  
0  
0  
0  
0  
0  
0  
0  
0  
0  
0  
0  
0  
0  
0  
0  
0  
0  
1  mm 1348 541
1  mm 1366 534
0  
1  mm 1362 534
3 T 1210649402.215000 T 1210649402.219000 mm 1465 515
1 T 1210649402.247000 
2 T 1210649402.280000 mm 1466 515
2 T 1210649402.313000 mm 1467 515
2 T 1210649402.348000 mm 1469 514
2 T 1210649402.379000 mm 1471 514
1 T 1210649402.412000 
1 T 1210649402.445000 
2 T 1210649402.478000 mm 1472 514
2 T 1210649402.511000 mm 1473 513
1 T 1210649402.544000 
1 T 1210649402.576000 
1 T 1210649402.610000 
1 T 1210649402.643000 
2 T 1210649402.676000 mm 1466 527
2 T 1210649402.709000 mm 1465 532
2 T 1210649402.742000 mm 1465 537
2 T 1210649402.775000 mm 1469 542
2 T 1210649402.808000 mm 1477 546
2 T 1210649402.841000 mm 1488 551
2 T 1210649402.874000 mm 1496 552
2 T 1210649402.906000 mm 1497 552
1 T 1210649402.940000 
2 T 1210649402.973000 mm 1501 552
2 T 1210649403.006000 mm 1503 552
1 T 1210649403.039000 
1 T 1210649403.072000 
1 T 1210649403.105000 
1 T 1210649403.138000 
2 T 1210649403.171000 mm 1504 552
2 T 1210649403.203000 mm 1509 551
2 T 1210649403.237000 mm 1511 550
2 T 1210649403.270000 mm 1514 549
2 T 1210649403.303000 mm 1516 548
1 T 1210649403.336000 
0  
0  
0  
0  
0  
0  
0  
0  
1  mb 1 1 1516 548
0  
0  
0  
2 t 1210649403 mb 1 0 1516 548
1 wb 0 0 
1 wb 0 0 
1 wb 0 0 
1 wb 0 0 
1 wb 0 0 
1 wb 0 0 
1 wb 0 0 
3 wb 0 0 t 1210649404 mm 1518 548
2 wb 0 0 mm 1523 548
1 wb 0 0 
1 wb 0 0 
1 wb 0 0 
1 wb 0 0 
1 wb 0 0 
1 wb 0 0 
1 wb 0 0 
1 wb 0 0 
1 wb 0 0 
1 wb 0 0 
1 wb 0 0 
1 wb 0 0 
1 wb 0 0 
4 wb 0 1 wb 0 2 87 server1.onehouronelife.com
8005
96
http://onehouronelife.com/updateServer/server.php
OK wb 0 2 87 server1.onehouronelife.com
8005
96
http://onehouronelife.com/updateServer/server.php
OK T 1210649404.524000 
0  
1 T 1210649404.733000 
1 T 1210649404.767000 
1 T 1210649404.799000 
1 T 1210649404.833000 
1 T 1210649404.866000 
1 T 1210649404.899000 
1 T 1210649404.932000 
1 T 1210649404.965000 
1 T 1210649404.998000 
1 T 1210649405.031000 
1 T 1210649405.064000 
1 T 1210649405.097000 
1 T 1210649405.130000 
1 T 1210649405.163000 
1 T 1210649405.195000 
1 T 1210649405.229000 
1 T 1210649405.262000 
1 T 1210649405.295000 
1 T 1210649405.328000 
1 T 1210649405.361000 
1 T 1210649405.394000 
1 T 1210649405.427000 
2 T 1210649405.460000 mm 1524 547
2 T 1210649405.494000 mm 1529 543
7 T 1210649405.526000 xs 0 2 21 534E0A32392F3230300A3139333035320A39360A23 xs 0 2 0 xs 0 0 7 T 1210649405.527000 xs 0 0 169 mm 1530 543
2 T 1210649405.559000 xs 0 2 0 
2 T 1210649405.591000 xs 0 2 0 
2 T 1210649405.626000 xs 0 2 0 
2 T 1210649405.658000 xs 0 2 0 
2 T 1210649405.691000 xs 0 2 0 
2 T 1210649405.724000 xs 0 2 0 
2 T 1210649405.757000 xs 0 2 0 
4 T 1210649405.790000 xs 0 2 10 52454A45435445440A23 xs 0 3 -1 T 1210649405.791000 
1 T 1210649405.824000 
1 T 1210649405.856000 
1 T 1210649405.889000 
1 T 1210649405.922000 
1 T 1210649405.956000 
1 T 1210649405.988000 
1 T 1210649406.021000 
1 T 1210649406.054000 
1 T 1210649406.087000 
1 T 1210649406.120000 
1 T 1210649406.153000 
1 T 1210649406.186000 
1 T 1210649406.220000 
1 T 1210649406.252000 
1 T 1210649406.285000 
1 T 1210649406.318000 
1 T 1210649406.351000 
1 T 1210649406.384000 
1 T 1210649406.416000 
1 T 1210649406.450000 
1 T 1210649406.484000 
1 T 1210649406.515000 
2 T 1210649406.550000 mm 1523 542
2 T 1210649406.582000 mm 1494 540
2 T 1210649406.614000 mm 1437 530
2 T 1210649406.649000 mm 1357 518
2 T 1210649406.680000 mm 1252 508
2 T 1210649406.714000 mm 1182 505
2 T 1210649406.748000 mm 1139 505
3 T 1210649406.780000 T 1210649406.781000 mm 1107 511
2 T 1210649406.813000 mm 1075 522
2 T 1210649406.846000 mm 1048 531
2 T 1210649406.880000 mm 1023 537
2 T 1210649406.913000 mm 1014 538
1  mm 1005 540
1  mm 996 542
1  mm 985 544
1  mm 978 547
1  mm 976 547
0  
0  
0  
0  
1  mb 1 1 976 547
0  
0  
1  mb 1 0 976 547
0  
0  
0  
0  
0  
0  
0  
0  
0  
0  
0  
0  
1  mm 976 526
1  mm 978 487
1  mm 975 452
1  mm 970 435
1  mm 968 423
1  mm 967 418
1  mm 967 417
1  mm 967 414
1  mm 967 406
1  mm 967 392
1  mm 967 384
1  mm 967 379
1  mm 967 367
1  mm 967 353
0  
0  
1  mb 1 1 967 353
0  
0  
1  mb 1 0 967 353
0  
0  
0  
0  
0  
0  
0  
0  
0  
0  
0  
0  
0  
0  
0  
0  
0  
0  
0  
0  
0  
0  
0  
0  
0  
0  
0  
0  
0  
0  
1  mm 967 358
1  mm 969 389
1  mm 972 421
1  mm 975 443
1  mm 978 458
1  mm 980 474
1  mm 981 489
1  mm 983 501
1  mm 983 503
0  
0  
0  
0  
0  
0  
0  
0  
0  
0  
0  
1 T 1210649410.080000 
0  
0  
0  
0  
0  
0  
0  
0  
0  
0  
0  
0  
0  
0  
0  
0  
0  
0  
0  
0  
0  
1  mm 1014 480
1  mm 1074 439
1  mm 1111 415
1  mm 1128 404
1  mm 1135 400
1  mm 1148 394
1  mm 1158 391
1  mm 1167 388
1  mm 1181 384
1  mm 1195 377
1  mm 1208 369
1  mm 1214 366
1  mm 1216 365
0  
1  mm 1219 362
1  mm 1223 356
1  mm 1227 352
1  mm 1228 351
0  
0  
0  
0  
1  mb 1 1 1228 351
0  
0  
0  
1  mb 1 0 1228 351
0  
0  
1  mm 1194 351
1  mm 1097 351
1  mm 1033 351
1  mm 1028 351
0  
1  mm 1025 351
1  mm 1015 351
1  mm 1012 351
1  mm 1011 351
1  mm 1009 351
1  mm 1001 349
1  mm 997 347
1  mm 994 343
1  mm 987 341
0  
1  mm 984 340
1  mm 983 339
0  
1  mb 1 1 983 339
0  
0  
0  
1  mb 1 0 983 339
0  
0  
1  mm 993 345
1  mm 1002 352
1  mm 1004 355
1  mm 1004 358
0  
0  
0  
0  
1  mm 1006 360
1  mm 1012 361
1  mm 1013 361
0  
0  
0  
0  
0  
0  
0  
0  
0  
0  
0  
0  
0  
1 T 1210649413.380000 
0  
0  
0  
0  
0  
0  
0  
0  
0  
0  
0  
0  
0  
0  
0  
0  
2  kd 8 1014 361 mm 1014 361
1  mm 1029 361
1  mm 1059 361
1  mm 1088 361
1  mm 1104 361
1  mm 1122 361
2  ku 8 1144 361 mm 1144 361
1  mm 1178 363
1  mm 1218 364
1  mm 1240 364
1  mm 1256 364
1  mm 1273 364
1  mm 1286 364
1  mm 1289 364
1  mm 1295 364
1  mm 1298 364
1  mm 1306 364
1  mm 1307 364
0  
0  
1  mm 1308 364
1  mm 1312 360
1  mm 1313 359
0  
1  mb 1 1 1313 359
0  
0  
0  
1  mb 1 0 1313 359
0  
0  
0  
0  
0  
0  
0  
0  
0  
0  
0  
0  
0  
0  
0  
0  
0  
0  
0  
0  
0  
0  
0  
0  
0  
1  mm 1329 383
1  mm 1374 423
1  mm 1407 449
1  mm 1439 466
1  mm 1455 479
1  mm 1465 489
1  mm 1473 497
1  mm 1478 504
1  mm 1479 506
1  mm 1482 510
1  mm 1492 521
1  mm 1506 531
1  mm 1521 539
1  mm 1529 541
0  
0  
0  
0  
0  
0  
0  
0  
0  
0  
0  
0  
0  
0  
0  
1 T 1210649416.680000 
0  
0  
0  
0  
0  
0  
0  
0  
0  
0  
0  
0  
0  
0  
0  
0  
0  
0  
0  
0  
0  
0  
0  
0  
0  
0  
0  
0  
0  
0  
0  
0  
0  
0  
0  
0  
0  
0  
0  
0  
0  
0  
0  
0  
0  
0  
0  
0  
0  
0  
0  
0  
0  
0  
0  
0  
0  
0  
0  
0  
0  
0  
0  
0  
0  
0  
0  
0  
0  
0  
0  
0  
0  
0  
0  
0  
1  mm 1533 541
1  mm 1617 549
1  mm 1803 587
1  mm 1919 645
1  mm 1919 702
1  mm 1919 759
1  mm 1919 791
1  mm 1919 820
1  mm 1919 826
1  mm 1919 824
1  mm 1919 822
0  
1  mm 1919 817
1  mm 1919 816
0  
0  
0  
0  
0  
0  
0  
0  
0  
1 T 1210649419.980000 
0  
0  
0  
0  
0  
0  
0  
0  
0  
0  
0  
0  
0  
0  
1  mm 1919 818
0  
0  
0  
0  
1  mm 1907 818
1  mm 1896 818
0  
1  mm 1901 818
1  mm 1919 813
1  mm 1919 812
0  
0  
0  
0  
0  
0  
0  
0  
0  
0  
0  
0  
0  
0  
0  
0  
0  
0  
0  
0  
0  
0  
0  
0  
0  
0  
0  
0  
0  
0  
0  
0  
0  
0  
0  
0  
0  
0  
0  
0  
0  
0  
0  
0  
0  
0  
0  
0  
0  
0  
0  
0  
0  
0  
0  
0  
0  
0  
0  
0  
0  
0  
0  
0  
0  
0  
0  
0  
0  
0  
0  
0  
0  
0  
1 T 1210649423.389000 
0  
0  
0  
0  
0  
0  
0  
0  
0  
0  
0  
0  
0  
0  
0  
0  
0  
0  
0  
0  
0  
0  
0  
0  
0  
0  
0  
0  
0  
0  
0  
0  
0  
0  
0  
0  
0  
0  
0  
0  
0  
0  
0  
0  
0  
0  
0  
0  
0  
0  
0  
0  
0  
0  
0  
0  
0  
0  
0  
0  
0  
0  
0  
0  
0  
0  
0  
0  
0  
0  
0  
0  
0  
0  
0  
0  
0  
0  
0  
0  
0  
0  
0  
0  
0  
0  
0  
0  
0  
0  
0  
0  
0  
0  
0  
0  
0  
0  
0  
1 T 1210649426.689000 
0  
0  
0  
0  
0  
0  
0  
0  
0  
0  
0  
0  
0  
0  
0  
0  
0  
0  
0  
0  
0  
0  
0  
0  
0  
0  
0  
0  
0  
0  
0  
0  
0  
0  
0  
0  
0  
0  
0  
0  
0  
0  
0  
0  
0  
0  
0  
0  
0  
0  
0  
0  
0  
0  
0  
0  
0  
0  
0  
0  
0  
0  
0  
0  
0  
0  
0  
0  
0  
0  
0  
0  
0  
0  
0  
0  
0  
0  
0  
0  
0  
0  
0  
0  
0  
0  
0  
0  
0  
0  
0  
0  
0  
0  
0  
0  
0  
0  
0  
1 T 1210649429.989000 
0  
0  
0  
0  
0  
0  
0  
0  
0  
0  
0  
0  
0  
0  
0  
0  
0  
0  
0  
0  
0  
0  
0  
0  
0  
0  
0  
0  
0  
0  
0  
0  
0  
0  
0  
0  
0  
0  
0  
0  
0  
0  
0  
0  
0  
0  
0  
0  
0  
0  
0  
0  
0  
0  
0  
0  
0  
0  
0  
0  
0  
0  
0  
0  
0  
0  
0  
0  
0  
0  
0  
0  
0  
0  
0  
0  
0  
0  
0  
0  
0  
0  
0  
0  
0  
0  
0  
0  
0  
0  
0  
0  
0  
0  
0  
0  
0  
0  
0  
1 T 1210649433.289000 
0  
0  
0  
1  mm 1486 1054
0  
0  
1  mm 1404 995
1  mm 1297 903
1  mm 1172 805
1  mm 1146 712
1  mm 1136 611
1  mm 1130 547
1  mm 1126 490
1  mm 1124 482
0  
0  
0  
0  
0  
0  
0  
1  mm 1122 482
1  mm 1127 491
1  mm 1142 502
1  mm 1161 507
1  mm 1188 509
1  mm 1203 511
1  mm 1216 518
1  mm 1219 523
1  mm 1219 531
1  mm 1219 536
1  mm 1221 540
1  mm 1233 546
1  mm 1244 547
1  mm 1257 547
1  mm 1263 547
1  mm 1269 547
1  mm 1270 547
1  mm 1272 547
0  
0  
0  
1  mm 1274 544
1  mm 1275 544
0  
0  
1  mb 1 1 1275 544
0  
0  
0  
1  mb 1 0 1275 544
0  
0  
0  
0  
0  
0  
0  
0  
0  
0  
0  
0  
0  
1  mm 1280 541
1  mm 1282 540
0  
0  
0  
0  
0  
0  
0  
0  
0  
0  
0  
0  
0  
0  
0  
0  
0  
0  
0  
0  
0  
0  
0  
0  
0  
0  
0  
0  
0  
0  
0  
0  
0  
1 T 1210649436.713000 
0  
0  
0  
0  
0  
0  
0  
0  
0  
0  
0  
0  
0  
0  
0  
0  
0  
0  
0  
0  
0  
1  kd 8 1282 540
0  
0  
0  
0  
1  ku 8 1282 540
0  
1  kd 8 1282 540
0  
0  
1  ku 8 1282 540
0  
1  kd 8 1282 540
0  
0  
1  ku 8 1282 540
1  kd 8 1282 540
0  
1  ku 8 1282 540
0  
1  kd 8 1282 540
0  
1  ku 8 1282 540
1  kd 8 1282 540
0  
0  
0  
0  
0  
0  
0  
0  
0  
0  
1  ku 8 1282 540
1  kd 8 1282 540
0  
0  
1  ku 8 1282 540
1  kd 8 1282 540
0  
0  
2  ku 8 1282 540 kd 8 1282 540
0  
0  
0  
1  ku 8 1282 540
1  kd 8 1282 540
0  
0  
1  ku 8 1282 540
1  kd 8 1282 540
0  
0  
1  ku 8 1282 540
1  kd 8 1282 540
0  
0  
1  ku 8 1282 540
0  
1  kd 8 1282 540
0  
1  ku 8 1282 540
0  
1  kd 8 1282 540
0  
1  ku 8 1282 540
0  
1  kd 8 1282 540
0  
0  
1  ku 8 1282 540
1  kd 8 1282 540
0  
0  
1  ku 8 1282 540
1  kd 8 1282 540
0  
1 T 1210649440.013000 
1  ku 8 1282 540
0  
1  kd 8 1282 540
0  
0  
1  ku 8 1282 540
1  kd 8 1282 540
0  
0  
1  ku 8 1282 540
1  kd 8 1282 540
0  
0  
1  ku 8 1282 540
0  
1  kd 8 1282 540
0  
1  ku 8 1282 540
0  
1  kd 8 1282 540
0  
0  
2  ku 8 1303 540 mm 1303 540
1  mm 1319 537
2  kd 8 1327 536 mm 1327 536
1  mm 1336 535
2  ku 8 1357 535 mm 1357 535
1  mm 1396 535
2  kd 8 1419 533 mm 1419 533
1  mm 1436 533
1  mm 1458 533
2  ku 8 1482 533 mm 1482 533
2  kd 8 1492 533 mm 1492 533
1  mm 1498 533
0  
2  ku 8 1504 533 mm 1504 533
1  mm 1505 533
1  kd 8 1505 533
1  mm 1506 533
1  mm 1516 539
2  ku 8 1531 543 mm 1531 543
1  mm 1543 546
1  mm 1549 546
1  mm 1555 546
1  mm 1560 546
1  mm 1562 546
1  mm 1563 546
0  
0  
0  
0  
0  
0  
0  
0  
0  
0  
0  
0  
0  
0  
0  
0  
0  
0  
1  mm 1555 546
1  mm 1442 546
1  mm 1262 546
1  mm 1178 557
1  mm 1128 568
1  mm 1091 582
1  mm 1057 597
1  mm 1015 611
1  mm 986 622
1  mm 962 632
1  mm 951 639
1  mm 944 644
1  mm 943 647
0  
0  
1  mm 943 648
1  mb 1 1 943 648
0  
0  
1  mb 1 0 943 648
0  
0  
0  
1  mm 949 649
1  mm 968 649
1  mm 993 645
1  mm 1016 644
1  mm 1045 642
1  mm 1082 638
1  mm 1141 627
1  mm 1204 613
1  mm 1246 602
1  mm 1279 594
1  mm 1316 585
2 T 1210649443.314000 mm 1357 580
1  mm 1388 574
1  mm 1423 566
1  mm 1452 559
1  mm 1485 554
1  mm 1500 550
1  mm 1511 547
1  mm 1523 545
1  mm 1538 544
1  mm 1557 543
1  mm 1574 542
1  mm 1588 539
1  mm 1590 539
0  
0  
0  
0  
0  
0  
0  
0  
0  
0  
0  
0  
0  
0  
0  
0  
0  
0  
0  
0  
0  
0  
0  
0  
0  
0  
0  
0  
0  
0  
0  
0  
0  
0  
0  
0  
0  
0  
0  
0  
0  
0  
0  
0  
0  
0  
0  
0  
0  
0  
0  
0  
0  
0  
0  
0  
0  
0  
0  
0  
0  
0  
0  
0  
0  
0  
0  
0  
0  
0  
0  
0  
0  
0  
0  
0  
0  
0  
0  
0  
0  
0  
0  
0  
0  
0  
0  
1 T 1210649446.613000 
0  
0  
0  
0  
0  
0  
0  
0  
0  
0  
0  
1  mb 1 1 1590 539
0  
0  
0  
2 t 1210649447 mb 1 0 1590 539
1 wb 1 0 
1 wb 1 0 
1 wb 1 0 
1 wb 1 0 
1 wb 1 0 
1 wb 1 0 
1 wb 1 0 
1 wb 1 0 
1 wb 1 0 
1 wb 1 0 
1 wb 1 0 
1 wb 1 0 
1 wb 1 0 
1 wb 1 0 
1 wb 1 0 
4 wb 1 1 wb 1 2 87 server1.onehouronelife.com
8005
96
http://onehouronelife.com/updateServer/server.php
OK wb 1 2 87 server1.onehouronelife.com
8005
96
http://onehouronelife.com/updateServer/server.php
OK T 1210649447.668000 
0  
1 T 1210649447.735000 
1 T 1210649447.768000 
1 T 1210649447.801000 
1 T 1210649447.834000 
1 T 1210649447.867000 
1 T 1210649447.899000 
1 T 1210649447.933000 
1 T 1210649447.966000 
1 T 1210649447.999000 
1 T 1210649448.032000 
1 T 1210649448.065000 
1 T 1210649448.098000 
1 T 1210649448.131000 
1 T 1210649448.164000 
1 T 1210649448.197000 
1 T 1210649448.230000 
1 T 1210649448.262000 
1 T 1210649448.296000 
1 T 1210649448.329000 
1 T 1210649448.362000 
1 T 1210649448.395000 
1 T 1210649448.428000 
1 T 1210649448.461000 
1 T 1210649448.494000 
1 T 1210649448.527000 
1 T 1210649448.560000 
1 T 1210649448.593000 
1 T 1210649448.626000 
1 T 1210649448.659000 
6 T 1210649448.692000 xs 1 2 21 534E0A32392F3230300A3139333036360A39360A23 xs 1 2 0 xs 1 0 7 T 1210649448.693000 xs 1 0 169 
2 T 1210649448.725000 xs 1 2 0 
2 T 1210649448.758000 xs 1 2 0 
3 T 1210649448.791000 xs 1 2 0 mm 1589 539
3 T 1210649448.824000 xs 1 2 0 mm 1584 539
2 T 1210649448.857000 xs 1 2 0 
2 T 1210649448.890000 xs 1 2 0 
2 T 1210649448.923000 xs 1 2 0 
4 T 1210649448.956000 xs 1 2 10 52454A45435445440A23 xs 1 3 -1 T 1210649448.957000 
1 T 1210649448.989000 
1 T 1210649449.022000 
1 T 1210649449.055000 
1 T 1210649449.088000 
1 T 1210649449.121000 
1 T 1210649449.154000 
1 T 1210649449.187000 
1 T 1210649449.220000 
2 T 1210649449.253000 mm 1582 539
2 T 1210649449.286000 mm 1581 539
1 T 1210649449.318000 
1 T 1210649449.352000 
1 T 1210649449.385000 
2 T 1210649449.419000 mm 1580 539
2 T 1210649449.451000 mm 1553 520
2 T 1210649449.484000 mm 1493 477
2 T 1210649449.517000 mm 1398 415
2 T 1210649449.550000 mm 1280 339
2 T 1210649449.584000 mm 1177 268
2 T 1210649449.616000 mm 1119 226
2 T 1210649449.650000 mm 1083 204
2 T 1210649449.683000 mm 1072 195
2 T 1210649449.716000 mm 1058 180
2 T 1210649449.749000 mm 1041 164
2 T 1210649449.781000 mm 1028 151
2 T 1210649449.814000 mm 1006 134
2 T 1210649449.848000 mm 993 123
2 T 1210649449.879000 mm 984 112
2 T 1210649449.913000 mm 984 111
2 T 1210649449.946000 mb 1 1 984 111
1 T 1210649449.979000 
1 T 1210649450.012000 
1 T 1210649450.045000 
1 T 1210649450.078000 
1  mb 1 0 984 111
0  
0  
0  
0  
0  
0  
0  
0  
0  
1  mm 980 150
1  mm 977 220
1  mm 973 285
1  mm 956 354
1  mm 920 429
1  mm 888 480
1  mm 865 518
1  mm 850 551
1  mm 844 567
1  mm 843 578
1  mm 843 592
1  mm 844 597
1  mm 846 600
1  mm 847 601
1  mm 847 603
1  mm 848 610
1  mm 848 627
1  mm 848 639
1  mm 848 647
1  mm 848 658
1  mm 848 666
1  mm 848 670
1  mm 839 682
1  mm 810 696
1  mm 772 709
1  mm 716 718
1  mm 671 732
1  mm 642 741
1  mm 617 746
0  
1  mm 619 741
0  
0  
0  
0  
0  
0  
0  
0  
0  
0  
0  
0  
0  
0  
0  
0  
0  
0  
1  mm 641 701
1  mm 718 610
1  mm 816 526
1  mm 907 479
1  mm 974 445
1  mm 1039 419
1  mm 1112 393
1  mm 1194 364
1  mm 1238 341
1  mm 1239 340
0  
1  mm 1233 337
1  mm 1198 336
1  mm 1167 333
1  mm 1156 333
1  mm 1155 333
0  
1  mb 1 1 1155 333
0  
0  
0  
1  mb 1 0 1155 333
0  
0  
0  
0  
0  
0  
0  
0  
0  
0  
0  
0  
0  
1 T 1210649453.213000 
0  
0  
0  
1  mm 1136 343
1  mm 1109 352
1  mm 1093 358
1  mm 1090 359
0  
1  mm 1090 360
1  mm 1084 365
1  mm 1080 368
1  mm 1077 371
1  mm 1073 374
1  mm 1069 378
1  mm 1065 382
1  mm 1062 385
1  mm 1059 388
1  mm 1058 389
0  
1  mm 1056 391
1  mm 1052 394
0  
0  
0  
0  
0  
0  
0  
0  
0  
1  mm 1050 395
1  mm 1044 398
1  mm 1043 398
1  mm 1041 400
0  
0  
0  
0  
0  
1  mm 1060 400
1  mm 1104 384
1  mm 1154 360
1  mm 1189 349
1  mm 1205 345
1  mm 1207 344
0  
0  
0  
0  
0  
0  
0  
1  mm 1213 344
1  mm 1215 344
0  
0  
0  
0  
0  
0  
0  
1  mb 1 1 1215 344
0  
0  
0  
0  
1  mb 1 0 1215 344
0  
0  
0  
1  mm 1218 344
0  
0  
0  
0  
0  
0  
1  mm 1196 344
1  mm 1148 344
1  mm 1099 344
1  mm 1067 344
1  mm 1045 343
1  mm 1020 343
1  mm 1008 343
1  mm 1000 343
1  mm 987 343
1  mm 972 343
1  mm 959 343
1  mm 950 343
1  mm 944 343
1  mm 941 343
0  
0  
0  
1  mm 941 342
1  mm 951 336
1  mm 969 329
1  mm 978 326
0  
1 T 1210649456.513000 
0  
0  
1  mb 1 1 978 326
0  
0  
0  
0  
1  mb 1 0 978 326
0  
0  
0  
1  mm 982 334
1  mm 998 362
1  mm 1045 400
1  mm 1123 440
1  mm 1183 474
1  mm 1229 517
1  mm 1258 575
1  mm 1278 632
1  mm 1303 696
1  mm 1324 726
1  mm 1334 729
1  mm 1342 729
1  mm 1362 714
1  mm 1396 667
1  mm 1419 621
1  mm 1431 586
1  mm 1436 571
1  mm 1441 565
1  mm 1445 563
1  mm 1458 561
1  mm 1482 558
1  mm 1501 557
1  mm 1524 555
1  mm 1543 553
1  mm 1561 552
1  mm 1567 551
0  
0  
0  
0  
0  
0  
0  
0  
0  
0  
0  
0  
0  
1  mb 1 1 1567 551
0  
0  
0  
0  
0  
0  
0  
2 t 1210649458 mb 1 0 1567 551
1 wb 2 0 
1 wb 2 0 
1 wb 2 0 
1 wb 2 0 
1 wb 2 0 
1 wb 2 0 
1 wb 2 0 
1 wb 2 0 
1 wb 2 0 
1 wb 2 0 
1 wb 2 0 
1 wb 2 0 
1 wb 2 0 
1 wb 2 0 
1 wb 2 0 
4 wb 2 1 wb 2 2 87 server1.onehouronelife.com
8005
96
http://onehouronelife.com/updateServer/server.php
OK wb 2 2 87 server1.onehouronelife.com
8005
96
http://onehouronelife.com/updateServer/server.php
OK T 1210649458.988000 
0  
1 T 1210649459.054000 
1 T 1210649459.087000 
1 T 1210649459.120000 
1 T 1210649459.153000 
1 T 1210649459.186000 
1 T 1210649459.219000 
1 T 1210649459.251000 
1 T 1210649459.285000 
1 T 1210649459.318000 
1 T 1210649459.351000 
2 T 1210649459.384000 mm 1568 551
2 T 1210649459.417000 mm 1561 550
2 T 1210649459.449000 mm 1539 548
2 T 1210649459.483000 mm 1487 541
2 T 1210649459.516000 mm 1442 533
2 T 1210649459.549000 mm 1399 524
2 T 1210649459.582000 mm 1372 517
2 T 1210649459.615000 mm 1343 511
2 T 1210649459.648000 mm 1319 504
2 T 1210649459.681000 mm 1303 499
2 T 1210649459.715000 mm 1299 498
2 T 1210649459.747000 mm 1299 497
1 T 1210649459.780000 
1 T 1210649459.813000 
1 T 1210649459.846000 
1 T 1210649459.879000 
1 T 1210649459.912000 
1 T 1210649459.945000 
1 T 1210649459.978000 
4 T 1210649460.011000 xs 2 2 21 534E0A32392F3230300A3139333037310A39360A23 xs 2 2 0 xs 2 0 169 
2 T 1210649460.044000 xs 2 2 0 
2 T 1210649460.076000 xs 2 2 0 
2 T 1210649460.110000 xs 2 2 0 
2 T 1210649460.144000 xs 2 2 0 
2 T 1210649460.175000 xs 2 2 0 
2 T 1210649460.209000 xs 2 2 0 
2 T 1210649460.242000 xs 2 2 0 
2 T 1210649460.275000 xs 2 2 0 
4 T 1210649460.308000 xs 2 2 10 52454A45435445440A23 xs 2 3 -1 T 1210649460.310000 
1 T 1210649460.341000 
1 T 1210649460.374000 
1 T 1210649460.406000 
1 T 1210649460.440000 
1 T 1210649460.473000 
1 T 1210649460.506000 
1 T 1210649460.539000 
1 T 1210649460.572000 
1 T 1210649460.605000 
1 T 1210649460.638000 
1 T 1210649460.670000 
1 T 1210649460.704000 
1 T 1210649460.737000 
2 T 1210649460.770000 mm 1233 506
2 T 1210649460.803000 mm 1001 564
2 T 1210649460.836000 mm 790 629
2 T 1210649460.869000 mm 695 679
2 T 1210649460.902000 mm 658 716
2 T 1210649460.935000 mm 629 760
2 T 1210649460.968000 mm 598 794
2 T 1210649461.001000 mm 572 819
2 T 1210649461.034000 mm 548 842
2 T 1210649461.066000 mm 519 873
2 T 1210649461.100000 mm 491 901
2 T 1210649461.133000 mm 457 926
2 T 1210649461.166000 mm 419 950
2 T 1210649461.199000 mm 391 969
2 T 1210649461.232000 mm 378 977
2 T 1210649461.265000 mm 370 980
2 T 1210649461.298000 mm 368 982
1 T 1210649461.331000 
1 T 1210649461.364000 
2 T 1210649461.397000 mb 1 1 368 982
1 T 1210649461.429000 
0  
0  
1  mb 1 0 368 982
