1208609117 seed, 30 fps, 1920x1080, fullScreen=1, version77_mouseSpeed1.000000_musicOff0_musicLoudness1.000000_webRetrySeconds16 A8E911AAD8A71F20E335AC9B5460F7FDD709DC70
3 T 1208609118.076000 mm 431 919 mm 428 921
1  mm 431 919
1  mm 560 854
1  mm 557 853
0  
1  mm 556 853
0  
1  mm 550 850
1  mm 545 849
1  mm 538 847
1  mm 525 844
1  mm 519 842
1  mm 515 840
1  mm 497 839
1  mm 464 836
1  mm 448 835
1  mm 446 835
1  mm 445 835
1  mm 436 835
1  mm 414 840
1  mm 397 845
1  mm 387 848
1  mm 373 854
1  mm 359 862
1  mm 348 869
1  mm 339 874
1  mm 335 876
1  mm 333 877
1  mm 329 879
0  
1  mm 326 882
1  mm 321 885
1  mm 316 890
1  mm 314 891
0  
1  mm 303 900
1  mm 304 900
0  
0  
0  
0  
0  
0  
0  
0  
0  
0  
0  
0  
0  
1  mm 304 899
0  
0  
1  mm 291 898
1  mm 287 898
1  mm 286 898
0  
1  mm 284 898
1  mm 271 898
1  mm 256 898
1  mm 241 898
1  mm 226 898
1  mm 209 898
1  mm 207 898
3 T 1208609121.625000 T 1208609121.629000 mm 211 884
2 T 1208609121.658000 mm 212 884
2 T 1208609121.690000 mm 214 880
2 T 1208609121.724000 mm 215 880
1 T 1208609121.757000 
1 T 1208609121.790000 
1 T 1208609121.823000 
1 T 1208609121.856000 
2 T 1208609121.889000 mm 217 877
1 T 1208609121.922000 
2 T 1208609121.955000 mm 218 877
2 T 1208609121.989000 mm 223 880
2 T 1208609122.021000 mm 225 881
2 T 1208609122.055000 mm 231 884
2 T 1208609122.087000 mm 241 888
2 T 1208609122.121000 mm 257 891
2 T 1208609122.154000 mm 258 891
2 T 1208609122.187000 mm 259 891
2 T 1208609122.221000 mm 266 887
2 T 1208609122.253000 mm 269 884
1 T 1208609122.285000 
2 T 1208609122.318000 mm 273 891
2 T 1208609122.351000 mm 301 921
2 T 1208609122.384000 mm 357 960
2 T 1208609122.418000 mm 430 988
2 T 1208609122.450000 mm 441 993
2 T 1208609122.484000 mm 442 995
2 T 1208609122.516000 mm 437 997
2 T 1208609122.549000 mm 431 997
2 T 1208609122.581000 mm 414 996
2 T 1208609122.616000 mm 389 977
2 T 1208609122.649000 mm 378 967
1 T 1208609122.681000 
1 T 1208609122.714000 
1 T 1208609122.746000 
2 T 1208609122.780000 mb 1 1 378 967
0  
0  
1  mb 1 0 378 967
