1207986580 seed, 30 fps, 1920x1080, fullScreen=1, version73_mouseSpeed1.000000_musicOff0_musicLoudness1.000000_webRetrySeconds16 39F5D403D9734472EB90545B8404B1BC918AF16B
3 T 1207986581.724000 mm 968 540 mm 1092 530
1  mm 1154 521
1  mm 1613 362
0  
0  
0  
0  
0  
0  
0  
0  
0  
0  
0  
0  
0  
0  
0  
0  
0  
0  
0  
1  mm 1612 361
0  
0  
0  
0  
0  
0  
0  
0  
0  
0  
0  
0  
0  
0  
0  
0  
0  
0  
0  
0  
0  
0  
0  
0  
0  
0  
1  mm 1610 364
1  mm 1609 367
1  mm 1608 369
1  mm 1607 370
1  mm 1606 374
1  mm 1603 380
1  mm 1593 393
1  mm 1590 400
1  mm 1584 409
1  mm 1580 417
1  mm 1576 418
1  mm 1559 420
1  mm 1536 419
1  mm 1524 419
1  mm 1493 419
3 T 1207986584.371000 T 1207986584.374000 mm 1489 419
0  
0  
1 T 1207986584.391000 
1 T 1207986584.407000 
1 T 1207986584.424000 
1 T 1207986584.441000 
1 T 1207986584.457000 
1 T 1207986584.474000 
1 T 1207986584.491000 
1 T 1207986584.507000 
1 T 1207986584.524000 
1 T 1207986584.541000 
1 T 1207986584.558000 
1 T 1207986584.575000 
1 T 1207986584.591000 
1 T 1207986584.608000 
1 T 1207986584.624000 
1 T 1207986584.641000 
1 T 1207986584.657000 
1 T 1207986584.675000 
1 T 1207986584.691000 
1 T 1207986584.707000 
1 T 1207986584.724000 
1 T 1207986584.741000 
1 T 1207986584.758000 
1 T 1207986584.774000 
1 T 1207986584.791000 
1 T 1207986584.808000 
2 T 1207986584.825000 mm 1489 422
2 T 1207986584.842000 mm 1489 423
2 T 1207986584.858000 mm 1489 424
2 T 1207986584.875000 mm 1489 425
2 T 1207986584.891000 mm 1490 425
2 T 1207986584.908000 mm 1491 425
3 T 1207986584.924000 T 1207986584.925000 mm 1493 425
2 T 1207986584.941000 mm 1495 425
2 T 1207986584.958000 mm 1497 427
2 T 1207986584.976000 mm 1501 433
2 T 1207986584.991000 mm 1503 445
2 T 1207986585.008000 mm 1505 456
2 T 1207986585.024000 mm 1507 466
2 T 1207986585.041000 mm 1507 476
2 T 1207986585.057000 mm 1507 488
2 T 1207986585.074000 mm 1507 507
2 T 1207986585.091000 mm 1506 514
2 T 1207986585.108000 mm 1505 518
1 T 1207986585.145000 
0  
1 T 1207986585.157000 
1 T 1207986585.174000 
1 T 1207986585.191000 
1 T 1207986585.207000 
1 T 1207986585.224000 
1 T 1207986585.240000 
1 T 1207986585.257000 
1 T 1207986585.274000 
1 T 1207986585.290000 
1 T 1207986585.308000 
1 T 1207986585.324000 
1 T 1207986585.341000 
2 T 1207986585.358000 mm 1506 518
1 T 1207986585.374000 
1 T 1207986585.391000 
1 T 1207986585.407000 
1 T 1207986585.424000 
1 T 1207986585.441000 
1 T 1207986585.457000 
1 T 1207986585.474000 
0  
0  
0  
0  
0  
0  
0  
0  
0  
0  
0  
0  
0  
0  
0  
0  
1  mb 1 1 1506 518
0  
0  
0  
0  
0  
0  
0  
0  
0  
1  mb 1 0 1506 518
0  
0  
0  
0  
0  
0  
0  
0  
0  
0  
0  
0  
0  
0  
0  
0  
0  
0  
0  
0  
0  
0  
0  
0  
0  
0  
0  
0  
0  
0  
0  
0  
0  
0  
0  
0  
0  
0  
0  
1 T 1207986586.590000 
0  
0  
0  
0  
0  
0  
0  
0  
0  
0  
0  
0  
0  
0  
0  
0  
0  
0  
0  
0  
0  
0  
0  
0  
0  
0  
0  
0  
0  
0  
0  
0  
0  
0  
0  
0  
0  
0  
0  
0  
0  
0  
0  
0  
0  
0  
0  
0  
0  
0  
0  
0  
0  
0  
0  
0  
0  
0  
0  
0  
0  
0  
0  
0  
0  
0  
0  
0  
0  
0  
0  
0  
0  
0  
0  
0  
0  
0  
0  
0  
0  
0  
0  
0  
0  
0  
0  
0  
0  
0  
0  
0  
0  
0  
0  
0  
0  
0  
0  
1 T 1207986588.256000 
0  
0  
0  
0  
0  
0  
0  
0  
0  
0  
0  
0  
0  
0  
0  
0  
0  
0  
0  
1  mm 1526 522
1  mm 1552 529
1  mm 1574 537
1  mm 1597 542
1  mm 1607 544
1  mm 1612 545
0  
0  
0  
0  
0  
0  
0  
1  mm 1605 548
1  mm 1592 552
1  mm 1580 555
1  mm 1562 559
1  mm 1548 564
1  mm 1532 570
1  mm 1524 576
1  mm 1519 582
1  mm 1516 591
1  mm 1515 594
1  mm 1514 596
1  mm 1514 597
0  
0  
0  
0  
0  
0  
1  mm 1514 598
1  mm 1520 595
1  mm 1529 587
1  mm 1533 583
1  mm 1537 578
1  mm 1540 570
1  mm 1540 565
1  mm 1540 562
1  mm 1540 556
1  mm 1540 552
1  mm 1536 547
1  mm 1535 544
1  mm 1532 542
0  
0  
0  
0  
0  
0  
0  
0  
0  
0  
0  
0  
0  
0  
0  
0  
0  
0  
0  
0  
0  
0  
0  
0  
0  
1  mb 1 1 1532 542
0  
0  
0  
0  
0  
0  
0  
1  mb 1 0 1532 542
0  
0  
1 T 1207986589.922000 
0  
0  
1  mb 1 1 1532 542
0  
0  
0  
0  
0  
0  
0  
1  mb 1 0 1532 542
0  
0  
0  
1  mb 1 1 1532 542
0  
0  
0  
0  
0  
0  
1  mb 1 0 1532 542
0  
0  
1  mb 1 1 1532 542
0  
0  
0  
0  
0  
1  mb 1 0 1532 542
0  
0  
0  
0  
0  
0  
0  
0  
0  
0  
0  
0  
0  
1  mb 1 1 1532 542
0  
0  
0  
0  
0  
1  mb 1 0 1532 542
0  
0  
0  
0  
1  mb 1 1 1532 542
0  
0  
0  
1  mb 1 0 1532 542
0  
0  
0  
1  mb 1 1 1532 542
0  
0  
0  
0  
0  
1  mb 1 0 1532 542
1  mm 1531 542
1  mm 1504 542
1  mm 1453 542
1  mm 1347 550
1  mm 1276 550
1  mm 1247 550
1  mm 1213 550
1  mm 1152 559
1  mm 1076 574
1  mm 950 593
1  mm 813 605
1  mm 687 605
1  mm 618 607
1  mm 575 615
1  mm 552 618
1  mm 546 620
0  
0  
0  
0  
0  
0  
1  mm 545 620
1  mm 542 627
1  mm 532 640
1  mm 518 653
1  mm 501 663
1  mm 474 677
1  mm 459 686
2 T 1207986591.588000 mm 443 692
1  mm 433 698
1  mm 422 701
1  mm 419 705
1  mm 415 706
0  
0  
1  mm 414 706
1  mm 409 709
1  mm 406 711
1  mm 399 713
1  mm 397 713
1  mm 396 714
1  mm 394 715
1  mm 391 715
0  
0  
0  
0  
0  
0  
0  
1  mb 1 1 391 715
0  
0  
0  
0  
0  
0  
2 F 0.000000 mb 1 0 391 715
1 F 0.000000 
3 af 0 af 1 F 0.000000 
1 F 0.000000 
1 F 0.000000 
1 F 0.000000 
1 F 0.000000 
1 F 0.000000 
1 F 0.000000 
1 F 0.000000 
1 F 0.000000 
1 F 0.000000 
1 F 0.000000 
2 F 0.000000 mm 400 715
2 F 0.000000 mm 430 715
2 F 0.000000 mm 461 715
2 F 0.000000 mm 501 712
2 F 0.000000 mm 553 710
2 F 0.000000 mm 661 705
2 F 0.000000 mm 740 701
2 F 0.000000 mm 862 701
2 F 0.000000 mm 988 701
2 F 0.000000 mm 1113 717
2 F 0.000000 mm 1219 737
2 F 0.000000 mm 1296 756
2 F 0.000000 mm 1330 766
2 F 0.000000 mm 1354 777
2 F 0.000000 mm 1360 781
2 F 0.000000 mm 1361 782
2 F 0.000000 mm 1361 793
2 F 0.000000 mm 1356 802
2 F 0.000000 mm 1343 819
2 F 0.000000 mm 1324 837
2 F 0.000000 mm 1301 855
2 F 0.000000 mm 1284 865
2 F 0.000000 mm 1265 874
2 F 0.000000 mm 1251 879
2 F 0.000000 mm 1240 880
2 F 0.000000 mm 1219 882
2 F 0.000000 mm 1191 886
2 F 0.000000 mm 1141 886
2 F 0.000000 mm 1112 886
2 F 0.000000 mm 1097 886
2 F 0.000000 mm 1050 886
2 F 0.000000 mm 1019 885
2 F 0.000000 mm 989 885
2 F 0.000000 mm 974 885
2 F 0.000000 mm 963 885
2 F 0.000000 mm 957 885
2 F 0.000000 mm 954 885
2 F 0.000000 mm 949 885
2 F 0.000000 mm 943 885
2 F 0.000000 mm 936 885
2 F 0.000000 mm 925 886
2 F 0.000000 mm 918 887
1 F 0.000000 
2 F 0.000000 mm 913 889
2 F 0.000000 mm 906 895
2 F 0.000000 mm 899 902
2 F 0.000000 mm 896 907
2 F 0.000000 mm 895 911
2 F 0.000000 mm 895 912
2 F 0.000000 mm 895 914
2 F 0.000000 mm 896 915
2 F 0.000000 mm 900 915
2 F 0.000000 mm 907 917
2 F 0.000000 mm 908 918
2 F 0.000000 mm 914 918
2 F 0.000000 mm 917 918
2 F 0.000000 mm 920 918
2 F 0.000000 mm 923 918
3 T 1207986593.254000 F 0.000000 mm 927 918
2 F 0.000000 mm 932 918
2 F 0.000000 mm 939 918
2 F 0.000000 mm 941 917
2 F 0.000000 mm 945 917
2 F 0.000000 mm 946 917
2 F 0.000000 mm 947 917
2 F 0.000000 mm 948 916
2 F 0.000000 mm 949 916
2 F 0.000000 mm 951 916
1 F 0.000000 
1 F 0.000000 
1 F 0.000000 
1 F 0.000000 
1 F 0.000000 
2 F 0.000000 mm 952 916
2 F 0.000000 mm 953 916
2 F 0.000000 mm 954 916
1 F 0.000000 
1 F 0.000000 
1 F 0.000000 
1 F 0.000000 
1 F 0.000000 
1 F 0.000000 
1 F 0.000000 
1 F 0.000000 
1 F 0.000000 
1 F 0.000000 
1 F 0.000000 
1 F 0.000000 
1 F 0.000000 
1 F 0.000000 
1 F 0.000000 
1 F 0.000000 
1 F 0.000000 
1 F 0.000000 
1 F 0.000000 
1 F 0.000000 
1 F 0.000000 
1 F 0.000000 
1 F 0.000000 
1 F 0.000000 
1 F 0.000000 
1 F 0.000000 
1 F 0.000000 
1 F 0.000000 
1 F 0.000000 
1 F 0.000000 
1 F 0.000000 
1 F 0.000000 
1 F 0.000000 
1 F 0.000000 
1 F 0.000000 
1 F 0.000000 
1 F 0.000000 
1 F 0.000000 
1 F 0.000000 
1 F 0.000000 
1 F 0.000000 
1 F 0.000000 
1 F 0.000000 
1 F 0.000000 
1 F 0.000000 
1 F 0.000000 
1 F 0.000000 
1 F 0.000000 
1 F 0.000000 
1 F 0.000000 
1 F 0.000000 
1 F 0.000000 
1 F 0.000000 
1 F 0.000000 
1 F 0.000000 
1 F 0.000000 
1 F 0.000000 
1 F 0.000000 
1 F 0.000000 
1 F 0.000000 
1 F 0.000000 
1 F 0.000000 
1 F 0.000000 
1 F 0.000000 
1 F 0.000000 
1 F 0.000000 
1 F 0.000000 
1 F 0.000000 
1 F 0.000000 
1 F 0.000000 
1 F 0.000000 
1 F 0.000000 
1 F 0.000000 
1 F 0.000000 
2 F 0.000000 mm 955 916
1 F 0.000000 
2 F 0.000000 mm 955 915
2 F 0.000000 mm 955 913
1 F 0.000000 
1 F 0.000000 
1 F 0.000000 
1 F 0.000000 
2 T 1207986594.937000 F 0.000000 
1 F 0.000000 
1 F 0.000000 
1 F 0.000000 
1 F 0.000000 
1 F 0.000000 
1 F 0.000000 
1 F 0.000000 
1 F 0.000000 
1 F 0.000000 
1 F 0.000000 
1 F 0.000000 
1 F 0.000000 
1 F 0.000000 
1 F 0.000000 
1 F 0.000000 
1 F 0.000000 
1 F 0.000000 
1 F 0.000000 
1 F 0.000000 
1 F 0.000000 
1 F 0.000000 
1 F 0.000000 
1 F 0.000000 
1 F 0.000000 
1 F 0.000000 
1 F 0.000000 
1 F 0.000000 
2 F 0.000000 mm 954 913
2 F 0.000000 mm 951 913
2 F 0.000000 mm 948 913
2 F 0.000000 mm 944 913
1 F 0.000000 
1 F 0.000000 
1 F 0.000000 
1 F 0.000000 
1 F 0.000000 
1 F 0.000000 
1 F 0.000000 
1 F 0.000000 
1 F 0.000000 
1 F 0.000000 
1 F 0.000000 
1 F 0.000000 
1 F 0.000000 
1 F 0.000000 
1 F 0.000000 
1 F 0.000000 
1 F 0.000000 
1 F 0.000000 
1 F 0.000000 
1 F 0.000000 
1 F 0.000000 
1 F 0.000000 
1 F 0.000000 
1 F 0.000000 
1 F 0.000000 
1 F 0.000000 
1 F 0.000000 
2 F 0.000000 mb 1 1 944 913
1 F 0.000000 
1 F 0.000000 
1 F 0.000000 
1 F 0.000000 
1 F 0.000000 
1 F 0.000000 
1 F 0.000000 
3 T 1207986596.053000 T 1207986596.054000 mb 1 0 944 913
1 T 1207986596.070000 
1 T 1207986596.087000 
1 T 1207986596.103000 
1 T 1207986596.120000 
1 T 1207986596.137000 
1 T 1207986596.153000 
1 T 1207986596.170000 
1 T 1207986596.187000 
1 T 1207986596.204000 
2 T 1207986596.221000 mm 945 913
2 T 1207986596.237000 mm 954 913
2 T 1207986596.254000 mm 964 914
2 T 1207986596.270000 mm 984 915
2 T 1207986596.287000 mm 1014 916
2 T 1207986596.304000 mm 1047 916
2 T 1207986596.321000 mm 1117 904
2 T 1207986596.337000 mm 1171 891
2 T 1207986596.353000 mm 1226 873
2 T 1207986596.370000 mm 1272 857
2 T 1207986596.387000 mm 1328 835
2 T 1207986596.404000 mm 1380 798
2 T 1207986596.420000 mm 1432 762
2 T 1207986596.438000 mm 1470 726
2 T 1207986596.455000 mm 1503 677
2 T 1207986596.471000 mm 1523 636
2 T 1207986596.488000 mm 1533 597
2 T 1207986596.505000 mm 1535 575
2 T 1207986596.521000 mm 1534 555
2 T 1207986596.538000 mm 1531 550
2 T 1207986596.554000 mm 1527 541
2 T 1207986596.571000 mm 1527 534
2 T 1207986596.587000 mm 1527 531
3 T 1207986596.603000 T 1207986596.604000 mm 1527 528
2 T 1207986596.629000 mm 1527 525
1 T 1207986596.638000 
2 T 1207986596.654000 mm 1527 524
2 T 1207986596.670000 mm 1526 522
2 T 1207986596.687000 mm 1525 521
2 T 1207986596.704000 mm 1522 519
2 T 1207986596.721000 mm 1518 514
2 T 1207986596.737000 mm 1515 513
2 T 1207986596.753000 mm 1513 511
2 T 1207986596.770000 mm 1512 511
1 T 1207986596.787000 
1 T 1207986596.804000 
1 T 1207986596.821000 
1 T 1207986596.837000 
1 T 1207986596.854000 
1 T 1207986596.871000 
1 T 1207986596.887000 
1 T 1207986596.904000 
1 T 1207986596.921000 
1 T 1207986596.937000 
1 T 1207986596.954000 
1 T 1207986596.970000 
1 T 1207986596.987000 
1 T 1207986597.003000 
1 T 1207986597.020000 
1 T 1207986597.037000 
1 T 1207986597.054000 
1 T 1207986597.071000 
1 T 1207986597.087000 
1 T 1207986597.104000 
1 T 1207986597.120000 
1 T 1207986597.137000 
1 T 1207986597.154000 
0  
0  
0  
0  
0  
0  
0  
0  
0  
0  
0  
0  
0  
0  
0  
0  
0  
0  
0  
0  
0  
0  
0  
0  
0  
0  
0  
1  mm 1506 511
1  mm 1482 516
1  mm 1450 523
1  mm 1375 543
1  mm 1293 569
1  mm 1181 603
1  mm 1017 657
1  mm 907 700
1  mm 802 750
1  mm 694 796
1  mm 590 841
1  mm 532 868
1  mm 506 880
1  mm 488 889
1  mm 473 894
1  mm 456 899
1  mm 443 905
1  mm 432 908
1  mm 425 910
1  mm 421 911
1  mm 417 913
1  mm 413 914
1  mm 405 917
1  mm 396 922
1  mm 388 925
1  mm 381 930
1  mm 378 933
1  mm 377 933
1  mm 374 936
1  mm 374 937
1  mm 372 940
1  mm 368 946
1  mm 365 950
1  mm 362 955
1  mm 359 958
1  mm 356 962
1  mm 354 965
1  mm 354 967
1  mm 352 967
2 T 1207986598.269000 mm 351 968
0  
1  mm 351 969
0  
0  
0  
0  
0  
0  
0  
0  
0  
0  
0  
0  
0  
0  
0  
0  
0  
1  mb 1 1 351 969
0  
0  
0  
0  
0  
0  
0  
0  
1  mb 1 0 351 969
