1209465679 seed, 30 fps, 1920x1080, fullScreen=1, version88_mouseSpeed1.000000_musicOff0_musicLoudness0.000000_webRetrySeconds16 A02A45BA434E94DB1A201CC66DC4CA38BA55CCCB
2 T 1209465682.138000 mm 960 540
0  
0  
0  
0  
0  
0  
0  
0  
0  
0  
0  
0  
0  
0  
0  
0  
0  
0  
0  
0  
0  
0  
0  
0  
0  
0  
0  
0  
0  
0  
0  
0  
0  
0  
0  
0  
0  
0  
0  
0  
0  
0  
0  
0  
0  
0  
0  
0  
0  
0  
0  
0  
0  
0  
0  
0  
0  
0  
0  
0  
0  
0  
0  
3 T 1209465685.727000 T 1209465685.730000 mm 1326 331
1 T 1209465685.760000 
1 T 1209465685.793000 
1 T 1209465685.826000 
1 T 1209465685.858000 
1 T 1209465685.892000 
1 T 1209465685.925000 
1 T 1209465685.959000 
1 T 1209465685.991000 
1 T 1209465686.024000 
1 T 1209465686.057000 
1 T 1209465686.090000 
2 T 1209465686.124000 mm 1145 387
2 T 1209465686.157000 mm 820 519
2 T 1209465686.189000 mm 475 725
2 T 1209465686.222000 mm 259 883
2 T 1209465686.256000 mm 223 947
2 T 1209465686.288000 mm 226 962
2 T 1209465686.321000 mm 230 968
2 T 1209465686.355000 mm 234 970
2 T 1209465686.387000 mm 240 971
1 T 1209465686.421000 
2 T 1209465686.454000 mm 251 981
2 T 1209465686.487000 mm 316 983
2 T 1209465686.520000 mm 376 965
2 T 1209465686.553000 mm 390 958
1 T 1209465686.585000 
1 T 1209465686.618000 
1 T 1209465686.651000 
1 T 1209465686.684000 
2 T 1209465686.717000 mb 1 1 390 958
1 T 1209465686.750000 
1 T 1209465686.783000 
1  mb 1 0 390 958
