1207954682 seed, 30 fps, 1920x1080, fullScreen=1, version73_mouseSpeed1.000000_musicOff0_musicLoudness1.000000_webRetrySeconds16 39F5D403D9734472EB90545B8404B1BC918AF16B
3 T 1207954683.626000 mm 1919 70 mm 1919 1
1  mm 1919 5
1  mm 1513 282
0  
0  
0  
0  
0  
0  
0  
0  
0  
0  
0  
0  
0  
0  
0  
0  
0  
0  
0  
0  
0  
0  
0  
0  
0  
0  
0  
0  
0  
0  
0  
0  
0  
0  
0  
0  
0  
0  
0  
0  
0  
0  
0  
0  
0  
0  
0  
0  
0  
0  
0  
0  
0  
0  
0  
0  
0  
0  
0  
0  
0  
2 T 1207954687.221000 T 1207954687.224000 
1 T 1207954687.253000 
1 T 1207954687.285000 
1 T 1207954687.319000 
1 T 1207954687.352000 
1 T 1207954687.384000 
1 T 1207954687.417000 
1 T 1207954687.451000 
1 T 1207954687.483000 
1 T 1207954687.516000 
2 T 1207954687.549000 mm 1515 282
1 T 1207954687.583000 
1 T 1207954687.616000 
1 T 1207954687.648000 
1 T 1207954687.681000 
1 T 1207954687.714000 
2 T 1207954687.747000 mm 1516 282
1 T 1207954687.780000 
1 T 1207954687.813000 
2 T 1207954687.846000 mm 1518 282
2 T 1207954687.879000 mm 1520 282
2 T 1207954687.912000 mm 1521 277
2 T 1207954687.945000 mm 1521 271
2 T 1207954687.979000 mm 1521 266
2 T 1207954688.011000 mm 1520 262
2 T 1207954688.044000 mm 1518 261
2 T 1207954688.078000 mm 1517 261
2 T 1207954688.111000 mm 1517 259
2 T 1207954688.146000 mm 1514 254
2 T 1207954688.176000 mm 1513 251
2 T 1207954688.209000 mm 1511 248
2 T 1207954688.242000 mm 1510 243
2 T 1207954688.275000 mm 1509 239
2 T 1207954688.309000 mm 1509 236
2 T 1207954688.342000 mm 1509 232
2 T 1207954688.374000 mm 1509 228
1  mm 1507 224
1  mm 1506 220
1  mm 1504 208
1  mm 1503 200
1  mm 1501 193
1  mm 1499 188
1  mm 1495 176
1  mm 1493 172
1  mm 1492 171
1  mm 1479 171
1  mm 1424 171
1  mm 1322 171
1  mm 1304 171
0  
1  mm 1305 171
1  mm 1321 171
1  mm 1358 181
1  mm 1407 200
1  mm 1440 212
1  mm 1451 213
0  
0  
1  mm 1428 240
1  mm 1335 300
1  mm 1138 374
1  mm 851 456
1  mm 593 540
1  mm 476 602
1  mm 446 633
1  mm 434 658
1  mm 434 661
0  
1  mm 434 663
1  mm 433 674
1  mm 424 688
1  mm 402 705
1  mm 385 717
1  mm 384 718
0  
0  
0  
0  
0  
0  
0  
0  
1  mb 1 1 384 718
0  
0  
0  
2 F 0.000000 mb 1 0 384 718
1 F 0.000000 
3 af 0 af 1 F 0.000000 
1 F 0.000000 
1 F 0.000000 
1 F 0.000000 
1 F 0.000000 
1 F 0.000000 
2 F 0.000000 mm 414 718
2 F 0.000000 mm 473 708
2 F 0.000000 mm 588 677
2 F 0.000000 mm 760 617
2 F 0.000000 mm 969 527
2 F 0.000000 mm 1133 428
2 F 0.000000 mm 1213 369
2 F 0.000000 mm 1234 339
2 F 0.000000 mm 1235 318
2 F 0.000000 mm 1235 311
2 F 0.000000 mm 1235 303
2 F 0.000000 mm 1230 293
2 F 0.000000 mm 1222 285
2 F 0.000000 mm 1219 262
2 F 0.000000 mm 1219 224
2 F 0.000000 mm 1219 184
2 F 0.000000 mm 1217 164
2 F 0.000000 mm 1216 162
1 F 0.000000 
2 F 0.000000 mm 1214 162
2 F 0.000000 mm 1199 167
2 F 0.000000 mm 1187 180
2 F 0.000000 mm 1186 182
1 F 0.000000 
1 F 0.000000 
1 F 0.000000 
1 F 0.000000 
2 F 0.000000 mm 1185 182
2 F 0.000000 mm 1189 174
2 F 0.000000 mm 1195 167
1 F 0.000000 
1 F 0.000000 
1 F 0.000000 
1 F 0.000000 
1 F 0.000000 
1 F 0.000000 
1 F 0.000000 
1 F 0.000000 
1 F 0.000000 
1 F 0.000000 
1 F 0.000000 
2 T 1207954691.675000 F 0.000000 
1 F 0.000000 
1 F 0.000000 
1 F 0.000000 
1 F 0.000000 
1 F 0.000000 
1 F 0.000000 
1 F 0.000000 
1 F 0.000000 
1 F 0.000000 
1 F 0.000000 
1 F 0.000000 
1 F 0.000000 
1 F 0.000000 
1 F 0.000000 
1 F 0.000000 
1 F 0.000000 
1 F 0.000000 
2 F 0.000000 mb 1 1 1195 167
1 F 0.000000 
1 F 0.000000 
1 F 0.000000 
1 F 0.000000 
1  mb 1 0 1195 167
