1209046660 seed, 30 fps, 1920x1080, fullScreen=1, version84_mouseSpeed1.000000_musicOff0_musicLoudness0.000000_webRetrySeconds16 42465DEE661C4C80A66BFD33B6F8DBB5EF6ACF88
2 T 1209046660.692000 mm 1140 514
0  
0  
0  
0  
0  
0  
0  
0  
0  
0  
0  
0  
0  
0  
0  
0  
0  
0  
0  
0  
0  
0  
0  
0  
0  
0  
0  
0  
0  
0  
0  
0  
0  
0  
0  
0  
0  
0  
0  
0  
0  
0  
0  
0  
0  
0  
0  
0  
0  
0  
0  
0  
0  
0  
0  
0  
0  
0  
0  
0  
0  
0  
2 T 1209046664.559000 T 1209046664.563000 
1 T 1209046664.591000 
1 T 1209046664.624000 
1 T 1209046664.657000 
1 T 1209046664.690000 
1 T 1209046664.722000 
1 T 1209046664.756000 
1 T 1209046664.789000 
1 T 1209046664.821000 
1 T 1209046664.854000 
1 T 1209046664.888000 
1 T 1209046664.921000 
1 T 1209046664.953000 
1 T 1209046664.987000 
1 T 1209046665.019000 
1 T 1209046665.053000 
1 T 1209046665.086000 
1 T 1209046665.119000 
1 T 1209046665.152000 
1 T 1209046665.184000 
1 T 1209046665.218000 
1 T 1209046665.250000 
1 T 1209046665.284000 
1 T 1209046665.318000 
1 T 1209046665.349000 
1 T 1209046665.383000 
1 T 1209046665.416000 
1 T 1209046665.448000 
1 T 1209046665.482000 
1 T 1209046665.515000 
1 T 1209046665.547000 
1 T 1209046665.581000 
1 T 1209046665.613000 
1 T 1209046665.647000 
1 T 1209046665.681000 
0  
1 T 1209046665.746000 
0  
0  
0  
0  
0  
0  
0  
0  
0  
0  
0  
0  
0  
0  
1  mm 1132 514
1  mm 1049 553
1  mm 1016 565
0  
0  
1  mm 1005 595
1  mm 1002 647
1  mm 1051 747
1  mm 1191 828
1  mm 1356 847
1  mm 1466 846
1  mm 1527 821
1  mm 1528 821
0  
0  
1  mm 1514 848
1  mm 1483 890
1  mm 1431 916
1  mm 1369 920
1  mm 1089 920
1  mm 832 920
1  mm 649 931
1  mm 565 943
1  mm 512 954
1  mm 471 960
1  mm 437 964
1  mm 435 965
1  mm 430 967
1  mm 427 970
1  mm 415 971
1  mm 370 971
1  mm 358 968
1  mm 356 967
1  mm 359 960
1  mb 1 1 359 960
0  
0  
0  
1  mb 1 0 359 960
