1210965303 seed, 30 fps, 1920x1080, fullScreen=1, version96_mouseSpeed1.000000_musicOff0_musicLoudness0.000000_webRetrySeconds16 D7B0694EEF5ECFC8B3CCDCAF722279C3F19F6647
2 T 1210965304.805000 mm 1919 916
0  
1  mm 1892 965
0  
0  
0  
0  
0  
0  
0  
0  
0  
0  
0  
0  
0  
0  
0  
0  
0  
0  
0  
0  
0  
0  
0  
0  
0  
0  
0  
0  
0  
0  
0  
0  
0  
0  
0  
0  
0  
0  
0  
0  
0  
0  
0  
0  
0  
0  
0  
0  
0  
0  
0  
0  
0  
0  
0  
0  
0  
0  
0  
1  mm 1854 853
1  mm 1859 851
0  
3 T 1210965308.796000 T 1210965308.798000 mm 1856 851
1 T 1210965308.828000 
2 T 1210965308.861000 mm 1841 832
2 T 1210965308.894000 mm 1812 792
2 T 1210965308.927000 mm 1794 762
2 T 1210965308.959000 mm 1782 751
2 T 1210965308.992000 mm 1772 749
2 T 1210965309.026000 mm 1750 737
2 T 1210965309.061000 mm 1721 716
2 T 1210965309.092000 mm 1686 691
2 T 1210965309.125000 mm 1655 668
2 T 1210965309.158000 mm 1631 648
2 T 1210965309.191000 mm 1598 615
2 T 1210965309.224000 mm 1582 603
2 T 1210965309.258000 mm 1572 585
2 T 1210965309.291000 mm 1568 578
2 T 1210965309.323000 mm 1566 576
2 T 1210965309.356000 mm 1555 572
2 T 1210965309.389000 mm 1532 567
2 T 1210965309.423000 mm 1517 562
2 T 1210965309.456000 mm 1511 562
2 T 1210965309.489000 mm 1510 562
1 T 1210965309.523000 
1 T 1210965309.554000 
1 T 1210965309.587000 
1 T 1210965309.620000 
1 T 1210965309.653000 
1 T 1210965309.686000 
1 T 1210965309.719000 
2 T 1210965309.753000 mm 1519 560
2 T 1210965309.786000 mm 1523 559
2 T 1210965309.818000 mm 1527 559
2 T 1210965309.852000 mm 1530 559
2 T 1210965309.883000 mm 1535 557
3 T 1210965309.917000 T 1210965309.918000 mm 1537 556
0  
0  
0  
0  
0  
0  
0  
1  mb 1 1 1537 556
0  
0  
2 T 1210965310.285000 mb 1 0 1537 556
0  
1 T 1210965310.347000 
1 T 1210965310.378000 
1 T 1210965310.412000 
1 T 1210965310.445000 
1 T 1210965310.478000 
1 T 1210965310.511000 
2 T 1210965310.545000 mm 1528 584
2 T 1210965310.577000 mm 1502 628
2 T 1210965310.610000 mm 1475 664
2 T 1210965310.643000 mm 1451 693
2 T 1210965310.677000 mm 1442 718
2 T 1210965310.711000 mm 1438 730
2 T 1210965310.743000 mm 1436 740
2 T 1210965310.774000 mm 1431 746
2 T 1210965310.808000 mm 1421 754
2 T 1210965310.841000 mm 1411 760
2 T 1210965310.874000 mm 1404 765
1 T 1210965310.906000 
1 T 1210965310.940000 
1 T 1210965310.973000 
1 T 1210965311.006000 
1 T 1210965311.038000 
1 T 1210965311.072000 
1 T 1210965311.104000 
1 T 1210965311.137000 
1 T 1210965311.171000 
1 T 1210965311.204000 
1 T 1210965311.237000 
1 T 1210965311.270000 
6 T 1210965311.303000 xs 0 2 16 534E0A302F3230300A34360A39360A23 xs 0 2 0 xs 0 0 7 T 1210965311.306000 xs 0 0 169 
2 T 1210965311.337000 xs 0 2 0 
2 T 1210965311.369000 xs 0 2 0 
2 T 1210965311.402000 xs 0 2 0 
2 T 1210965311.435000 xs 0 2 0 
2 T 1210965311.467000 xs 0 2 0 
3 T 1210965311.502000 xs 0 2 10 41434345505445440A23 xs 0 2 0 
