1208337656 seed, 30 fps, 1920x1080, fullScreen=1, version75_mouseSpeed1.000000_musicOff0_musicLoudness1.000000_webRetrySeconds16 BC3D5E7F7F79892FF6B0487E89DDE795D6A445C6
2 T 1208337658.345000 mm 1125 1014
0  
0  
0  
0  
0  
0  
0  
0  
0  
0  
0  
0  
0  
0  
0  
0  
0  
0  
0  
0  
0  
1  mm 1131 1009
1  mm 1172 960
1  mm 1217 911
1  mm 1246 880
1  mm 1269 858
1  mm 1292 849
1  mm 1323 845
1  mm 1325 844
0  
0  
0  
0  
0  
1  mm 1393 805
0  
0  
0  
0  
1  mm 1507 683
1  mm 1579 626
1  mm 1600 620
1  mm 1615 613
0  
0  
0  
0  
0  
0  
1  mm 1605 613
1  mm 1603 613
0  
0  
1  mm 1601 607
1  mm 1596 580
1  mm 1594 551
1  mm 1594 534
1  mm 1597 525
1  mm 1597 527
0  
1  mm 1584 537
0  
0  
3 T 1208337661.807000 T 1208337661.809000 mm 1604 532
1 T 1208337661.838000 
1 T 1208337661.872000 
2 T 1208337661.905000 mm 1603 534
2 T 1208337661.937000 mm 1602 535
1 T 1208337661.970000 
1 T 1208337662.004000 
1 T 1208337662.037000 
1 T 1208337662.070000 
2 T 1208337662.103000 mm 1602 536
2 T 1208337662.136000 mm 1581 528
2 T 1208337662.168000 mm 1574 527
2 T 1208337662.201000 mm 1573 527
1 T 1208337662.234000 
1 T 1208337662.267000 
1 T 1208337662.301000 
2 T 1208337662.334000 mm 1571 527
2 T 1208337662.366000 mm 1550 535
2 T 1208337662.399000 mm 1532 547
2 T 1208337662.432000 mm 1526 553
1 T 1208337662.465000 
1 T 1208337662.499000 
1 T 1208337662.532000 
2 T 1208337662.564000 mm 1526 520
2 T 1208337662.597000 mm 1526 514
1 T 1208337662.631000 
1 T 1208337662.664000 
1 T 1208337662.696000 
1 T 1208337662.730000 
1 T 1208337662.763000 
1 T 1208337662.795000 
1 T 1208337662.828000 
1 T 1208337662.862000 
1 T 1208337662.894000 
1 T 1208337662.927000 
1 T 1208337662.961000 
0  
0  
0  
0  
0  
0  
1  mb 1 1 1526 514
0  
0  
2 T 1208337663.295000 mb 1 0 1526 514
0  
1 T 1208337663.357000 
1 T 1208337663.389000 
1 T 1208337663.423000 
2 T 1208337663.456000 mm 1549 511
2 T 1208337663.488000 mm 1584 511
2 T 1208337663.522000 mm 1598 509
1 T 1208337663.554000 
1 T 1208337663.588000 
1 T 1208337663.621000 
1 T 1208337663.653000 
1 T 1208337663.687000 
1 T 1208337663.719000 
1 T 1208337663.753000 
1 T 1208337663.786000 
1 T 1208337663.818000 
1 T 1208337663.852000 
1 T 1208337663.885000 
1 T 1208337663.917000 
1 T 1208337663.951000 
1 T 1208337663.983000 
1 T 1208337664.017000 
1 T 1208337664.049000 
1 T 1208337664.082000 
1 T 1208337664.116000 
1 T 1208337664.148000 
1 T 1208337664.182000 
1 T 1208337664.214000 
1 T 1208337664.248000 
1 T 1208337664.281000 
2 T 1208337664.314000 xs 0 2 0 
2 T 1208337664.347000 xs 0 2 0 
2 T 1208337664.380000 xs 0 2 0 
2 T 1208337664.413000 xs 0 2 0 
2 T 1208337664.446000 xs 0 2 0 
2 T 1208337664.480000 xs 0 2 0 
2 T 1208337664.513000 xs 0 2 0 
2 T 1208337664.546000 xs 0 2 0 
2 T 1208337664.580000 xs 0 2 0 
2 T 1208337664.612000 xs 0 2 0 
2 T 1208337664.644000 xs 0 2 0 
2 T 1208337664.678000 xs 0 2 0 
2 T 1208337664.710000 xs 0 2 0 
2 T 1208337664.743000 xs 0 2 0 
2 T 1208337664.776000 xs 0 2 0 
2 T 1208337664.810000 xs 0 2 0 
2 T 1208337664.842000 xs 0 2 0 
2 T 1208337664.875000 xs 0 2 0 
2 T 1208337664.908000 xs 0 2 0 
2 T 1208337664.942000 xs 0 2 0 
2 T 1208337664.975000 xs 0 2 0 
2 T 1208337665.008000 xs 0 2 0 
2 T 1208337665.041000 xs 0 2 0 
2 T 1208337665.073000 xs 0 2 0 
2 T 1208337665.106000 xs 0 2 0 
2 T 1208337665.140000 xs 0 2 0 
2 T 1208337665.172000 xs 0 2 0 
2 T 1208337665.205000 xs 0 2 0 
2 T 1208337665.238000 xs 0 2 0 
2 T 1208337665.271000 xs 0 2 0 
2 T 1208337665.305000 xs 0 2 0 
2 T 1208337665.337000 xs 0 2 0 
2 T 1208337665.370000 xs 0 2 0 
2 T 1208337665.403000 xs 0 2 0 
2 T 1208337665.436000 xs 0 2 0 
2 T 1208337665.469000 xs 0 2 0 
2 T 1208337665.503000 xs 0 2 0 
2 T 1208337665.536000 xs 0 2 0 
2 T 1208337665.570000 xs 0 2 0 
2 T 1208337665.602000 xs 0 2 0 
2 T 1208337665.634000 xs 0 2 0 
2 T 1208337665.667000 xs 0 2 0 
2 T 1208337665.701000 xs 0 2 0 
2 T 1208337665.734000 xs 0 2 0 
2 T 1208337665.766000 xs 0 2 0 
2 T 1208337665.800000 xs 0 2 0 
2 T 1208337665.833000 xs 0 2 0 
2 T 1208337665.866000 xs 0 2 0 
2 T 1208337665.898000 xs 0 2 0 
2 T 1208337665.931000 xs 0 2 0 
2 T 1208337665.965000 xs 0 2 0 
2 T 1208337665.998000 xs 0 2 0 
2 T 1208337666.031000 xs 0 2 0 
2 T 1208337666.066000 xs 0 2 0 
2 T 1208337666.098000 xs 0 2 0 
2 T 1208337666.130000 xs 0 2 0 
2 T 1208337666.164000 xs 0 2 0 
2 T 1208337666.197000 xs 0 2 0 
2 T 1208337666.229000 xs 0 2 0 
2 T 1208337666.262000 xs 0 2 0 
2 T 1208337666.296000 xs 0 2 0 
2 T 1208337666.329000 xs 0 2 0 
2 T 1208337666.362000 xs 0 2 0 
2 T 1208337666.395000 xs 0 2 0 
2 T 1208337666.429000 xs 0 2 0 
2 T 1208337666.461000 xs 0 2 0 
2 T 1208337666.493000 xs 0 2 0 
2 T 1208337666.527000 xs 0 2 0 
2 T 1208337666.559000 xs 0 2 0 
2 T 1208337666.592000 xs 0 2 0 
2 T 1208337666.625000 xs 0 2 0 
2 T 1208337666.658000 xs 0 2 0 
2 T 1208337666.692000 xs 0 2 0 
2 T 1208337666.724000 xs 0 2 0 
2 T 1208337666.758000 xs 0 2 0 
2 T 1208337666.791000 xs 0 2 0 
2 T 1208337666.824000 xs 0 2 0 
2 T 1208337666.857000 xs 0 2 0 
2 T 1208337666.890000 xs 0 2 0 
2 T 1208337666.923000 xs 0 2 0 
2 T 1208337666.955000 xs 0 2 0 
2 T 1208337666.989000 xs 0 2 0 
2 T 1208337667.021000 xs 0 2 0 
2 T 1208337667.054000 xs 0 2 0 
2 T 1208337667.088000 xs 0 2 0 
2 T 1208337667.120000 xs 0 2 0 
2 T 1208337667.153000 xs 0 2 0 
2 T 1208337667.187000 xs 0 2 0 
2 T 1208337667.219000 xs 0 2 0 
2 T 1208337667.252000 xs 0 2 0 
2 T 1208337667.285000 xs 0 2 0 
2 T 1208337667.318000 xs 0 2 0 
2 T 1208337667.352000 xs 0 2 0 
2 T 1208337667.384000 xs 0 2 0 
2 T 1208337667.418000 xs 0 2 0 
2 T 1208337667.451000 xs 0 2 0 
2 T 1208337667.484000 xs 0 2 0 
2 T 1208337667.516000 xs 0 2 0 
2 T 1208337667.550000 xs 0 2 0 
2 T 1208337667.583000 xs 0 2 0 
2 T 1208337667.615000 xs 0 2 0 
2 T 1208337667.649000 xs 0 2 0 
2 T 1208337667.682000 xs 0 2 0 
2 T 1208337667.715000 xs 0 2 0 
2 T 1208337667.748000 xs 0 2 0 
2 T 1208337667.780000 xs 0 2 0 
2 T 1208337667.814000 xs 0 2 0 
2 T 1208337667.847000 xs 0 2 0 
2 T 1208337667.880000 xs 0 2 0 
2 T 1208337667.912000 xs 0 2 0 
2 T 1208337667.945000 xs 0 2 0 
2 T 1208337667.979000 xs 0 2 0 
2 T 1208337668.012000 xs 0 2 0 
2 T 1208337668.044000 xs 0 2 0 
2 T 1208337668.077000 xs 0 2 0 
2 T 1208337668.111000 xs 0 2 0 
2 T 1208337668.144000 xs 0 2 0 
2 T 1208337668.176000 xs 0 2 0 
2 T 1208337668.210000 xs 0 2 0 
2 T 1208337668.243000 xs 0 2 0 
2 T 1208337668.276000 xs 0 2 0 
2 T 1208337668.309000 xs 0 2 0 
2 T 1208337668.341000 xs 0 2 0 
2 T 1208337668.375000 xs 0 2 0 
2 T 1208337668.408000 xs 0 2 0 
2 T 1208337668.441000 xs 0 2 0 
2 T 1208337668.474000 xs 0 2 0 
2 T 1208337668.507000 xs 0 2 0 
2 T 1208337668.539000 xs 0 2 0 
2 T 1208337668.573000 xs 0 2 0 
2 T 1208337668.605000 xs 0 2 0 
2 T 1208337668.639000 xs 0 2 0 
2 T 1208337668.671000 xs 0 2 0 
2 T 1208337668.705000 xs 0 2 0 
2 T 1208337668.737000 xs 0 2 0 
2 T 1208337668.771000 xs 0 2 0 
2 T 1208337668.804000 xs 0 2 0 
2 T 1208337668.836000 xs 0 2 0 
2 T 1208337668.870000 xs 0 2 0 
2 T 1208337668.902000 xs 0 2 0 
2 T 1208337668.936000 xs 0 2 0 
2 T 1208337668.968000 xs 0 2 0 
2 T 1208337669.002000 xs 0 2 0 
2 T 1208337669.034000 xs 0 2 0 
2 T 1208337669.068000 xs 0 2 0 
2 T 1208337669.101000 xs 0 2 0 
2 T 1208337669.133000 xs 0 2 0 
2 T 1208337669.167000 xs 0 2 0 
2 T 1208337669.199000 xs 0 2 0 
2 T 1208337669.233000 xs 0 2 0 
2 T 1208337669.265000 xs 0 2 0 
2 T 1208337669.299000 xs 0 2 0 
2 T 1208337669.332000 xs 0 2 0 
2 T 1208337669.364000 xs 0 2 0 
2 T 1208337669.398000 xs 0 2 0 
2 T 1208337669.430000 xs 0 2 0 
2 T 1208337669.464000 xs 0 2 0 
2 T 1208337669.497000 xs 0 2 0 
2 T 1208337669.530000 xs 0 2 0 
2 T 1208337669.563000 xs 0 2 0 
2 T 1208337669.595000 xs 0 2 0 
2 T 1208337669.629000 xs 0 2 0 
2 T 1208337669.662000 xs 0 2 0 
2 T 1208337669.695000 xs 0 2 0 
2 T 1208337669.728000 xs 0 2 0 
2 T 1208337669.761000 xs 0 2 0 
2 T 1208337669.794000 xs 0 2 0 
2 T 1208337669.827000 xs 0 2 0 
2 T 1208337669.860000 xs 0 2 0 
2 T 1208337669.893000 xs 0 2 0 
2 T 1208337669.926000 xs 0 2 0 
2 T 1208337669.958000 xs 0 2 0 
2 T 1208337669.991000 xs 0 2 0 
2 T 1208337670.025000 xs 0 2 0 
2 T 1208337670.057000 xs 0 2 0 
2 T 1208337670.091000 xs 0 2 0 
2 T 1208337670.124000 xs 0 2 0 
2 T 1208337670.157000 xs 0 2 0 
2 T 1208337670.191000 xs 0 2 0 
2 T 1208337670.223000 xs 0 2 0 
2 T 1208337670.256000 xs 0 2 0 
2 T 1208337670.288000 xs 0 2 0 
2 T 1208337670.322000 xs 0 2 0 
2 T 1208337670.355000 xs 0 2 0 
2 T 1208337670.388000 xs 0 2 0 
2 T 1208337670.422000 xs 0 2 0 
2 T 1208337670.455000 xs 0 2 0 
2 T 1208337670.488000 xs 0 2 0 
2 T 1208337670.520000 xs 0 2 0 
2 T 1208337670.553000 xs 0 2 0 
2 T 1208337670.586000 xs 0 2 0 
2 T 1208337670.619000 xs 0 2 0 
2 T 1208337670.653000 xs 0 2 0 
2 T 1208337670.685000 xs 0 2 0 
2 T 1208337670.719000 xs 0 2 0 
2 T 1208337670.752000 xs 0 2 0 
2 T 1208337670.784000 xs 0 2 0 
2 T 1208337670.817000 xs 0 2 0 
2 T 1208337670.851000 xs 0 2 0 
2 T 1208337670.884000 xs 0 2 0 
2 T 1208337670.917000 xs 0 2 0 
2 T 1208337670.950000 xs 0 2 0 
2 T 1208337670.982000 xs 0 2 0 
2 T 1208337671.016000 xs 0 2 0 
2 T 1208337671.049000 xs 0 2 0 
2 T 1208337671.082000 xs 0 2 0 
2 T 1208337671.114000 xs 0 2 0 
2 T 1208337671.148000 xs 0 2 0 
2 T 1208337671.181000 xs 0 2 0 
2 T 1208337671.214000 xs 0 2 0 
2 T 1208337671.247000 xs 0 2 0 
2 T 1208337671.279000 xs 0 2 0 
2 T 1208337671.313000 xs 0 2 0 
2 T 1208337671.345000 xs 0 2 0 
2 T 1208337671.379000 xs 0 2 0 
2 T 1208337671.411000 xs 0 2 0 
2 T 1208337671.445000 xs 0 2 0 
2 T 1208337671.478000 xs 0 2 0 
2 T 1208337671.511000 xs 0 2 0 
2 T 1208337671.543000 xs 0 2 0 
2 T 1208337671.576000 xs 0 2 0 
2 T 1208337671.609000 xs 0 2 0 
2 T 1208337671.643000 xs 0 2 0 
2 T 1208337671.676000 xs 0 2 0 
2 T 1208337671.709000 xs 0 2 0 
2 T 1208337671.742000 xs 0 2 0 
2 T 1208337671.776000 xs 0 2 0 
2 T 1208337671.809000 xs 0 2 0 
2 T 1208337671.841000 xs 0 2 0 
2 T 1208337671.875000 xs 0 2 0 
2 T 1208337671.907000 xs 0 2 0 
2 T 1208337671.940000 xs 0 2 0 
2 T 1208337671.974000 xs 0 2 0 
2 T 1208337672.006000 xs 0 2 0 
2 T 1208337672.039000 xs 0 2 0 
2 T 1208337672.073000 xs 0 2 0 
2 T 1208337672.106000 xs 0 2 0 
2 T 1208337672.139000 xs 0 2 0 
2 T 1208337672.171000 xs 0 2 0 
2 T 1208337672.204000 xs 0 2 0 
2 T 1208337672.238000 xs 0 2 0 
2 T 1208337672.271000 xs 0 2 0 
2 T 1208337672.303000 xs 0 2 0 
2 T 1208337672.337000 xs 0 2 0 
2 T 1208337672.369000 xs 0 2 0 
2 T 1208337672.403000 xs 0 2 0 
2 T 1208337672.436000 xs 0 2 0 
2 T 1208337672.468000 xs 0 2 0 
2 T 1208337672.501000 xs 0 2 0 
2 T 1208337672.535000 xs 0 2 0 
2 T 1208337672.568000 xs 0 2 0 
2 T 1208337672.601000 xs 0 2 0 
2 T 1208337672.634000 xs 0 2 0 
2 T 1208337672.666000 xs 0 2 0 
2 T 1208337672.700000 xs 0 2 0 
2 T 1208337672.733000 xs 0 2 0 
2 T 1208337672.766000 xs 0 2 0 
2 T 1208337672.799000 xs 0 2 0 
2 T 1208337672.832000 xs 0 2 0 
2 T 1208337672.865000 xs 0 2 0 
2 T 1208337672.899000 xs 0 2 0 
2 T 1208337672.932000 xs 0 2 0 
2 T 1208337672.965000 xs 0 2 0 
2 T 1208337672.998000 xs 0 2 0 
2 T 1208337673.031000 xs 0 2 0 
2 T 1208337673.064000 xs 0 2 0 
2 T 1208337673.097000 xs 0 2 0 
2 T 1208337673.130000 xs 0 2 0 
2 T 1208337673.163000 xs 0 2 0 
2 T 1208337673.195000 xs 0 2 0 
2 T 1208337673.229000 xs 0 2 0 
2 T 1208337673.261000 xs 0 2 0 
2 T 1208337673.295000 xs 0 2 0 
2 T 1208337673.328000 xs 0 2 0 
2 T 1208337673.361000 xs 0 2 0 
2 T 1208337673.394000 xs 0 2 0 
2 T 1208337673.428000 xs 0 2 0 
2 T 1208337673.461000 xs 0 2 0 
2 T 1208337673.493000 xs 0 2 0 
2 T 1208337673.526000 xs 0 2 0 
2 T 1208337673.559000 xs 0 2 0 
2 T 1208337673.593000 xs 0 2 0 
2 T 1208337673.626000 xs 0 2 0 
2 T 1208337673.659000 xs 0 2 0 
2 T 1208337673.692000 xs 0 2 0 
2 T 1208337673.725000 xs 0 2 0 
2 T 1208337673.757000 xs 0 2 0 
2 T 1208337673.790000 xs 0 2 0 
2 T 1208337673.824000 xs 0 2 0 
2 T 1208337673.856000 xs 0 2 0 
2 T 1208337673.890000 xs 0 2 0 
2 T 1208337673.922000 xs 0 2 0 
2 T 1208337673.955000 xs 0 2 0 
2 T 1208337673.989000 xs 0 2 0 
2 T 1208337674.022000 xs 0 2 0 
2 T 1208337674.054000 xs 0 2 0 
3 T 1208337674.091000 xs 0 2 0 kd 27 1598 509
2 T 1208337674.121000 xs 0 2 0 
2 T 1208337674.153000 xs 0 2 0 
2 T 1208337674.187000 xs 0 2 0 
2 T 1208337674.220000 xs 0 2 0 
2 T 1208337674.253000 xs 0 2 0 
2 T 1208337674.285000 xs 0 2 0 
3 T 1208337674.319000 xs 0 2 0 ku 27 1598 509
2 T 1208337674.351000 xs 0 2 0 
2 T 1208337674.385000 xs 0 2 0 
2 T 1208337674.417000 xs 0 2 0 
2 T 1208337674.450000 xs 0 2 0 
2 T 1208337674.484000 xs 0 2 0 
2 T 1208337674.517000 xs 0 2 0 
3 T 1208337674.549000 xs 0 2 0 sd 113 1598 509
2 T 1208337674.582000 xs 0 2 0 
2 T 1208337674.615000 xs 0 2 0 
2 T 1208337674.649000 xs 0 2 0 
2 T 1208337674.682000 xs 0 2 0 
2 T 1208337674.714000 xs 0 2 0 
2 T 1208337674.748000 xs 0 2 0 
2 T 1208337674.780000 xs 0 2 0 
2 T 1208337674.814000 xs 0 2 0 
1  kd 37 1598 509
