1210647750 seed, 30 fps, 1920x1080, fullScreen=1, version96_mouseSpeed1.000000_musicOff0_musicLoudness0.000000_webRetrySeconds16 D7B0694EEF5ECFC8B3CCDCAF722279C3F19F6647
2 T 1210647751.940000 mm 1250 728
0  
1  mm 1191 648
0  
0  
0  
0  
0  
0  
0  
0  
0  
0  
0  
0  
0  
0  
0  
1  mm 1166 638
1  mm 1159 635
1  mm 1156 634
1  mm 1159 634
0  
0  
0  
0  
0  
0  
0  
0  
0  
0  
0  
0  
0  
0  
0  
0  
0  
0  
0  
0  
0  
0  
0  
0  
0  
0  
0  
0  
0  
0  
1  mm 1163 634
1  mm 1170 635
0  
0  
0  
0  
0  
1  mm 1169 635
0  
0  
0  
0  
0  
3 T 1210647757.381000 T 1210647757.384000 mm 1178 640
1 T 1210647757.413000 
1 T 1210647757.446000 
1 T 1210647757.479000 
1 T 1210647757.513000 
1 T 1210647757.545000 
1 T 1210647757.578000 
1 T 1210647757.610000 
1 T 1210647757.644000 
1 T 1210647757.677000 
1 T 1210647757.710000 
1 T 1210647757.743000 
2 T 1210647757.777000 mm 1176 640
1 T 1210647757.809000 
2 T 1210647757.842000 mm 1173 640
2 T 1210647757.875000 mm 1167 637
2 T 1210647757.908000 mm 1161 623
2 T 1210647757.940000 mm 1150 594
2 T 1210647757.975000 mm 1137 573
2 T 1210647758.007000 mm 1131 563
2 T 1210647758.040000 mm 1129 557
1 T 1210647758.074000 
1 T 1210647758.106000 
2 T 1210647758.140000 mm 1129 556
2 T 1210647758.173000 mm 1129 546
2 T 1210647758.205000 mm 1129 542
1 T 1210647758.239000 
2 T 1210647758.272000 mb 1 1 1129 542
1 T 1210647758.304000 
1 T 1210647758.337000 
1 T 1210647758.370000 
1 T 1210647758.403000 
2 T 1210647758.436000 mb 1 0 1129 542
1 T 1210647758.469000 
1 T 1210647758.502000 
0  
0  
0  
0  
0  
0  
0  
0  
0  
0  
0  
0  
0  
0  
0  
0  
0  
0  
0  
0  
0  
1  mm 1144 541
1  mm 1157 541
1  mm 1173 541
1  mm 1181 541
1  mm 1186 541
1  mm 1194 541
1  mm 1201 540
1  mm 1208 540
1  mm 1217 539
1  mm 1224 539
1  mm 1228 539
0  
1  mm 1231 539
1  mm 1238 539
1  mm 1242 539
1  mm 1246 539
1  mm 1252 539
1  mm 1271 539
1  mm 1288 539
1  mm 1311 543
1  mm 1333 548
1  mm 1351 551
1  mm 1359 554
1  mm 1368 566
1  mm 1371 584
1  mm 1372 623
1  mm 1370 647
1  mm 1346 686
1  mm 1292 729
1  mm 1159 780
1  mm 906 831
1  mm 635 868
1  mm 463 897
1  mm 344 939
1  mm 321 950
1  mm 318 951
0  
0  
0  
0  
1  mm 318 952
1  mm 322 961
1  mm 332 977
1  mm 342 984
1  mm 357 985
1  mm 379 985
1  mm 395 979
1  mm 396 978
0  
0  
0  
1  mm 395 976
1  mm 391 976
1  mm 388 975
0  
0  
0  
0  
0  
0  
0  
0  
0  
0  
0  
0  
0  
0  
1  mb 1 1 388 975
0  
0  
0  
0  
0  
0  
0  
0  
0  
1 T 1210647761.802000 
0  
0  
0  
0  
0  
0  
0  
0  
0  
0  
0  
0  
0  
0  
0  
0  
0  
0  
0  
0  
0  
0  
0  
0  
0  
0  
0  
0  
0  
0  
0  
0  
0  
0  
0  
0  
0  
0  
0  
0  
0  
0  
0  
0  
0  
0  
0  
0  
0  
0  
0  
0  
0  
0  
0  
0  
0  
0  
0  
0  
0  
0  
0  
0  
0  
0  
0  
0  
0  
0  
1  mb 1 0 388 975
