1207872131 seed, 60 fps, 1920x1080, fullScreen=1, version73_mouseSpeed1.000000_musicOff0_musicLoudness1.000000_webRetrySeconds16 39F5D403D9734472EB90545B8404B1BC918AF16B
3 T 1207872132.580000 mm 1911 351 mm 1898 351
0  
1  mm 1891 293
1  mm 1887 295
1  mm 1885 295
0  
0  
0  
0  
0  
0  
0  
0  
0  
0  
0  
0  
0  
0  
0  
0  
0  
0  
0  
0  
0  
0  
0  
0  
0  
0  
0  
0  
0  
0  
0  
0  
0  
0  
0  
0  
0  
0  
0  
0  
0  
0  
0  
0  
0  
0  
0  
0  
0  
0  
0  
0  
0  
0  
0  
0  
0  
0  
0  
0  
1  mm 1450 228
0  
0  
0  
0  
0  
0  
0  
0  
0  
0  
0  
0  
0  
0  
0  
0  
0  
0  
0  
0  
0  
0  
0  
0  
0  
0  
0  
0  
0  
0  
0  
0  
0  
1 T 1207872138.135000 
0  
0  
0  
0  
0  
0  
0  
0  
0  
0  
0  
0  
0  
0  
2 T 1207872139.088000 T 1207872139.090000 
1 T 1207872139.103000 
1 T 1207872139.119000 
1 T 1207872139.135000 
1 T 1207872139.150000 
1 T 1207872139.167000 
1 T 1207872139.183000 
1 T 1207872139.198000 
1 T 1207872139.215000 
1 T 1207872139.230000 
1 T 1207872139.247000 
1 T 1207872139.262000 
1 T 1207872139.279000 
1 T 1207872139.294000 
1 T 1207872139.311000 
1 T 1207872139.327000 
1 T 1207872139.342000 
1 T 1207872139.359000 
1 T 1207872139.374000 
1 T 1207872139.391000 
1 T 1207872139.406000 
1 T 1207872139.423000 
1 T 1207872139.438000 
1 T 1207872139.454000 
1 T 1207872139.470000 
1 T 1207872139.487000 
1 T 1207872139.503000 
1 T 1207872139.518000 
1 T 1207872139.535000 
1 T 1207872139.550000 
1 T 1207872139.567000 
1 T 1207872139.582000 
1 T 1207872139.598000 
1 T 1207872139.615000 
1 T 1207872139.630000 
1 T 1207872139.647000 
1 T 1207872139.663000 
1 T 1207872139.679000 
1 T 1207872139.694000 
1 T 1207872139.711000 
1 T 1207872139.727000 
1 T 1207872139.742000 
1 T 1207872139.759000 
1 T 1207872139.774000 
1 T 1207872139.790000 
1 T 1207872139.807000 
1 T 1207872139.822000 
1 T 1207872139.839000 
1 T 1207872139.855000 
1 T 1207872139.870000 
1 T 1207872139.887000 
1 T 1207872139.904000 
1 T 1207872139.920000 
1 T 1207872139.937000 
1 T 1207872139.954000 
1 T 1207872139.970000 
1 T 1207872139.987000 
1 T 1207872140.003000 
1 T 1207872140.020000 
1 T 1207872140.037000 
1 T 1207872140.053000 
1 T 1207872140.070000 
1 T 1207872140.087000 
1 T 1207872140.104000 
1 T 1207872140.120000 
1 T 1207872140.137000 
1 T 1207872140.154000 
1 T 1207872140.170000 
1 T 1207872140.187000 
1 T 1207872140.203000 
0  
0  
0  
0  
0  
0  
0  
0  
0  
0  
0  
0  
0  
0  
0  
1 T 1207872140.470000 
0  
0  
0  
0  
0  
0  
0  
0  
0  
1  mm 1452 219
1  mm 1452 217
1  mm 1453 215
1  mm 1453 213
1  mm 1453 212
0  
0  
0  
0  
0  
0  
0  
0  
0  
0  
0  
0  
0  
0  
0  
0  
0  
0  
0  
0  
0  
0  
0  
0  
1  mm 1452 211
1  mm 1404 218
1  mm 1284 259
1  mm 1193 300
1  mm 1076 343
1  mm 960 382
1  mm 852 428
1  mm 742 473
1  mm 630 524
1  mm 538 570
1  mm 460 607
1  mm 408 633
1  mm 379 652
1  mm 359 663
1  mm 332 679
1  mm 318 688
1  mm 313 692
1  mm 312 693
0  
0  
0  
0  
0  
0  
1  mm 328 693
1  mm 338 693
1  mm 347 693
1  mm 349 695
0  
0  
0  
0  
0  
0  
0  
0  
0  
0  
1  mb 1 1 349 695
0  
0  
0  
0  
0  
0  
2 F 0.000000 mb 1 0 349 695
1 F 0.000000 
3 af 0 af 1 F 0.000000 
1 F 0.000000 
1 F 0.000000 
1 F 0.000000 
1 F 0.000000 
1 F 0.000000 
1 F 0.000000 
1 F 0.000000 
1 F 0.000000 
1 F 0.000000 
1 F 0.000000 
1 F 0.000000 
1 F 0.000000 
1 F 0.000000 
2 T 1207872142.136000 F 0.000000 
1 F 0.000000 
1 F 0.000000 
1 F 0.000000 
1 F 0.000000 
1 F 0.000000 
1 F 0.000000 
1 F 0.000000 
1 F 0.000000 
1 F 0.000000 
1 F 0.000000 
1 F 0.000000 
1 F 0.000000 
1 F 0.000000 
1 F 0.000000 
1 F 0.000000 
1 F 0.000000 
1 F 0.000000 
1 F 0.000000 
1 F 0.000000 
1 F 0.000000 
1 F 0.000000 
1 F 0.000000 
1 F 0.000000 
1 F 0.000000 
1 F 0.000000 
1 F 0.000000 
1 F 0.000000 
1 F 0.000000 
1 F 0.000000 
1 F 0.000000 
1 F 0.000000 
1 F 0.000000 
1 F 0.000000 
1 F 0.000000 
1 F 0.000000 
1 F 0.000000 
1 F 0.000000 
1 F 0.000000 
2 F 0.000000 mm 361 700
2 F 0.000000 mm 470 758
2 F 0.000000 mm 548 795
2 F 0.000000 mm 625 836
2 F 0.000000 mm 694 874
2 F 0.000000 mm 751 899
2 F 0.000000 mm 798 918
2 F 0.000000 mm 847 934
2 F 0.000000 mm 877 943
2 F 0.000000 mm 901 949
2 F 0.000000 mm 918 950
2 F 0.000000 mm 930 951
2 F 0.000000 mm 939 951
2 F 0.000000 mm 942 951
2 F 0.000000 mm 945 950
2 F 0.000000 mm 946 948
2 F 0.000000 mm 948 946
2 F 0.000000 mm 950 944
2 F 0.000000 mm 952 940
2 F 0.000000 mm 953 937
2 F 0.000000 mm 953 934
1 F 0.000000 
2 F 0.000000 mm 953 932
2 F 0.000000 mm 953 930
2 F 0.000000 mm 953 929
1 F 0.000000 
1 F 0.000000 
1 F 0.000000 
1 F 0.000000 
1 F 0.000000 
1 F 0.000000 
1 F 0.000000 
1 F 0.000000 
1 F 0.000000 
1 F 0.000000 
1 F 0.000000 
1 F 0.000000 
1 F 0.000000 
1 F 0.000000 
1 F 0.000000 
1 F 0.000000 
1 F 0.000000 
1 F 0.000000 
1 F 0.000000 
1 F 0.000000 
1 F 0.000000 
1 F 0.000000 
1 F 0.000000 
1 F 0.000000 
1 F 0.000000 
1 F 0.000000 
1 F 0.000000 
1 F 0.000000 
1 F 0.000000 
1 F 0.000000 
1 F 0.000000 
1 F 0.000000 
1 F 0.000000 
1 F 0.000000 
1 F 0.000000 
1 F 0.000000 
2 T 1207872143.802000 F 0.000000 
1 F 0.000000 
1 F 0.000000 
1 F 0.000000 
1 F 0.000000 
1 F 0.000000 
1 F 0.000000 
1 F 0.000000 
1 F 0.000000 
1 F 0.000000 
1 F 0.000000 
1 F 0.000000 
1 F 0.000000 
1 F 0.000000 
1 F 0.000000 
1 F 0.000000 
1 F 0.000000 
1 F 0.000000 
1 F 0.000000 
1 F 0.000000 
1 F 0.000000 
1 F 0.000000 
1 F 0.000000 
1 F 0.000000 
1 F 0.000000 
1 F 0.000000 
1 F 0.000000 
1 F 0.000000 
1 F 0.000000 
1 F 0.000000 
2 F 0.000000 mb 1 1 953 929
1 F 0.000000 
1 F 0.000000 
1 F 0.000000 
1 F 0.000000 
1 F 0.000000 
1 F 0.000000 
1 F 0.000000 
1 F 0.000000 
1 F 0.000000 
1 F 0.000000 
1 F 0.000000 
1 F 0.000000 
3 T 1207872144.518000 T 1207872144.519000 mb 1 0 953 929
1 T 1207872144.535000 
1 T 1207872144.552000 
1 T 1207872144.568000 
1 T 1207872144.585000 
1 T 1207872144.602000 
1 T 1207872144.619000 
1 T 1207872144.635000 
1 T 1207872144.652000 
1 T 1207872144.669000 
1 T 1207872144.685000 
1 T 1207872144.702000 
1 T 1207872144.718000 
1 T 1207872144.735000 
1 T 1207872144.752000 
1 T 1207872144.768000 
1 T 1207872144.785000 
1 T 1207872144.802000 
1 T 1207872144.819000 
1 T 1207872144.835000 
1 T 1207872144.852000 
1 T 1207872144.869000 
1 T 1207872144.885000 
2 T 1207872144.902000 mm 961 929
2 T 1207872144.918000 mm 974 929
2 T 1207872144.935000 mm 1009 931
2 T 1207872144.952000 mm 1054 937
2 T 1207872144.969000 mm 1116 948
2 T 1207872144.985000 mm 1181 958
2 T 1207872145.002000 mm 1245 967
2 T 1207872145.018000 mm 1273 970
2 T 1207872145.035000 mm 1292 974
2 T 1207872145.052000 mm 1309 976
2 T 1207872145.069000 mm 1326 978
2 T 1207872145.085000 mm 1352 982
2 T 1207872145.102000 mm 1382 983
2 T 1207872145.119000 mm 1407 986
2 T 1207872145.136000 mm 1424 986
2 T 1207872145.152000 mm 1441 989
2 T 1207872145.169000 mm 1457 993
2 T 1207872145.186000 mm 1488 1002
2 T 1207872145.202000 mm 1505 1006
2 T 1207872145.220000 mm 1519 1007
2 T 1207872145.236000 mm 1523 1008
2 T 1207872145.253000 mm 1524 1008
1 T 1207872145.269000 
1 T 1207872145.285000 
1 T 1207872145.302000 
1 T 1207872145.319000 
1 T 1207872145.335000 
1 T 1207872145.352000 
1 T 1207872145.368000 
1 T 1207872145.385000 
1 T 1207872145.402000 
1 T 1207872145.419000 
1 T 1207872145.435000 
1 T 1207872145.452000 
2 T 1207872145.468000 T 1207872145.469000 
1 T 1207872145.485000 
1 T 1207872145.502000 
2 T 1207872145.519000 mm 1521 1008
2 T 1207872145.535000 mm 1510 1008
2 T 1207872145.552000 mm 1488 1008
2 T 1207872145.569000 mm 1441 1005
2 T 1207872145.585000 mm 1340 990
2 T 1207872145.602000 mm 1131 966
2 T 1207872145.619000 mm 792 919
1  mm 586 889
1  mm 418 871
1  mm 326 871
1  mm 294 871
1  mm 281 875
1  mm 278 878
1  mm 275 888
1  mm 270 901
1  mm 265 912
1  mm 257 924
1  mm 237 933
1  mm 226 936
1  mm 195 946
1  mm 189 949
1  mm 187 952
1  mm 198 961
1  mm 221 964
1  mm 255 967
1  mm 296 967
1  mm 350 967
1  mm 387 967
1  mm 397 967
0  
0  
1  mm 394 967
1  mm 387 966
1  mm 384 965
1  mm 379 964
1  mm 376 963
1  mm 374 962
1  mm 373 962
1  mm 372 962
0  
0  
0  
0  
0  
0  
0  
1  mb 1 1 372 962
0  
0  
0  
0  
0  
1  mb 1 0 372 962
