1210033412 seed, 30 fps, 1920x1080, fullScreen=1, version93_mouseSpeed1.000000_musicOff0_musicLoudness0.000000_webRetrySeconds16 2FF7EFE6CB93DEBA90A2E44446089C94A7BDACB5
3 T 1210033413.344000 mm 1156 511 mm 1164 479
0  
1  mm 1159 478
0  
0  
0  
0  
0  
0  
0  
0  
0  
0  
0  
0  
0  
0  
0  
0  
0  
0  
0  
0  
0  
0  
0  
0  
0  
1  mm 1159 476
1  mm 1162 472
0  
0  
0  
0  
0  
1  mm 1119 469
1  mm 1099 461
0  
0  
0  
0  
0  
0  
0  
0  
1  mm 1098 461
0  
1  mm 1095 461
1  mm 1090 461
0  
0  
0  
0  
1  mm 1088 461
0  
0  
1  mm 1086 461
1  mm 1085 461
1  mm 1081 461
0  
0  
1  mm 1079 461
0  
0  
3 T 1210033417.201000 T 1210033417.204000 mm 1059 463
1 T 1210033417.236000 
1 T 1210033417.268000 
1 T 1210033417.302000 
1 T 1210033417.335000 
1 T 1210033417.367000 
1 T 1210033417.400000 
1 T 1210033417.433000 
1 T 1210033417.466000 
2 T 1210033417.500000 mm 1016 464
2 T 1210033417.533000 mm 857 493
2 T 1210033417.566000 mm 737 519
2 T 1210033417.599000 mm 655 555
2 T 1210033417.632000 mm 572 594
2 T 1210033417.665000 mm 498 632
2 T 1210033417.698000 mm 459 651
2 T 1210033417.731000 mm 428 669
2 T 1210033417.765000 mm 410 687
2 T 1210033417.797000 mm 406 701
2 T 1210033417.830000 mm 405 714
2 T 1210033417.864000 mm 408 730
2 T 1210033417.895000 mm 427 748
2 T 1210033417.928000 mm 438 757
2 T 1210033417.962000 mm 440 763
2 T 1210033417.995000 mm 441 766
1 T 1210033418.028000 
2 T 1210033418.061000 mm 436 778
2 T 1210033418.094000 mm 431 781
1 T 1210033418.127000 
2 T 1210033418.160000 mm 429 787
2 T 1210033418.194000 mm 429 797
2 T 1210033418.226000 mm 431 806
2 T 1210033418.259000 mm 447 814
2 T 1210033418.292000 mm 452 817
1 T 1210033418.326000 
2 T 1210033418.359000 mm 456 818
1  mm 462 818
1  mm 463 819
0  
0  
1  mm 462 824
1  mm 450 833
1  mm 436 836
1  mm 434 836
0  
0  
0  
0  
0  
0  
1  mm 424 788
1  mm 406 752
1  mm 392 736
1  mm 383 725
1  mm 381 721
0  
0  
0  
0  
0  
0  
0  
0  
0  
0  
0  
0  
0  
0  
0  
0  
0  
1  mm 388 713
1  mm 395 707
1  mm 395 706
0  
0  
0  
0  
0  
0  
0  
0  
0  
0  
0  
0  
0  
0  
0  
1  mm 456 697
1  mm 631 678
1  mm 931 622
1  mm 1176 564
1  mm 1404 526
1  mm 1514 515
1  mm 1541 513
0  
0  
1  mm 1527 513
1  mm 1423 534
1  mm 1214 576
1  mm 985 636
1  mm 835 679
1  mm 729 722
1  mm 679 736
1  mm 636 739
1  mm 572 739
1  mm 479 739
1  mm 425 739
1  mm 415 739
1  mm 412 739
1  mm 402 742
1  mm 399 745
0  
0  
0  
0  
0  
1  mm 399 743
1  mm 399 741
0  
0  
0  
0  
0  
0  
0  
0  
0  
0  
0  
0  
1  mm 399 778
1  mm 433 834
2 T 1210033421.657000 mm 485 860
1  mm 573 864
1  mm 720 867
1  mm 837 881
1  mm 1012 909
1  mm 1078 919
1  mm 1164 938
1  mm 1229 947
1  mm 1262 952
1  mm 1271 952
0  
0  
1  mm 1216 952
1  mm 995 945
1  mm 717 926
1  mm 579 926
1  mm 525 927
1  mm 492 934
1  mm 447 940
1  mm 385 940
1  mm 348 940
1  mm 335 940
1  mm 334 940
1  mm 335 948
1  mm 336 953
0  
1  mb 1 1 336 953
0  
0  
1  mb 1 0 336 953
