1211121403 seed, 30 fps, 1920x1080, fullScreen=1, version30000_mouseSpeed1.000000_musicOff0_musicLoudness0.000000_webRetrySeconds16 B6F8F43F97F7D2FE50F3C1DF1E9C07E120042F41
2 T 1211121405.129000 mm 1596 333
0  
0  
0  
0  
0  
0  
0  
0  
0  
0  
0  
0  
1  mm 1599 331
1  mm 1606 326
0  
0  
0  
0  
1  mm 1606 325
0  
0  
0  
1  mm 1599 350
1  mm 1598 396
1  mm 1598 423
1  mm 1598 427
1  mm 1598 447
1  mm 1596 493
1  mm 1594 516
1  mm 1594 525
1  mm 1599 537
1  mm 1611 544
1  mm 1626 545
1  mm 1635 527
1  mm 1623 535
0  
0  
0  
0  
0  
0  
0  
0  
0  
0  
0  
0  
0  
1  mm 1631 536
1  mm 1649 537
0  
0  
0  
1  mm 1648 537
0  
1  mm 1635 537
1  mm 1629 537
1  mm 1647 537
0  
0  
0  
0  
0  
0  
2 T 1211121413.395000 T 1211121413.398000 
1 T 1211121413.428000 
1 T 1211121413.461000 
1 T 1211121413.494000 
1 T 1211121413.526000 
1 T 1211121413.560000 
1 T 1211121413.594000 
1 T 1211121413.626000 
1 T 1211121413.659000 
1 T 1211121413.692000 
1 T 1211121413.725000 
1 T 1211121413.758000 
1 T 1211121413.791000 
1 T 1211121413.824000 
1 T 1211121413.857000 
1 T 1211121413.891000 
2 T 1211121413.924000 mm 1642 537
2 T 1211121413.955000 mm 1636 537
1 T 1211121413.990000 
1 T 1211121414.021000 
1 T 1211121414.055000 
2 T 1211121414.088000 mm 1630 537
2 T 1211121414.122000 mm 1618 537
2 T 1211121414.156000 mm 1605 538
2 T 1211121414.188000 mm 1602 540
2 T 1211121414.221000 mm 1601 540
1 T 1211121414.254000 
1 T 1211121414.285000 
1 T 1211121414.319000 
1 T 1211121414.353000 
1 T 1211121414.385000 
1 T 1211121414.418000 
1 T 1211121414.451000 
1 T 1211121414.485000 
2 T 1211121414.517000 T 1211121414.518000 
0  
0  
0  
0  
0  
0  
0  
0  
0  
0  
0  
0  
0  
0  
1  mb 1 1 1601 540
0  
0  
0  
2 T 1211121415.147000 mb 1 0 1601 540
0  
2 T 1211121415.245000 mm 1599 540
1 T 1211121415.278000 
1 T 1211121415.312000 
1 T 1211121415.345000 
2 T 1211121415.378000 mm 1612 544
2 T 1211121415.411000 mm 1623 544
2 T 1211121415.444000 mm 1639 544
1 T 1211121415.478000 
1 T 1211121415.510000 
1 T 1211121415.542000 
1 T 1211121415.576000 
1 T 1211121415.609000 
1 T 1211121415.641000 
1 T 1211121415.675000 
1 T 1211121415.708000 
1 T 1211121415.741000 
2 T 1211121415.773000 mm 1632 543
2 T 1211121415.807000 mm 1628 543
2 T 1211121415.841000 mm 1625 543
1 T 1211121415.872000 
1 T 1211121415.906000 
1 T 1211121415.940000 
1 T 1211121415.971000 
1 T 1211121416.005000 
1 T 1211121416.038000 
1 T 1211121416.071000 
1 T 1211121416.104000 
1 T 1211121416.137000 
6 T 1211121416.170000 xs 0 2 19 534E0A312F3230300A35370A33303030300A23 xs 0 2 0 xs 0 0 7 T 1211121416.171000 xs 0 0 169 
2 T 1211121416.203000 xs 0 2 0 
2 T 1211121416.236000 xs 0 2 0 
2 T 1211121416.270000 xs 0 2 0 
3 T 1211121416.302000 xs 0 2 0 mm 1618 543
5 T 1211121416.334000 xs 0 2 10 52454A45435445440A23 xs 0 3 -1 T 1211121416.335000 mm 1611 543
2 T 1211121416.368000 mm 1604 546
2 T 1211121416.401000 mm 1593 552
2 T 1211121416.433000 mm 1583 561
2 T 1211121416.467000 mm 1571 567
2 T 1211121416.500000 mm 1570 570
2 T 1211121416.533000 mm 1589 574
2 T 1211121416.566000 mm 1625 564
1 T 1211121416.598000 
1 T 1211121416.633000 
1 T 1211121416.665000 
2 T 1211121416.698000 mm 1625 563
1 T 1211121416.732000 
2 T 1211121416.764000 mm 1619 563
2 T 1211121416.798000 mm 1600 563
2 T 1211121416.831000 mm 1583 562
2 T 1211121416.864000 mm 1578 562
1 T 1211121416.897000 
1 T 1211121416.930000 
2 T 1211121416.963000 mm 1575 562
2 T 1211121416.996000 mm 1561 561
2 T 1211121417.030000 mm 1492 564
2 T 1211121417.062000 mm 1405 580
2 T 1211121417.096000 mm 1305 603
2 T 1211121417.127000 mm 1142 639
2 T 1211121417.161000 mm 998 697
2 T 1211121417.194000 mm 911 740
2 T 1211121417.227000 mm 848 770
2 T 1211121417.260000 mm 803 789
2 T 1211121417.294000 mm 752 810
2 T 1211121417.327000 mm 705 827
2 T 1211121417.359000 mm 678 832
2 T 1211121417.392000 mm 586 862
2 T 1211121417.425000 mm 547 879
2 T 1211121417.457000 mm 502 906
1  mm 474 925
1  mm 445 944
1  mm 424 955
1  mm 392 969
1  mm 369 972
1  mm 357 974
1  mm 352 975
1  mm 350 975
0  
0  
0  
1 T 1211121417.854000 
0  
1  mm 347 975
0  
0  
0  
0  
0  
0  
0  
1  mm 346 975
1  mm 346 974
0  
0  
0  
1  mm 345 971
1  mm 345 970
0  
0  
0  
0  
0  
0  
0  
0  
0  
0  
0  
0  
0  
0  
0  
0  
0  
0  
0  
0  
0  
0  
0  
0  
0  
0  
0  
0  
0  
0  
0  
0  
0  
0  
0  
0  
0  
0  
0  
0  
0  
0  
0  
0  
0  
0  
0  
0  
0  
0  
0  
0  
0  
0  
0  
0  
1  mb 1 1 345 970
0  
0  
0  
0  
0  
1  mb 1 0 345 970
