1208927452 seed, 30 fps, 1920x1080, fullScreen=1, version84_mouseSpeed1.000000_musicOff0_musicLoudness0.000000_webRetrySeconds16 42465DEE661C4C80A66BFD33B6F8DBB5EF6ACF88
2 T 1208927453.507000 mm 1004 751
0  
0  
0  
0  
0  
0  
0  
0  
0  
0  
0  
0  
0  
0  
0  
0  
0  
0  
1  mm 993 750
0  
1  mm 1051 729
1  mm 1187 667
1  mm 1253 622
1  mm 1293 585
1  mm 1344 545
1  mm 1400 521
1  mm 1450 506
1  mm 1481 501
1  mm 1495 500
1  mm 1509 500
1  mm 1518 500
1  mm 1528 508
1  mm 1530 509
0  
1  mm 1713 546
0  
0  
0  
0  
0  
0  
0  
1  mm 1712 544
1  mm 1711 544
0  
0  
0  
0  
0  
0  
0  
0  
0  
0  
0  
0  
0  
0  
0  
1  mm 1682 506
1  mm 1671 498
1  mm 1662 488
3 T 1208927457.381000 T 1208927457.384000 mm 1659 486
1 T 1208927457.414000 
1 T 1208927457.446000 
1 T 1208927457.480000 
1 T 1208927457.512000 
1 T 1208927457.546000 
1 T 1208927457.579000 
2 T 1208927457.612000 mm 1650 484
2 T 1208927457.645000 mm 1632 480
2 T 1208927457.678000 mm 1609 476
2 T 1208927457.711000 mm 1601 475
1 T 1208927457.744000 
1 T 1208927457.776000 
1 T 1208927457.810000 
2 T 1208927457.843000 mm 1600 482
2 T 1208927457.876000 mm 1599 487
2 T 1208927457.909000 mm 1599 490
2 T 1208927457.943000 mm 1592 500
2 T 1208927457.976000 mm 1583 514
2 T 1208927458.009000 mm 1578 521
2 T 1208927458.041000 mm 1575 526
2 T 1208927458.074000 mm 1572 536
2 T 1208927458.106000 mm 1568 540
1 T 1208927458.139000 
1 T 1208927458.173000 
1 T 1208927458.206000 
1 T 1208927458.238000 
1 T 1208927458.271000 
1 T 1208927458.305000 
1 T 1208927458.338000 
1 T 1208927458.370000 
1 T 1208927458.403000 
1 T 1208927458.437000 
1 T 1208927458.470000 
1 T 1208927458.503000 
0  
1 T 1208927458.569000 
0  
0  
0  
0  
0  
0  
1  mb 1 1 1568 540
0  
0  
0  
0  
2 T 1208927458.968000 mb 1 0 1568 540
0  
1 T 1208927459.031000 
1 T 1208927459.064000 
1 T 1208927459.096000 
1 T 1208927459.130000 
1 T 1208927459.163000 
1 T 1208927459.196000 
1 T 1208927459.228000 
1 T 1208927459.262000 
1 T 1208927459.294000 
1 T 1208927459.328000 
1 T 1208927459.360000 
1 T 1208927459.394000 
1 T 1208927459.427000 
1 T 1208927459.460000 
1 T 1208927459.493000 
1 T 1208927459.526000 
1 T 1208927459.559000 
1 T 1208927459.592000 
1 T 1208927459.625000 
1 T 1208927459.658000 
1 T 1208927459.691000 
1 T 1208927459.724000 
1 T 1208927459.757000 
1 T 1208927459.790000 
1 T 1208927459.822000 
1 T 1208927459.856000 
1 T 1208927459.888000 
1 T 1208927459.922000 
1 T 1208927459.955000 
6 T 1208927459.988000 xs 0 2 20 534E0A332F3230300A3330373831310A38340A23 xs 0 2 0 xs 0 0 7 T 1208927459.991000 xs 0 0 169 
2 T 1208927460.021000 xs 0 2 0 
2 T 1208927460.053000 xs 0 2 0 
2 T 1208927460.087000 xs 0 2 0 
2 T 1208927460.120000 xs 0 2 0 
2 T 1208927460.153000 xs 0 2 0 
2 T 1208927460.186000 xs 0 2 0 
4 T 1208927460.219000 xs 0 2 10 52454A45435445440A23 xs 0 3 -1 T 1208927460.224000 
1 T 1208927460.252000 
1 T 1208927460.285000 
1 T 1208927460.318000 
1 T 1208927460.352000 
1 T 1208927460.384000 
1 T 1208927460.417000 
1 T 1208927460.450000 
1 T 1208927460.483000 
1 T 1208927460.517000 
1 T 1208927460.549000 
1 T 1208927460.582000 
1 T 1208927460.614000 
1 T 1208927460.649000 
1 T 1208927460.681000 
1 T 1208927460.714000 
1 T 1208927460.748000 
1 T 1208927460.780000 
1 T 1208927460.813000 
1 T 1208927460.845000 
1 T 1208927460.878000 
1 T 1208927460.911000 
1 T 1208927460.944000 
1 T 1208927460.978000 
1 T 1208927461.010000 
1 T 1208927461.043000 
1 T 1208927461.076000 
1 T 1208927461.110000 
1 T 1208927461.143000 
1 T 1208927461.175000 
1 T 1208927461.209000 
2 T 1208927461.242000 mm 1547 534
2 T 1208927461.275000 mm 1327 409
2 T 1208927461.309000 mm 1189 325
2 T 1208927461.341000 mm 1152 291
1  mm 1137 254
1  mm 1125 228
1  mm 1118 215
1  mm 1113 213
1  mm 1094 208
1  mm 1037 194
1  mm 979 165
1  mm 954 139
1  mm 948 126
1  mm 947 125
0  
1  mb 1 1 947 125
0  
1  md 947 124
0  
1 T 1208927461.868000 
1  mb 1 0 947 124
0  
0  
0  
0  
0  
0  
0  
0  
0  
1  mm 998 208
1  mm 1161 371
1  mm 1379 553
1  mm 1529 734
1  mm 1592 872
1  mm 1602 920
1  mm 1602 927
1  mm 1602 930
1  mm 1603 943
0  
0  
0  
1  mm 1588 938
1  mm 1581 937
0  
1  mm 1580 937
1  mm 1570 947
1  mm 1562 960
1  mm 1559 964
0  
0  
1  mb 1 1 1559 964
0  
0  
0  
0  
2 T 1208927463.090000 mb 1 0 1559 964
0  
1 T 1208927463.156000 
1 T 1208927463.189000 
1 T 1208927463.221000 
1 T 1208927463.255000 
1 T 1208927463.288000 
1 T 1208927463.320000 
1 T 1208927463.354000 
1 T 1208927463.387000 
1 T 1208927463.420000 
1 T 1208927463.452000 
1 T 1208927463.486000 
1 T 1208927463.519000 
1 T 1208927463.552000 
1 T 1208927463.584000 
1 T 1208927463.618000 
1 T 1208927463.651000 
1 T 1208927463.684000 
1 T 1208927463.716000 
1 T 1208927463.750000 
1 T 1208927463.782000 
1 T 1208927463.815000 
1 T 1208927463.849000 
1 T 1208927463.881000 
1 T 1208927463.915000 
1 T 1208927463.947000 
1 T 1208927463.981000 
1 T 1208927464.014000 
1 T 1208927464.046000 
1 T 1208927464.080000 
5 T 1208927464.112000 xs 1 2 20 534E0A332F3230300A3330373831320A38340A23 xs 1 2 0 T 1208927464.113000 xs 1 0 169 
2 T 1208927464.146000 xs 1 2 0 
2 T 1208927464.179000 xs 1 2 0 
2 T 1208927464.211000 xs 1 2 0 
2 T 1208927464.245000 xs 1 2 0 
2 T 1208927464.277000 xs 1 2 0 
2 T 1208927464.311000 xs 1 2 0 
2 T 1208927464.343000 xs 1 2 0 
2 T 1208927464.377000 xs 1 2 0 
4 T 1208927464.410000 xs 1 2 10 52454A45435445440A23 xs 1 3 -1 T 1208927464.411000 
1 T 1208927464.443000 
1 T 1208927464.475000 
1 T 1208927464.509000 
1 T 1208927464.542000 
1 T 1208927464.574000 
1 T 1208927464.607000 
1 T 1208927464.641000 
1 T 1208927464.674000 
1 T 1208927464.707000 
1 T 1208927464.740000 
1 T 1208927464.773000 
1 T 1208927464.807000 
1 T 1208927464.839000 
1 T 1208927464.872000 
1 T 1208927464.905000 
1 T 1208927464.938000 
1 T 1208927464.971000 
1 T 1208927465.004000 
1 T 1208927465.037000 
2 T 1208927465.070000 mm 1559 956
2 T 1208927465.104000 mm 1543 871
2 T 1208927465.137000 mm 1520 806
3 T 1208927465.170000 T 1208927465.171000 mm 1482 751
2 T 1208927465.203000 mm 1407 678
2 T 1208927465.237000 mm 1329 625
2 T 1208927465.270000 mm 1208 585
2 T 1208927465.304000 mm 1047 564
2 T 1208927465.334000 mm 980 564
2 T 1208927465.367000 mm 936 564
2 T 1208927465.400000 mm 925 564
1 T 1208927465.433000 
1 T 1208927465.466000 
1 T 1208927465.498000 
1 T 1208927465.532000 
1  mm 943 564
1  mm 984 564
1  mm 1005 564
1  mm 1006 564
0  
0  
0  
1  mm 1007 564
1  mm 1075 564
1  mm 1362 564
1  mm 1635 560
1  mm 1682 554
0  
0  
0  
0  
0  
0  
0  
0  
1  mm 1633 555
1  mm 1584 552
1  mm 1575 549
0  
1  mb 1 1 1575 549
0  
0  
0  
0  
2 T 1208927466.524000 mb 1 0 1575 549
0  
1 T 1208927466.588000 
1 T 1208927466.621000 
1 T 1208927466.654000 
1 T 1208927466.686000 
1 T 1208927466.720000 
1 T 1208927466.753000 
1 T 1208927466.786000 
1 T 1208927466.818000 
1 T 1208927466.852000 
1 T 1208927466.885000 
1 T 1208927466.918000 
1 T 1208927466.951000 
1 T 1208927466.983000 
1 T 1208927467.016000 
1 T 1208927467.050000 
1 T 1208927467.082000 
1 T 1208927467.116000 
1 T 1208927467.149000 
1 T 1208927467.182000 
1 T 1208927467.214000 
1 T 1208927467.248000 
1 T 1208927467.281000 
1 T 1208927467.314000 
1 T 1208927467.346000 
1 T 1208927467.380000 
1 T 1208927467.413000 
1 T 1208927467.446000 
1 T 1208927467.479000 
1 T 1208927467.511000 
5 T 1208927467.545000 xs 2 2 20 534E0A332F3230300A3330373831330A38340A23 xs 2 2 0 T 1208927467.546000 xs 2 0 169 
2 T 1208927467.578000 xs 2 2 0 
2 T 1208927467.611000 xs 2 2 0 
2 T 1208927467.644000 xs 2 2 0 
2 T 1208927467.676000 xs 2 2 0 
2 T 1208927467.709000 xs 2 2 0 
2 T 1208927467.742000 xs 2 2 0 
5 T 1208927467.775000 xs 2 2 10 52454A45435445440A23 xs 2 3 -1 T 1208927467.776000 T 1208927467.778000 
1 T 1208927467.810000 
1 T 1208927467.841000 
1 T 1208927467.876000 
1 T 1208927467.908000 
1 T 1208927467.941000 
2 T 1208927467.974000 mm 1462 597
2 T 1208927468.006000 mm 1155 661
2 T 1208927468.041000 mm 734 699
2 T 1208927468.074000 mm 537 726
2 T 1208927468.106000 mm 392 763
2 T 1208927468.139000 mm 295 806
2 T 1208927468.173000 mm 257 836
2 T 1208927468.205000 mm 252 856
2 T 1208927468.238000 mm 263 882
2 T 1208927468.272000 mm 278 901
2 T 1208927468.304000 mm 287 919
2 T 1208927468.337000 mm 308 942
2 T 1208927468.369000 mm 335 959
2 T 1208927468.404000 mm 367 970
2 T 1208927468.436000 mm 386 972
3 T 1208927468.469000 T 1208927468.470000 mm 393 972
1 T 1208927468.502000 
1 T 1208927468.536000 
2 T 1208927468.568000 mm 391 972
2 T 1208927468.602000 mm 387 971
2 T 1208927468.634000 mm 386 971
2 T 1208927468.668000 mm 381 971
2 T 1208927468.700000 mm 379 971
1 T 1208927468.733000 
1 T 1208927468.766000 
1 T 1208927468.799000 
1 T 1208927468.833000 
1 T 1208927468.865000 
1 T 1208927468.898000 
1  mb 1 1 379 971
0  
0  
0  
0  
0  
0  
1  mb 1 0 379 971
