1210988920 seed, 30 fps, 1920x1080, fullScreen=1, version30000_mouseSpeed1.000000_musicOff0_musicLoudness0.000000_webRetrySeconds16 B6F8F43F97F7D2FE50F3C1DF1E9C07E120042F41
2 T 1210988921.989000 mm 1189 755
0  
0  
0  
0  
0  
0  
0  
0  
0  
0  
0  
0  
0  
0  
0  
0  
0  
0  
0  
0  
0  
0  
0  
0  
0  
0  
0  
0  
0  
0  
0  
0  
0  
0  
0  
0  
0  
0  
0  
0  
0  
0  
0  
0  
0  
0  
0  
0  
0  
0  
0  
0  
0  
0  
0  
0  
0  
0  
0  
0  
0  
0  
0  
3 T 1210988926.029000 T 1210988926.032000 mm 1558 403
1 T 1210988926.061000 
1 T 1210988926.094000 
1 T 1210988926.127000 
1 T 1210988926.161000 
1 T 1210988926.192000 
1 T 1210988926.226000 
1 T 1210988926.259000 
1 T 1210988926.292000 
1 T 1210988926.324000 
2 T 1210988926.358000 mm 1551 455
2 T 1210988926.392000 mm 1551 467
2 T 1210988926.424000 mm 1551 468
1 T 1210988926.457000 
2 T 1210988926.489000 mm 1551 483
2 T 1210988926.523000 mm 1556 509
2 T 1210988926.556000 mm 1559 520
2 T 1210988926.589000 mm 1560 526
1 T 1210988926.621000 
2 T 1210988926.656000 mm 1560 527
2 T 1210988926.687000 mm 1560 529
2 T 1210988926.721000 mm 1560 530
1 T 1210988926.755000 
1 T 1210988926.788000 
1 T 1210988926.821000 
1 T 1210988926.854000 
1 T 1210988926.887000 
1 T 1210988926.920000 
1 T 1210988926.953000 
1 T 1210988926.986000 
1 T 1210988927.019000 
1 T 1210988927.052000 
1 T 1210988927.085000 
1 T 1210988927.117000 
1 T 1210988927.151000 
1 T 1210988927.183000 
0  
0  
0  
0  
0  
0  
0  
0  
0  
0  
0  
0  
0  
0  
0  
0  
0  
0  
0  
0  
0  
0  
0  
0  
0  
0  
0  
0  
0  
0  
0  
0  
0  
0  
0  
0  
0  
0  
0  
0  
0  
0  
0  
0  
0  
0  
0  
0  
0  
0  
0  
0  
0  
0  
0  
0  
0  
0  
0  
0  
0  
0  
0  
0  
1  mb 1 1 1560 530
0  
0  
0  
2 T 1210988929.464000 mb 1 0 1560 530
0  
1 T 1210988929.770000 
1 T 1210988929.804000 
1 T 1210988929.837000 
1 T 1210988929.871000 
1 T 1210988929.903000 
1 T 1210988929.936000 
1 T 1210988929.970000 
1 T 1210988930.002000 
1 T 1210988930.036000 
1 T 1210988930.068000 
1 T 1210988930.100000 
1 T 1210988930.135000 
1 T 1210988930.167000 
1 T 1210988930.200000 
1 T 1210988930.232000 
1 T 1210988930.267000 
1 T 1210988930.299000 
1 T 1210988930.332000 
1 T 1210988930.366000 
1 T 1210988930.398000 
1 T 1210988930.431000 
6 T 1210988930.464000 xs 0 2 19 534E0A302F3230300A33320A33303030300A23 xs 0 2 0 xs 0 0 7 T 1210988930.466000 xs 0 0 169 
2 T 1210988930.497000 xs 0 2 0 
2 T 1210988930.530000 xs 0 2 0 
2 T 1210988930.563000 xs 0 2 0 
2 T 1210988930.596000 xs 0 2 0 
2 T 1210988930.629000 xs 0 2 0 
3 T 1210988930.662000 xs 0 2 0 mm 1560 531
5 T 1210988930.695000 xs 0 2 10 41434345505445440A23 xs 0 3 -1 T 1210988930.698000 mm 1569 531
2 T 1210988930.728000 mm 1570 531
1 T 1210988930.761000 
1 T 1210988930.793000 
1 T 1210988930.826000 
1 T 1210988930.860000 
1 T 1210988930.893000 
1 T 1210988930.927000 
1 T 1210988930.960000 
1 T 1210988930.992000 
1 T 1210988931.024000 
2 T 1210988931.061000 mm 1570 530
2 T 1210988931.092000 mm 1568 520
2 T 1210988931.127000 mm 1567 520
1 T 1210988931.157000 
1 T 1210988931.190000 
1 T 1210988931.224000 
1 T 1210988931.256000 
1 T 1210988931.289000 
1 T 1210988931.322000 
2 T 1210988931.355000 mm 1562 513
2 T 1210988931.390000 mm 1475 513
2 T 1210988931.423000 mm 1063 577
2 T 1210988931.453000 mm 837 642
2 T 1210988931.486000 mm 687 707
2 T 1210988931.520000 mm 589 783
2 T 1210988931.553000 mm 553 822
2 T 1210988931.586000 mm 538 832
2 T 1210988931.619000 mm 493 848
2 T 1210988931.651000 mm 460 850
2 T 1210988931.688000 mm 429 872
2 T 1210988931.719000 mm 406 897
2 T 1210988931.751000 mm 386 918
2 T 1210988931.785000 mm 358 944
2 T 1210988931.818000 mm 338 955
1  mm 336 956
0  
1  mb 1 1 336 956
0  
0  
0  
1  mb 1 0 336 956
