1209867337 seed, 30 fps, 1920x1080, fullScreen=1, version92_mouseSpeed1.000000_musicOff0_musicLoudness0.000000_webRetrySeconds16 C9D74419A2535F84DF34E60D70CCF355B4A3FD5B
2 T 1209867338.456000 mm 1078 619
1  mm 1108 604
1  mm 1114 602
0  
0  
0  
0  
0  
0  
0  
0  
0  
0  
0  
0  
0  
0  
0  
0  
0  
0  
0  
0  
0  
0  
0  
0  
0  
0  
0  
0  
0  
0  
0  
0  
1  mm 1357 593
0  
0  
0  
0  
0  
0  
0  
0  
0  
0  
0  
1  mm 1354 593
1  mm 1334 599
1  mm 1329 609
1  mm 1332 629
1  mm 1344 640
1  mm 1346 641
0  
0  
0  
0  
0  
0  
0  
0  
1  mm 1327 612
1  mm 1317 607
1  mm 1304 607
1  mm 1293 608
2 T 1209867342.081000 T 1209867342.083000 
1 T 1209867342.113000 
1 T 1209867342.146000 
1 T 1209867342.179000 
1 T 1209867342.212000 
1 T 1209867342.246000 
1 T 1209867342.277000 
1 T 1209867342.311000 
1 T 1209867342.344000 
1 T 1209867342.377000 
2 T 1209867342.410000 mm 1238 616
2 T 1209867342.443000 mm 1167 626
2 T 1209867342.477000 mm 1077 631
2 T 1209867342.510000 mm 989 628
2 T 1209867342.543000 mm 918 608
2 T 1209867342.576000 mm 857 599
2 T 1209867342.609000 mm 796 588
2 T 1209867342.641000 mm 763 584
2 T 1209867342.674000 mm 739 583
2 T 1209867342.708000 mm 712 584
2 T 1209867342.740000 mm 681 592
2 T 1209867342.773000 mm 673 595
2 T 1209867342.807000 mm 671 595
2 T 1209867342.840000 mm 663 598
2 T 1209867342.873000 mm 647 604
2 T 1209867342.905000 mm 628 611
2 T 1209867342.938000 mm 604 622
2 T 1209867342.971000 mm 588 631
2 T 1209867343.004000 mm 577 642
2 T 1209867343.038000 mm 570 650
2 T 1209867343.071000 mm 564 656
2 T 1209867343.103000 mm 551 679
2 T 1209867343.136000 mm 527 726
2 T 1209867343.169000 mm 493 771
2 T 1209867343.202000 mm 458 807
1  mm 420 853
1  mm 391 894
1  mm 376 916
1  mm 369 927
1  mm 366 933
1  mm 362 944
1  mm 362 946
0  
0  
1  mb 1 1 362 946
0  
0  
1  mb 1 0 362 946
