1210989160 seed, 30 fps, 1920x1080, fullScreen=1, version30000_mouseSpeed1.000000_musicOff0_musicLoudness0.000000_webRetrySeconds16 B6F8F43F97F7D2FE50F3C1DF1E9C07E120042F41
2 T 1210989161.619000 mm 960 540
0  
1  mm 1883 280
0  
1  mm 1847 311
1  mm 1787 414
1  mm 1750 516
1  mm 1746 536
0  
0  
1  mm 1722 509
1  mm 1722 500
0  
0  
0  
0  
1  mm 1716 498
1  mm 1686 496
1  mm 1666 496
1  mm 1642 496
1  mm 1623 501
1  mm 1599 511
1  mm 1589 514
1  mm 1580 519
1  mm 1560 527
1  mm 1544 533
1  mm 1504 547
1  mm 1440 566
1  mm 1402 576
1  mm 1382 579
1  mm 1381 581
1  mm 1405 577
1  mm 1454 564
0  
1  mm 1451 562
0  
0  
0  
0  
0  
0  
0  
0  
1  mm 1451 560
1  mm 1451 558
0  
1  mm 1452 555
1  mm 1453 551
1  mm 1454 548
1  mm 1454 545
1  mm 1456 540
1  mm 1457 535
1  mm 1461 526
1  mm 1462 523
1  mm 1463 517
1  mm 1465 513
1  mm 1465 511
0  
0  
0  
0  
0  
0  
0  
3 T 1210989165.612000 T 1210989165.615000 mm 1465 512
1 T 1210989165.644000 
1 T 1210989165.677000 
1 T 1210989165.709000 
1 T 1210989165.743000 
1 T 1210989165.776000 
1 T 1210989165.808000 
1 T 1210989165.842000 
1 T 1210989165.875000 
1 T 1210989165.908000 
1 T 1210989165.940000 
1 T 1210989165.975000 
1 T 1210989166.007000 
1 T 1210989166.040000 
1 T 1210989166.074000 
1 T 1210989166.107000 
2 T 1210989166.141000 mm 1472 518
2 T 1210989166.173000 mm 1488 524
2 T 1210989166.206000 mm 1513 533
2 T 1210989166.238000 mm 1538 538
2 T 1210989166.272000 mm 1546 538
1 T 1210989166.305000 
1 T 1210989166.338000 
1 T 1210989166.370000 
1 T 1210989166.403000 
1 T 1210989166.436000 
1 T 1210989166.469000 
1 T 1210989166.503000 
1 T 1210989166.535000 
1 T 1210989166.568000 
1 T 1210989166.601000 
1 T 1210989166.635000 
1 T 1210989166.667000 
1 T 1210989166.701000 
1 T 1210989166.733000 
1 T 1210989166.766000 
0  
0  
0  
0  
0  
0  
1  mb 1 1 1546 538
0  
0  
2 T 1210989167.099000 mb 1 0 1546 538
0  
1 T 1210989167.238000 
1 T 1210989167.273000 
1 T 1210989167.305000 
1 T 1210989167.337000 
1 T 1210989167.371000 
1 T 1210989167.403000 
1 T 1210989167.437000 
1 T 1210989167.470000 
1 T 1210989167.503000 
1 T 1210989167.535000 
1 T 1210989167.569000 
1 T 1210989167.602000 
1 T 1210989167.635000 
1 T 1210989167.667000 
1 T 1210989167.702000 
1 T 1210989167.733000 
1 T 1210989167.766000 
1 T 1210989167.800000 
1 T 1210989167.834000 
1 T 1210989167.865000 
1 T 1210989167.898000 
1 T 1210989167.933000 
1 T 1210989167.965000 
1 T 1210989167.998000 
1 T 1210989168.032000 
1 T 1210989168.063000 
1 T 1210989168.097000 
6 T 1210989168.131000 xs 0 2 16 534E0A302F3230300A33340A39360A23 xs 0 2 0 xs 0 0 7 T 1210989168.133000 T 1210989168.137000 
1 T 1210989168.163000 
1 T 1210989168.198000 
1 T 1210989168.230000 
1 T 1210989168.263000 
1 T 1210989168.297000 
1 T 1210989168.329000 
1 T 1210989168.362000 
1 T 1210989168.396000 
1 T 1210989168.428000 
1 T 1210989168.461000 
1 T 1210989168.494000 
1 T 1210989168.527000 
1 T 1210989168.560000 
1 T 1210989168.593000 
1 T 1210989168.627000 
1 T 1210989168.659000 
1 T 1210989168.692000 
1 T 1210989168.725000 
2 T 1210989168.758000 mm 1496 552
2 T 1210989168.791000 mm 1177 608
2 T 1210989168.824000 mm 774 695
2 T 1210989168.858000 mm 610 779
2 T 1210989168.889000 mm 549 826
2 T 1210989168.922000 mm 520 850
2 T 1210989168.956000 mm 510 857
2 T 1210989168.989000 mm 497 864
2 T 1210989169.021000 mm 442 883
2 T 1210989169.055000 mm 377 915
2 T 1210989169.086000 mm 355 930
2 T 1210989169.121000 mm 343 937
2 T 1210989169.155000 mm 336 944
2 T 1210989169.186000 mm 332 948
1 T 1210989169.219000 
1 T 1210989169.254000 
1  mb 1 1 332 948
0  
0  
1  mb 1 0 332 948
