1209258136 seed, 30 fps, 1920x1080, fullScreen=1, version84_mouseSpeed1.000000_musicOff0_musicLoudness0.000000_webRetrySeconds16 42465DEE661C4C80A66BFD33B6F8DBB5EF6ACF88
2 T 1209258137.333000 mm 959 366
0  
1  mm 1263 440
0  
1  mm 1261 440
0  
0  
0  
0  
0  
0  
0  
0  
0  
0  
0  
0  
0  
0  
0  
0  
0  
0  
0  
0  
0  
0  
0  
0  
0  
0  
0  
0  
0  
0  
0  
0  
0  
0  
0  
0  
0  
0  
0  
0  
0  
0  
0  
0  
0  
0  
0  
0  
0  
0  
0  
0  
0  
0  
0  
0  
0  
0  
3 T 1209258141.110000 T 1209258141.111000 mm 1409 469
1 T 1209258141.142000 
1 T 1209258141.175000 
1 T 1209258141.208000 
1 T 1209258141.242000 
1 T 1209258141.274000 
1 T 1209258141.307000 
1 T 1209258141.341000 
1 T 1209258141.374000 
1 T 1209258141.406000 
1 T 1209258141.440000 
1 T 1209258141.472000 
1 T 1209258141.506000 
1 T 1209258141.538000 
1 T 1209258141.572000 
1 T 1209258141.605000 
2 T 1209258141.638000 mm 1425 470
2 T 1209258141.671000 mm 1444 474
2 T 1209258141.703000 mm 1453 477
2 T 1209258141.736000 mm 1454 477
1 T 1209258141.770000 
1 T 1209258141.803000 
2 T 1209258141.836000 mm 1456 479
2 T 1209258141.868000 mm 1458 480
2 T 1209258141.902000 mm 1460 482
2 T 1209258141.935000 mm 1469 485
2 T 1209258141.968000 mm 1474 487
2 T 1209258142.000000 mm 1475 487
1 T 1209258142.033000 
1 T 1209258142.067000 
1 T 1209258142.100000 
1 T 1209258142.132000 
1 T 1209258142.166000 
1 T 1209258142.199000 
1 T 1209258142.231000 
1  mm 1468 487
2 T 1209258142.298000 mm 1460 484
1  mm 1386 481
1  mm 1219 453
1  mm 1130 429
1  mm 1105 422
1  mm 1077 415
1  mm 1006 407
1  mm 941 390
1  mm 921 387
0  
0  
0  
1  mm 924 379
1  mm 925 367
1  mm 925 360
0  
0  
1  mm 925 359
1  mm 925 358
0  
0  
0  
0  
0  
0  
0  
0  
0  
0  
0  
0  
1  kd 114 925 358
0  
0  
0  
1  ku 114 925 358
0  
1  kd 114 925 358
1  kd 101 925 358
1  mm 925 369
3  ku 101 924 392 ku 114 924 392 mm 924 392
1  mm 924 394
0  
2  kd 114 923 399 mm 923 399
1  mm 912 431
1  mm 900 460
2  ku 114 896 468 mm 896 468
1  mm 890 476
1  mm 878 489
1  mm 869 500
1  mm 867 501
0  
1  mm 867 503
1  mm 853 516
1  mm 845 524
1  mm 833 538
1  mm 831 541
0  
0  
0  
0  
1  kd 114 831 541
1  kd 116 831 541
0  
3  ku 116 831 541 mb 1 1 831 541 ku 114 831 541
0  
0  
0  
0  
1  mb 1 0 831 541
0  
0  
1  mb 1 1 831 541
0  
0  
0  
1  mb 1 0 831 541
0  
0  
0  
1  kd 114 831 541
0  
0  
2  ku 114 833 543 mm 833 543
1  mm 866 544
1  mm 920 544
2  kd 114 974 544 mm 974 544
1  mm 1032 549
1  mm 1099 551
2  ku 114 1177 554 mm 1177 554
1  mm 1263 553
2  kd 114 1311 548 mm 1311 548
1  mm 1331 546
1  mm 1340 546
2  ku 114 1379 547 mm 1379 547
1  mm 1413 550
2  kd 114 1425 550 mm 1425 550
1  mm 1426 550
1  mm 1430 550
2  ku 114 1435 550 mm 1435 550
3 T 1209258145.600000 kd 114 1443 550 mm 1443 550
1  mm 1447 550
0  
2  ku 114 1452 548 mm 1452 548
1  mm 1460 542
1  mm 1464 541
2  kd 114 1474 540 mm 1474 540
1  mm 1484 540
1  mm 1508 540
1  mm 1519 540
2  ku 114 1525 540 mm 1525 540
1  mm 1533 540
1  mm 1549 539
1  mm 1556 538
0  
0  
0  
0  
0  
0  
0  
0  
0  
0  
0  
0  
0  
1  mb 1 1 1556 538
0  
0  
0  
1  md 1557 538
2 T 1209258146.657000 mb 1 0 1557 538
0  
1 T 1209258146.720000 
1 T 1209258146.753000 
1 T 1209258146.785000 
1 T 1209258146.819000 
1 T 1209258146.851000 
1 T 1209258146.885000 
1 T 1209258146.918000 
1 T 1209258146.950000 
1 T 1209258146.984000 
1 T 1209258147.017000 
1 T 1209258147.049000 
1 T 1209258147.083000 
1 T 1209258147.116000 
1 T 1209258147.148000 
1 T 1209258147.181000 
1 T 1209258147.215000 
1 T 1209258147.248000 
1 T 1209258147.281000 
1 T 1209258147.314000 
1 T 1209258147.347000 
1 T 1209258147.380000 
1 T 1209258147.412000 
1 T 1209258147.445000 
1 T 1209258147.478000 
1 T 1209258147.512000 
1 T 1209258147.546000 
1 T 1209258147.577000 
1 T 1209258147.610000 
1 T 1209258147.644000 
4 T 1209258147.677000 xs 0 2 0 xs 0 0 0 T 1209258147.685000 
1 T 1209258147.711000 
1 T 1209258147.743000 
1 T 1209258147.776000 
1 T 1209258147.809000 
1 T 1209258147.842000 
1 T 1209258147.875000 
1 T 1209258147.908000 
1 T 1209258147.941000 
1 T 1209258147.975000 
1 T 1209258148.007000 
1 T 1209258148.040000 
1 T 1209258148.072000 
1 T 1209258148.106000 
1 T 1209258148.139000 
1 T 1209258148.172000 
1 T 1209258148.205000 
1 T 1209258148.238000 
1 T 1209258148.271000 
1 T 1209258148.304000 
1 T 1209258148.338000 
1 T 1209258148.370000 
1 T 1209258148.403000 
1 T 1209258148.436000 
1 T 1209258148.469000 
1 T 1209258148.502000 
1 T 1209258148.535000 
1 T 1209258148.567000 
1 T 1209258148.601000 
1 T 1209258148.634000 
1 T 1209258148.666000 
1 T 1209258148.700000 
1 T 1209258148.732000 
2 T 1209258148.767000 mm 1521 534
2 T 1209258148.799000 mm 1491 532
1  mm 1490 532
0  
2 T 1209258148.898000 mm 1470 530
1  mm 1464 530
1  mm 1463 530
0  
0  
0  
0  
0  
0  
0  
0  
0  
1  mm 1462 528
0  
0  
1  mm 1461 528
1  mm 1455 526
1  mm 1434 523
1  mm 1333 542
1  mm 1181 573
1  mm 1037 619
1  mm 890 691
1  mm 767 762
1  mm 664 822
1  mm 608 846
1  mm 580 863
1  mm 536 887
1  mm 489 909
1  mm 450 918
1  mm 438 920
0  
1  mm 428 928
1  mm 415 940
1  mm 403 949
1  mm 397 952
1  mm 396 952
0  
0  
0  
0  
0  
0  
0  
0  
0  
0  
0  
0  
0  
0  
0  
0  
0  
0  
0  
0  
0  
0  
0  
0  
0  
0  
0  
0  
0  
0  
0  
0  
0  
0  
0  
0  
0  
0  
0  
0  
0  
0  
0  
0  
0  
0  
0  
0  
0  
0  
0  
0  
0  
0  
0  
0  
0  
0  
0  
0  
0  
0  
0  
0  
1 T 1209258152.197000 
0  
0  
0  
0  
0  
0  
0  
0  
0  
1  mb 1 1 396 952
0  
0  
0  
0  
0  
0  
0  
0  
0  
0  
0  
0  
0  
0  
0  
0  
0  
0  
0  
0  
0  
0  
0  
0  
0  
0  
0  
0  
0  
0  
0  
0  
0  
0  
0  
0  
0  
0  
1  mb 1 0 396 952
