1211195449 seed, 30 fps, 1920x1080, fullScreen=1, version98_mouseSpeed1.000000_musicOff0_musicLoudness0.000000_webRetrySeconds16 3A84615318F8E00D32AFC8D06EBEF000378BAC5B
2 T 1211195451.535000 mm 1129 648
0  
0  
0  
0  
0  
0  
0  
0  
0  
0  
0  
0  
0  
0  
0  
0  
0  
0  
0  
0  
0  
0  
0  
0  
0  
0  
0  
0  
0  
0  
0  
0  
0  
0  
0  
0  
0  
0  
0  
0  
0  
0  
0  
0  
0  
0  
0  
0  
0  
0  
0  
0  
0  
0  
0  
0  
0  
0  
0  
0  
0  
0  
0  
0  
2 T 1211195455.418000 T 1211195455.421000 
1 T 1211195455.452000 
1 T 1211195455.483000 
1 T 1211195455.518000 
1 T 1211195455.549000 
1 T 1211195455.584000 
1 T 1211195455.615000 
1 T 1211195455.649000 
1 T 1211195455.682000 
1 T 1211195455.715000 
1 T 1211195455.749000 
1 T 1211195455.781000 
1 T 1211195455.815000 
2 T 1211195455.848000 mm 1186 648
2 T 1211195455.880000 mm 1310 626
2 T 1211195455.915000 mm 1414 594
2 T 1211195455.947000 mm 1460 572
2 T 1211195455.980000 mm 1484 552
2 T 1211195456.013000 mm 1515 534
2 T 1211195456.045000 mm 1541 525
2 T 1211195456.077000 mm 1556 525
1 T 1211195456.112000 
1 T 1211195456.144000 
1 T 1211195456.178000 
1 T 1211195456.211000 
1 T 1211195456.243000 
1 T 1211195456.275000 
2 T 1211195456.309000 mm 1556 534
1 T 1211195456.342000 
2 T 1211195456.377000 mm 1556 537
1 T 1211195456.408000 
2 T 1211195456.442000 mm 1557 540
2 T 1211195456.475000 mm 1560 540
1 T 1211195456.506000 
4 T 1211195456.540000 R T 1211195456.541000 mm 1562 540
1  mm 1564 540
1  mm 1571 540
1  mm 1572 540
0  
0  
0  
0  
0  
0  
1  mb 1 1 1572 540
0  
0  
0  
0  
0  
0  
0  
2 T 1211195457.138000 mb 1 0 1572 540
0  
1 T 1211195457.275000 
1 T 1211195457.309000 
1 T 1211195457.343000 
1 T 1211195457.375000 
1 T 1211195457.408000 
1 T 1211195457.441000 
1 T 1211195457.474000 
1 T 1211195457.507000 
1 T 1211195457.539000 
1 T 1211195457.573000 
1 T 1211195457.606000 
1 T 1211195457.639000 
1 T 1211195457.672000 
1 T 1211195457.706000 
1 T 1211195457.738000 
1 T 1211195457.771000 
1 T 1211195457.804000 
1 T 1211195457.837000 
1 T 1211195457.870000 
1 T 1211195457.903000 
1 T 1211195457.936000 
1 T 1211195457.969000 
1 T 1211195458.002000 
1 T 1211195458.035000 
1 T 1211195458.068000 
1 T 1211195458.100000 
1 T 1211195458.135000 
8 T 1211195458.167000 xs 0 2 16 534E0A302F3230300A36340A39350A23 xs 0 2 0 R R xs 0 0 7 R T 1211195458.168000 
1 T 1211195458.200000 
1 T 1211195458.233000 
1 T 1211195458.267000 
2 T 1211195458.300000 mm 1573 541
2 T 1211195458.333000 mm 1570 543
1 T 1211195458.364000 
1 T 1211195458.398000 
1 T 1211195458.431000 
1 T 1211195458.464000 
1 T 1211195458.497000 
1 T 1211195458.530000 
2 T 1211195458.565000 mm 1568 550
1 T 1211195458.597000 
1 T 1211195458.630000 
2 T 1211195458.662000 mm 1540 551
2 T 1211195458.695000 mm 1448 569
2 T 1211195458.728000 mm 1261 610
2 T 1211195458.761000 mm 1105 637
2 T 1211195458.794000 mm 1020 659
2 T 1211195458.826000 mm 950 688
2 T 1211195458.860000 mm 869 731
2 T 1211195458.897000 mm 810 754
2 T 1211195458.927000 mm 789 764
2 T 1211195458.960000 mm 742 798
2 T 1211195458.993000 mm 716 820
2 T 1211195459.026000 mm 663 851
2 T 1211195459.059000 mm 647 856
2 T 1211195459.093000 mm 585 883
2 T 1211195459.127000 mm 558 899
1 T 1211195459.159000 
2 T 1211195459.191000 mm 550 903
2 T 1211195459.224000 mm 526 910
2 T 1211195459.257000 mm 512 912
2 T 1211195459.290000 mm 487 915
1  mm 476 917
1  mm 437 929
1  mm 399 940
1  mm 383 945
0  
1  mm 382 946
1  mm 380 948
0  
1  mm 377 950
1  mm 372 957
1  mm 370 959
0  
1  mm 369 959
0  
0  
0  
0  
0  
2 T 1211195459.916000 R 
0  
0  
0  
0  
0  
0  
0  
0  
0  
0  
0  
0  
0  
0  
0  
0  
0  
0  
0  
0  
1  mb 1 1 369 959
0  
0  
0  
1  mb 1 0 369 959
