1207836056 seed, 60 fps, 1920x1080, fullScreen=1, version73_mouseSpeed1.000000_musicOff0_musicLoudness1.000000_webRetrySeconds16 39F5D403D9734472EB90545B8404B1BC918AF16B
3 T 1207836058.693000 mm 1053 885 mm 1049 861
1  mm 1048 861
1  mm 1041 853
0  
0  
0  
0  
0  
0  
0  
0  
0  
0  
0  
0  
0  
0  
0  
0  
0  
0  
0  
0  
0  
0  
0  
0  
0  
0  
0  
0  
0  
0  
0  
0  
0  
0  
0  
0  
0  
0  
0  
0  
0  
0  
0  
0  
0  
0  
0  
0  
0  
0  
0  
0  
0  
0  
0  
0  
0  
0  
0  
0  
0  
0  
0  
0  
0  
0  
0  
0  
0  
0  
0  
0  
0  
0  
0  
0  
0  
0  
0  
0  
0  
0  
0  
0  
0  
0  
0  
0  
0  
0  
0  
0  
0  
0  
0  
0  
1 T 1207836061.163000 
0  
0  
0  
0  
0  
0  
0  
0  
0  
0  
1  mm 1037 833
1  mm 929 774
1  mm 782 759
1  mm 721 782
3 T 1207836062.200000 T 1207836062.202000 mm 764 870
2 T 1207836062.203000 mm 769 870
0  
2 T 1207836062.213000 mm 777 870
2 T 1207836062.230000 mm 786 870
1 T 1207836062.246000 
1 T 1207836062.263000 
1 T 1207836062.279000 
1 T 1207836062.296000 
1 T 1207836062.313000 
1 T 1207836062.330000 
1 T 1207836062.346000 
1 T 1207836062.363000 
1 T 1207836062.380000 
1 T 1207836062.396000 
1 T 1207836062.413000 
1 T 1207836062.429000 
2 T 1207836062.446000 mm 773 868
2 T 1207836062.463000 mm 736 863
2 T 1207836062.479000 mm 721 863
2 T 1207836062.496000 mm 674 856
2 T 1207836062.513000 mm 642 853
2 T 1207836062.530000 mm 612 850
2 T 1207836062.546000 mm 585 849
2 T 1207836062.563000 mm 560 849
2 T 1207836062.580000 mm 535 849
2 T 1207836062.596000 mm 513 858
2 T 1207836062.613000 mm 488 871
2 T 1207836062.629000 mm 467 884
2 T 1207836062.646000 mm 452 894
2 T 1207836062.663000 mm 443 902
2 T 1207836062.679000 mm 437 912
2 T 1207836062.696000 mm 435 929
2 T 1207836062.713000 mm 434 939
2 T 1207836062.730000 mm 432 946
2 T 1207836062.746000 mm 428 955
2 T 1207836062.763000 mm 417 966
2 T 1207836062.780000 mm 407 978
2 T 1207836062.796000 mm 400 986
2 T 1207836062.813000 mm 392 988
2 T 1207836062.829000 mm 385 989
2 T 1207836062.846000 mm 379 989
1 T 1207836062.862000 
1 T 1207836062.879000 
2 T 1207836062.896000 mb 1 1 379 989
1 T 1207836062.913000 
1 T 1207836062.929000 
1 T 1207836062.946000 
1 T 1207836062.963000 
1 T 1207836062.979000 
1  mb 1 0 379 989
