1209871467 seed, 30 fps, 1920x1080, fullScreen=1, version92_mouseSpeed1.000000_musicOff0_musicLoudness0.000000_webRetrySeconds16 C9D74419A2535F84DF34E60D70CCF355B4A3FD5B
2 T 1209871467.685000 mm 1119 377
0  
0  
0  
0  
0  
0  
0  
0  
0  
0  
0  
0  
0  
0  
0  
0  
0  
0  
0  
0  
0  
0  
0  
0  
0  
0  
0  
0  
0  
0  
0  
0  
0  
0  
0  
0  
0  
0  
0  
0  
0  
0  
0  
0  
0  
0  
0  
0  
0  
0  
0  
0  
0  
0  
0  
0  
0  
0  
0  
0  
0  
0  
1  mm 1442 499
1  mm 1854 670
3 T 1209871471.606000 T 1209871471.609000 mm 1919 1079
1 T 1209871471.638000 
1 T 1209871471.671000 
2 T 1209871471.703000 mm 1919 1067
2 T 1209871471.736000 mm 1919 1030
2 T 1209871471.769000 mm 1919 993
2 T 1209871471.802000 mm 1919 963
2 T 1209871471.835000 mm 1919 955
1 T 1209871471.868000 
2 T 1209871471.902000 mm 1919 954
2 T 1209871471.935000 mm 1916 951
2 T 1209871471.967000 mm 1915 951
1 T 1209871472.000000 
1 T 1209871472.033000 
1 T 1209871472.067000 
1 T 1209871472.099000 
2 T 1209871472.132000 mm 1909 949
2 T 1209871472.165000 mm 1716 901
2 T 1209871472.198000 mm 1535 845
2 T 1209871472.232000 mm 1270 804
2 T 1209871472.265000 mm 968 755
2 T 1209871472.298000 mm 701 739
2 T 1209871472.331000 mm 541 739
2 T 1209871472.364000 mm 457 756
2 T 1209871472.396000 mm 447 765
2 T 1209871472.429000 mm 477 800
2 T 1209871472.463000 mm 598 832
2 T 1209871472.496000 mm 805 862
2 T 1209871472.528000 mm 1138 898
2 T 1209871472.561000 mm 1445 983
2 T 1209871472.594000 mm 1720 1079
2 T 1209871472.627000 mm 1856 1079
2 T 1209871472.660000 mm 1919 1079
1 T 1209871472.693000 
2 T 1209871472.727000 mm 1919 1065
1  mm 1919 1032
1  mm 1919 1022
1  mm 1919 1018
1  mm 1914 1008
1  mm 1903 992
1  mm 1863 970
1  mm 1846 969
0  
0  
0  
0  
1  mm 1749 938
1  mm 1722 926
0  
0  
0  
0  
0  
0  
0  
0  
0  
0  
0  
0  
0  
0  
1  mm 1788 909
0  
0  
0  
0  
0  
0  
0  
0  
0  
0  
0  
0  
0  
0  
0  
0  
0  
0  
0  
0  
0  
0  
0  
0  
0  
0  
0  
0  
0  
0  
0  
0  
0  
0  
0  
0  
0  
0  
0  
0  
0  
0  
0  
0  
0  
0  
0  
0  
0  
0  
0  
0  
0  
0  
0  
0  
0  
0  
0  
0  
0  
0  
0  
0  
0  
0  
0  
0  
0  
0  
0  
1 T 1209871476.155000 
0  
0  
0  
0  
0  
0  
0  
0  
0  
0  
0  
0  
0  
0  
0  
0  
0  
0  
0  
0  
0  
0  
0  
0  
0  
0  
0  
0  
0  
0  
0  
0  
0  
0  
0  
0  
0  
0  
0  
0  
0  
0  
0  
0  
0  
0  
0  
0  
0  
0  
0  
0  
0  
0  
0  
0  
0  
0  
0  
0  
0  
0  
0  
0  
0  
0  
0  
0  
0  
0  
0  
0  
0  
0  
0  
0  
0  
0  
0  
0  
0  
0  
0  
0  
0  
0  
0  
0  
0  
0  
0  
0  
0  
0  
0  
0  
0  
0  
0  
1 T 1209871479.455000 
0  
0  
0  
0  
0  
0  
0  
0  
0  
0  
0  
0  
0  
0  
0  
0  
0  
0  
0  
0  
0  
0  
0  
0  
0  
0  
0  
0  
0  
0  
0  
0  
0  
0  
0  
0  
0  
0  
0  
0  
0  
0  
0  
0  
0  
0  
0  
0  
0  
0  
0  
0  
0  
0  
0  
0  
0  
0  
0  
0  
0  
0  
0  
0  
0  
0  
0  
0  
0  
0  
0  
0  
0  
0  
0  
0  
0  
0  
0  
0  
0  
0  
0  
0  
0  
0  
0  
0  
0  
0  
0  
0  
0  
0  
0  
0  
0  
0  
0  
1 T 1209871482.756000 
0  
0  
0  
0  
0  
0  
0  
0  
0  
0  
0  
0  
0  
0  
0  
0  
0  
0  
0  
0  
0  
0  
0  
0  
0  
0  
0  
0  
0  
0  
0  
0  
0  
0  
0  
0  
0  
0  
0  
0  
0  
0  
0  
0  
0  
0  
0  
0  
0  
0  
0  
0  
0  
0  
0  
0  
0  
0  
0  
0  
0  
0  
0  
0  
0  
0  
0  
0  
0  
0  
0  
0  
0  
0  
0  
0  
0  
0  
0  
0  
0  
0  
0  
0  
0  
0  
0  
0  
0  
0  
0  
0  
0  
0  
0  
0  
0  
0  
0  
1 T 1209871486.056000 
0  
0  
0  
0  
0  
0  
0  
0  
0  
0  
0  
0  
0  
0  
0  
0  
0  
0  
0  
0  
0  
0  
0  
0  
0  
0  
0  
0  
0  
0  
0  
0  
0  
0  
0  
0  
0  
0  
0  
0  
0  
0  
0  
0  
0  
0  
0  
0  
0  
0  
0  
0  
0  
0  
0  
0  
0  
0  
0  
0  
0  
0  
0  
0  
0  
0  
0  
0  
0  
0  
0  
0  
0  
0  
0  
0  
0  
0  
0  
0  
0  
0  
0  
0  
0  
0  
0  
0  
0  
0  
0  
0  
0  
0  
0  
0  
0  
0  
0  
1 T 1209871489.356000 
0  
0  
0  
0  
0  
0  
0  
0  
0  
0  
0  
0  
0  
0  
0  
0  
0  
0  
0  
0  
0  
0  
0  
0  
0  
0  
0  
0  
0  
0  
0  
0  
0  
0  
0  
0  
0  
0  
0  
0  
0  
0  
0  
0  
0  
0  
0  
0  
0  
1  mm 1272 1065
0  
0  
0  
0  
0  
0  
0  
0  
0  
0  
0  
0  
0  
0  
1  mm 1322 948
1  mm 1397 779
1  mm 1437 689
1  mm 1441 683
0  
0  
0  
1  mm 1426 722
1  mm 1363 781
1  mm 1262 818
1  mm 1129 827
1  mm 963 827
1  mm 830 831
1  mm 716 848
1  mm 652 860
1  mm 569 863
1  mm 487 863
1  mm 427 871
1  mm 410 879
1  mm 404 892
1  mm 400 905
1  mm 398 946
1  mm 398 961
0  
0  
0  
0  
1  mm 397 962
1  mm 384 963
1  mm 378 964
0  
0  
0  
0  
0  
1 T 1209871492.783000 
0  
0  
1  mm 389 964
1  mm 522 964
1  mm 682 931
1  mm 927 832
1  mm 1172 728
1  mm 1336 662
1  mm 1417 634
1  mm 1482 610
1  mm 1530 593
1  mm 1574 573
1  mm 1612 551
1  mm 1621 547
0  
0  
0  
1  mm 1615 547
1  mm 1576 550
1  mm 1473 571
1  mm 1279 631
1  mm 1041 703
1  mm 850 767
1  mm 712 825
1  mm 653 848
1  mm 547 878
1  mm 479 888
1  mm 438 894
1  mm 422 896
1  mm 403 901
1  mm 376 915
1  mm 358 926
1  mm 345 940
1  mm 338 946
1  mm 335 949
0  
1  mb 1 1 335 949
0  
0  
0  
0  
1  mb 1 0 335 949
