1208375565 seed, 30 fps, 1920x1080, fullScreen=1, version75_mouseSpeed1.000000_musicOff0_musicLoudness1.000000_webRetrySeconds16 BC3D5E7F7F79892FF6B0487E89DDE795D6A445C6
2 T 1208375566.527000 mm 639 507
0  
0  
0  
0  
0  
0  
0  
0  
0  
0  
0  
0  
0  
0  
0  
0  
0  
0  
0  
0  
0  
0  
0  
0  
0  
0  
0  
0  
0  
0  
0  
0  
0  
0  
0  
0  
0  
0  
0  
0  
0  
0  
0  
0  
0  
0  
0  
0  
0  
0  
0  
0  
0  
0  
0  
0  
0  
0  
0  
0  
0  
0  
0  
2 T 1208375570.076000 T 1208375570.079000 
1 T 1208375570.110000 
1 T 1208375570.142000 
1 T 1208375570.177000 
1 T 1208375570.209000 
1 T 1208375570.242000 
1 T 1208375570.274000 
1 T 1208375570.308000 
1 T 1208375570.341000 
1 T 1208375570.373000 
1 T 1208375570.407000 
1 T 1208375570.439000 
1 T 1208375570.473000 
1 T 1208375570.506000 
1 T 1208375570.539000 
1 T 1208375570.572000 
1 T 1208375570.605000 
1 T 1208375570.638000 
1 T 1208375570.670000 
1 T 1208375570.704000 
1 T 1208375570.738000 
1 T 1208375570.769000 
1 T 1208375570.803000 
1 T 1208375570.836000 
1 T 1208375570.869000 
1 T 1208375570.901000 
1 T 1208375570.934000 
1 T 1208375570.968000 
1 T 1208375571.001000 
1 T 1208375571.034000 
1 T 1208375571.067000 
1 T 1208375571.100000 
1 T 1208375571.132000 
2 T 1208375571.165000 mm 740 466
2 T 1208375571.199000 mm 866 429
2 T 1208375571.232000 mm 955 415
1  mm 1026 411
1  mm 1163 417
1  mm 1324 456
1  mm 1435 484
1  mm 1481 499
1  mm 1510 512
1  mm 1517 517
0  
1  mm 1552 527
1  mm 1588 537
1  mm 1622 554
1  mm 1624 555
0  
0  
0  
0  
1  mm 1608 555
1  mm 1576 553
1  mm 1574 553
0  
0  
1  mm 1560 549
1  mm 1549 546
1  mm 1548 545
0  
0  
0  
1  mb 1 1 1548 545
0  
0  
0  
0  
0  
0  
0  
0  
0  
0  
0  
0  
0  
0  
0  
2 T 1208375572.687000 mb 1 0 1548 545
0  
1 T 1208375572.749000 
1 T 1208375572.783000 
1 T 1208375572.816000 
1 T 1208375572.849000 
1 T 1208375572.882000 
1 T 1208375572.915000 
1 T 1208375572.948000 
1 T 1208375572.981000 
1 T 1208375573.014000 
1 T 1208375573.047000 
1 T 1208375573.080000 
1 T 1208375573.113000 
1 T 1208375573.145000 
1 T 1208375573.179000 
1 T 1208375573.212000 
1 T 1208375573.245000 
1 T 1208375573.277000 
1 T 1208375573.311000 
1 T 1208375573.344000 
1 T 1208375573.377000 
1 T 1208375573.410000 
1 T 1208375573.443000 
1 T 1208375573.476000 
1 T 1208375573.509000 
1 T 1208375573.542000 
1 T 1208375573.574000 
1 T 1208375573.608000 
1 T 1208375573.640000 
1 T 1208375573.674000 
4 T 1208375573.707000 xs 0 2 17 53485554444F574E0A32302F3230300A23 xs 0 2 0 T 1208375573.710000 
1 T 1208375573.740000 
1 T 1208375573.774000 
1 T 1208375573.806000 
1 T 1208375573.839000 
1 T 1208375573.873000 
1 T 1208375573.905000 
1 T 1208375573.938000 
1 T 1208375573.971000 
1 T 1208375574.005000 
1 T 1208375574.037000 
1 T 1208375574.070000 
1 T 1208375574.103000 
1 T 1208375574.136000 
1 T 1208375574.169000 
1 T 1208375574.202000 
1 T 1208375574.235000 
1 T 1208375574.269000 
1 T 1208375574.301000 
1 T 1208375574.334000 
1 T 1208375574.367000 
1 T 1208375574.400000 
1 T 1208375574.433000 
2 T 1208375574.466000 mm 1548 574
2 T 1208375574.500000 mm 1570 696
3 T 1208375574.531000 T 1208375574.532000 mm 1583 752
2 T 1208375574.565000 mm 1579 769
2 T 1208375574.598000 mm 1518 775
2 T 1208375574.632000 mm 1381 784
2 T 1208375574.665000 mm 1028 792
2 T 1208375574.697000 mm 676 800
2 T 1208375574.729000 mm 491 829
2 T 1208375574.763000 mm 422 861
2 T 1208375574.796000 mm 390 883
2 T 1208375574.830000 mm 369 900
1  mm 362 910
1  mm 361 921
1  mm 361 932
1  mm 360 948
1  mm 358 955
2  mm 357 959 mm 356 962
1  mm 355 965
0  
1  mb 1 1 355 965
0  
0  
0  
0  
1  mb 1 0 355 965
