1210197020 seed, 30 fps, 1920x1080, fullScreen=1, version93_mouseSpeed1.000000_musicOff0_musicLoudness0.000000_webRetrySeconds16 2FF7EFE6CB93DEBA90A2E44446089C94A7BDACB5
2 T 1210197021.283000 mm 1233 508
0  
0  
0  
0  
0  
0  
0  
0  
0  
0  
0  
0  
0  
0  
0  
0  
0  
0  
0  
0  
0  
0  
0  
0  
0  
0  
0  
0  
0  
0  
0  
0  
0  
0  
0  
0  
0  
0  
0  
0  
0  
0  
0  
0  
0  
0  
0  
0  
0  
0  
0  
0  
0  
0  
1  mm 1268 508
1  mm 1352 508
1  mm 1418 498
1  mm 1439 491
0  
0  
1  mm 1438 490
0  
0  
2 T 1210197025.171000 T 1210197025.174000 
2 T 1210197025.202000 mm 1428 493
2 T 1210197025.235000 mm 1418 501
2 T 1210197025.269000 mm 1418 504
1 T 1210197025.301000 
2 T 1210197025.334000 mm 1418 505
1 T 1210197025.368000 
1 T 1210197025.401000 
1 T 1210197025.434000 
1 T 1210197025.467000 
1 T 1210197025.499000 
1 T 1210197025.532000 
1 T 1210197025.566000 
1 T 1210197025.599000 
2 T 1210197025.632000 mm 1434 516
2 T 1210197025.664000 mm 1442 516
2 T 1210197025.698000 mm 1444 516
1 T 1210197025.730000 
1 T 1210197025.764000 
2 T 1210197025.797000 mm 1445 516
2 T 1210197025.829000 mm 1456 516
2 T 1210197025.862000 mm 1482 519
2 T 1210197025.895000 mm 1495 522
2 T 1210197025.929000 mm 1504 522
2 T 1210197025.962000 mm 1530 534
2 T 1210197025.995000 mm 1548 538
2 T 1210197026.027000 mm 1548 539
1 T 1210197026.060000 
1 T 1210197026.094000 
2 T 1210197026.126000 mb 1 1 1548 539
1 T 1210197026.159000 
1 T 1210197026.193000 
1 T 1210197026.227000 
2 T 1210197026.259000 mb 1 0 1548 539
1 T 1210197026.293000 
1 T 1210197026.326000 
1  mb 1 1 1548 539
0  
0  
2 T 1210197026.461000 mb 1 0 1548 539
0  
1 T 1210197026.572000 
1 T 1210197026.605000 
1 T 1210197026.639000 
1 T 1210197026.671000 
1 T 1210197026.705000 
1 T 1210197026.738000 
1 T 1210197026.770000 
1 T 1210197026.804000 
1 T 1210197026.837000 
1 T 1210197026.870000 
1 T 1210197026.903000 
1 T 1210197026.935000 
1 T 1210197026.969000 
1 T 1210197027.001000 
1 T 1210197027.034000 
1 T 1210197027.067000 
1 T 1210197027.100000 
1 T 1210197027.134000 
1 T 1210197027.166000 
1 T 1210197027.200000 
1 T 1210197027.233000 
1 T 1210197027.266000 
1 T 1210197027.299000 
1 T 1210197027.332000 
1 T 1210197027.365000 
1 T 1210197027.397000 
1 T 1210197027.431000 
6 T 1210197027.463000 xs 0 2 20 534E0A302F3230300A3130393039320A39340A23 xs 0 2 0 xs 0 0 7 T 1210197027.464000 T 1210197027.466000 
1 T 1210197027.497000 
1 T 1210197027.531000 
1 T 1210197027.563000 
1 T 1210197027.596000 
1 T 1210197027.628000 
1 T 1210197027.662000 
1 T 1210197027.695000 
1 T 1210197027.728000 
1 T 1210197027.761000 
1 T 1210197027.794000 
1 T 1210197027.826000 
1 T 1210197027.860000 
1 T 1210197027.893000 
1 T 1210197027.926000 
1 T 1210197027.959000 
1 T 1210197027.991000 
1 T 1210197028.025000 
1 T 1210197028.058000 
1 T 1210197028.091000 
1 T 1210197028.124000 
1 T 1210197028.157000 
1 T 1210197028.190000 
1 T 1210197028.222000 
1 T 1210197028.257000 
1 T 1210197028.288000 
1 T 1210197028.321000 
1 T 1210197028.355000 
1 T 1210197028.388000 
1 T 1210197028.420000 
1 T 1210197028.453000 
1 T 1210197028.486000 
1 T 1210197028.520000 
1 T 1210197028.553000 
1 T 1210197028.585000 
0  
1  mm 1449 532
1  mm 1243 521
1  mm 1019 521
1  mm 754 579
1  mm 610 667
1  mm 554 710
1  mm 536 747
1  mm 525 776
1  mm 511 800
1  mm 492 834
1  mm 468 874
1  mm 446 893
1  mm 427 907
1  mm 419 914
1  mm 404 933
1  mm 391 946
1  mm 389 949
0  
1  mm 385 954
0  
0  
0  
0  
0  
0  
0  
0  
0  
0  
0  
0  
1 T 1210197029.674000 
0  
0  
0  
0  
0  
0  
0  
0  
0  
0  
0  
0  
0  
0  
0  
0  
0  
0  
0  
0  
0  
0  
0  
0  
0  
0  
1  mb 1 1 385 954
0  
0  
0  
0  
0  
0  
0  
1  mb 1 0 385 954
