1207986082 seed, 60 fps, 1920x1080, fullScreen=1, version73_mouseSpeed1.000000_musicOff0_musicLoudness1.000000_webRetrySeconds16 39F5D403D9734472EB90545B8404B1BC918AF16B
2 T 1207986084.153000 mm 960 540
0  
0  
0  
0  
0  
0  
0  
0  
0  
0  
0  
0  
0  
0  
0  
0  
0  
0  
0  
0  
0  
0  
0  
0  
0  
0  
0  
0  
0  
0  
0  
0  
0  
0  
0  
0  
0  
0  
0  
0  
0  
0  
0  
0  
0  
0  
0  
0  
0  
0  
0  
0  
0  
0  
0  
0  
0  
0  
0  
0  
0  
0  
0  
0  
0  
0  
0  
0  
0  
0  
0  
0  
0  
0  
0  
0  
0  
0  
0  
0  
0  
0  
0  
0  
0  
0  
0  
0  
0  
0  
0  
0  
0  
0  
0  
0  
0  
0  
1 T 1207986086.626000 
0  
0  
0  
0  
0  
0  
0  
0  
0  
0  
0  
0  
0  
0  
2 T 1207986087.632000 T 1207986087.635000 
0  
1 T 1207986087.636000 
1 T 1207986087.642000 
1 T 1207986087.659000 
1 T 1207986087.676000 
1 T 1207986087.693000 
1 T 1207986087.709000 
1 T 1207986087.726000 
1 T 1207986087.742000 
1 T 1207986087.759000 
1 T 1207986087.776000 
1 T 1207986087.793000 
1 T 1207986087.810000 
1 T 1207986087.826000 
1 T 1207986087.842000 
1 T 1207986087.859000 
1 T 1207986087.876000 
1 T 1207986087.892000 
1 T 1207986087.909000 
1 T 1207986087.926000 
1 T 1207986087.943000 
1 T 1207986087.959000 
1 T 1207986087.976000 
1 T 1207986087.992000 
1 T 1207986088.009000 
1 T 1207986088.026000 
1 T 1207986088.043000 
1 T 1207986088.059000 
1 T 1207986088.076000 
1 T 1207986088.093000 
1 T 1207986088.109000 
1 T 1207986088.126000 
1 T 1207986088.142000 
1 T 1207986088.159000 
1 T 1207986088.176000 
1 T 1207986088.192000 
1 T 1207986088.209000 
1 T 1207986088.226000 
1 T 1207986088.242000 
1 T 1207986088.259000 
1 T 1207986088.276000 
1 T 1207986088.292000 
1 T 1207986088.309000 
1 T 1207986088.326000 
1 T 1207986088.342000 
1 T 1207986088.359000 
1 T 1207986088.376000 
1 T 1207986088.392000 
1 T 1207986088.409000 
1 T 1207986088.425000 
1 T 1207986088.442000 
1 T 1207986088.459000 
1 T 1207986088.476000 
1 T 1207986088.492000 
1 T 1207986088.509000 
1 T 1207986088.526000 
1 T 1207986088.542000 
1 T 1207986088.559000 
1 T 1207986088.576000 
1 T 1207986088.592000 
1 T 1207986088.609000 
1 T 1207986088.625000 
1 T 1207986088.642000 
1 T 1207986088.659000 
1 T 1207986088.676000 
1 T 1207986088.692000 
1 T 1207986088.709000 
1 T 1207986088.725000 
1 T 1207986088.742000 
0  
0  
0  
0  
0  
0  
0  
0  
0  
0  
0  
0  
0  
0  
0  
1 T 1207986089.009000 
0  
0  
0  
0  
0  
0  
0  
0  
0  
0  
0  
0  
0  
0  
0  
0  
0  
0  
0  
1  mm 972 540
1  mm 976 540
1  mm 977 540
1  mm 978 540
1  mm 986 540
1  mm 1001 538
1  mm 1066 518
1  mm 1152 489
1  mm 1228 473
1  mm 1317 459
1  mm 1361 458
1  mm 1378 458
1  mm 1381 458
1  mm 1382 458
1  mm 1384 458
1  mm 1393 462
1  mm 1418 477
1  mm 1484 496
1  mm 1550 500
1  mm 1621 500
1  mm 1669 499
1  mm 1709 494
1  mm 1737 492
1  mm 1749 492
1  mm 1752 492
1  mm 1753 492
1  mm 1755 492
0  
0  
0  
0  
0  
0  
0  
0  
0  
0  
0  
0  
1  mm 1756 492
0  
0  
1  mm 1754 492
0  
1  mm 1748 492
1  mm 1737 492
1  mm 1720 492
1  mm 1690 494
1  mm 1652 500
1  mm 1613 509
1  mm 1582 522
1  mm 1552 533
1  mm 1531 544
1  mm 1526 545
1  mm 1524 546
0  
0  
0  
0  
0  
0  
0  
0  
0  
0  
0  
0  
0  
0  
0  
0  
0  
0  
0  
0  
0  
0  
0  
0  
0  
1 T 1207986090.674000 
0  
0  
0  
0  
0  
0  
0  
0  
0  
0  
0  
0  
0  
0  
0  
0  
0  
0  
0  
0  
0  
0  
0  
0  
0  
0  
0  
0  
0  
0  
0  
0  
0  
0  
0  
0  
0  
0  
0  
0  
0  
0  
0  
0  
0  
0  
0  
0  
0  
0  
0  
0  
0  
0  
0  
0  
0  
0  
0  
0  
0  
0  
0  
0  
0  
0  
0  
0  
0  
0  
0  
0  
0  
0  
0  
0  
0  
0  
0  
0  
0  
0  
0  
0  
0  
0  
0  
0  
0  
0  
0  
0  
0  
0  
0  
0  
0  
0  
1  mm 1512 549
2 T 1207986092.341000 mm 1409 567
1  mm 1259 595
1  mm 1100 621
1  mm 893 659
1  mm 699 697
1  mm 543 727
1  mm 434 763
1  mm 349 801
1  mm 290 836
1  mm 279 852
1  mm 275 862
1  mm 274 868
1  mm 274 875
1  mm 276 889
1  mm 276 904
1  mm 276 923
1  mm 277 935
1  mm 278 940
1  mm 278 943
0  
0  
1  mm 280 947
1  mm 286 954
1  mm 291 957
1  mm 297 958
1  mm 309 959
1  mm 318 959
1  mm 323 959
1  mm 324 959
0  
0  
0  
0  
0  
0  
0  
0  
0  
1  mm 328 963
1  mm 336 972
1  mm 340 976
1  mm 346 978
1  mm 352 980
1  mm 357 983
1  mm 358 983
0  
0  
0  
0  
0  
0  
0  
0  
0  
0  
0  
0  
0  
0  
0  
0  
0  
0  
0  
0  
0  
0  
0  
0  
0  
0  
0  
0  
0  
0  
0  
0  
0  
0  
0  
0  
0  
0  
0  
0  
0  
0  
0  
0  
0  
0  
0  
1  mm 360 983
1  mm 360 981
1  mm 360 979
1  mm 360 978
1  mm 360 977
1  mm 360 976
0  
0  
1 T 1207986094.007000 
0  
0  
0  
0  
0  
0  
0  
0  
0  
1  mb 1 1 360 976
0  
0  
0  
0  
0  
0  
0  
0  
0  
0  
0  
0  
0  
0  
0  
0  
0  
0  
0  
1  mb 1 0 360 976
