1210347966 seed, 30 fps, 1920x1080, fullScreen=1, version94_mouseSpeed1.000000_musicOff0_musicLoudness0.000000_webRetrySeconds16 D98839918ABF31C77B103A0471474BD6CE49B0CB
2 T 1210347966.659000 mm 567 674
0  
1  mm 1755 688
1  mm 1902 645
1  mm 1919 617
1  mm 1919 612
1  mm 1917 610
1  mm 1837 588
1  mm 1669 557
1  mm 1563 544
1  mm 1524 542
1  mm 1494 544
1  mm 1419 562
1  mm 1136 620
1  mm 978 671
1  mm 907 690
1  mm 890 694
1  mm 885 695
0  
0  
0  
0  
0  
0  
0  
0  
0  
0  
0  
0  
0  
0  
0  
0  
0  
1  mm 927 656
0  
0  
0  
0  
0  
0  
0  
0  
0  
0  
1  mm 907 659
0  
0  
0  
0  
0  
0  
0  
0  
0  
0  
0  
0  
1  mm 907 653
1  mm 909 653
0  
0  
0  
3 T 1210347970.870000 T 1210347970.873000 mm 919 653
1 T 1210347970.902000 
1 T 1210347970.935000 
1 T 1210347970.968000 
1 T 1210347971.001000 
1 T 1210347971.033000 
1 T 1210347971.066000 
1 T 1210347971.100000 
1 T 1210347971.132000 
1 T 1210347971.165000 
1 T 1210347971.198000 
2 T 1210347971.231000 mm 894 653
2 T 1210347971.265000 mm 798 648
2 T 1210347971.297000 mm 698 662
2 T 1210347971.331000 mm 640 698
2 T 1210347971.364000 mm 594 735
2 T 1210347971.397000 mm 521 799
2 T 1210347971.429000 mm 440 898
2 T 1210347971.462000 mm 411 943
2 T 1210347971.496000 mm 409 949
1 T 1210347971.529000 
2 T 1210347971.562000 mm 395 951
2 T 1210347971.594000 mm 361 952
2 T 1210347971.627000 mm 348 955
2 T 1210347971.660000 mm 346 958
2 T 1210347971.694000 mm 345 959
2 T 1210347971.728000 mm 317 986
2 T 1210347971.759000 mm 312 992
1 T 1210347971.792000 
1 T 1210347971.825000 
2 T 1210347971.858000 mb 1 1 312 992
1 T 1210347971.892000 
1 T 1210347971.924000 
1  mb 1 0 312 992
