1208927378 seed, 30 fps, 1920x1080, fullScreen=1, version84_mouseSpeed1.000000_musicOff0_musicLoudness0.000000_webRetrySeconds16 42465DEE661C4C80A66BFD33B6F8DBB5EF6ACF88
3 T 1208927378.811000 mm 1009 444 mm 1037 527
1  mm 1086 644
1  mm 1208 692
0  
0  
0  
0  
0  
0  
0  
0  
0  
0  
0  
0  
0  
0  
0  
0  
0  
0  
0  
0  
0  
0  
0  
0  
0  
0  
0  
0  
0  
0  
0  
0  
0  
0  
0  
0  
0  
0  
0  
0  
0  
0  
0  
0  
0  
0  
0  
0  
0  
0  
0  
0  
0  
0  
0  
0  
0  
0  
0  
0  
2 T 1208927382.702000 T 1208927382.705000 
1 T 1208927382.734000 
1 T 1208927382.768000 
1 T 1208927382.800000 
1 T 1208927382.834000 
1 T 1208927382.866000 
1 T 1208927382.899000 
1 T 1208927382.933000 
1 T 1208927382.966000 
1 T 1208927382.999000 
1 T 1208927383.032000 
1 T 1208927383.065000 
1 T 1208927383.098000 
1 T 1208927383.131000 
1 T 1208927383.164000 
2 T 1208927383.197000 mm 1210 692
2 T 1208927383.230000 mm 1252 687
2 T 1208927383.263000 mm 1324 687
2 T 1208927383.296000 mm 1370 686
2 T 1208927383.329000 mm 1390 684
2 T 1208927383.364000 mm 1439 664
2 T 1208927383.395000 mm 1480 633
2 T 1208927383.428000 mm 1509 605
2 T 1208927383.460000 mm 1516 592
2 T 1208927383.494000 mm 1516 580
2 T 1208927383.527000 mm 1516 569
2 T 1208927383.561000 mm 1518 557
2 T 1208927383.593000 mm 1518 542
2 T 1208927383.626000 mm 1524 526
2 T 1208927383.659000 mm 1526 522
1 T 1208927383.692000 
1 T 1208927383.725000 
1 T 1208927383.758000 
1 T 1208927383.792000 
1 T 1208927383.823000 
0  
1 T 1208927383.890000 
0  
0  
0  
0  
0  
0  
0  
0  
0  
0  
1  mb 1 1 1526 522
0  
0  
2 T 1208927384.355000 mb 1 0 1526 522
0  
1 T 1208927384.418000 
1 T 1208927384.451000 
2 T 1208927384.483000 mm 1526 521
2 T 1208927384.516000 mm 1519 521
2 T 1208927384.550000 mm 1505 529
2 T 1208927384.583000 mm 1468 544
2 T 1208927384.615000 mm 1434 550
2 T 1208927384.650000 mm 1409 553
2 T 1208927384.681000 mm 1399 555
2 T 1208927384.715000 mm 1353 560
2 T 1208927384.748000 mm 1298 565
2 T 1208927384.781000 mm 1240 573
2 T 1208927384.814000 mm 1197 585
2 T 1208927384.847000 mm 1151 596
2 T 1208927384.881000 mm 1130 606
2 T 1208927384.913000 mm 1106 617
2 T 1208927384.946000 mm 1060 642
2 T 1208927384.979000 mm 1001 676
2 T 1208927385.012000 mm 976 692
2 T 1208927385.044000 mm 971 695
1 T 1208927385.078000 
1 T 1208927385.111000 
1 T 1208927385.144000 
1 T 1208927385.176000 
1 T 1208927385.210000 
1 T 1208927385.243000 
1 T 1208927385.276000 
1 T 1208927385.309000 
1 T 1208927385.342000 
6 T 1208927385.374000 xs 0 2 20 534E0A332F3230300A3330373830320A38340A23 xs 0 2 0 xs 0 0 7 T 1208927385.376000 xs 0 0 169 
2 T 1208927385.407000 xs 0 2 0 
2 T 1208927385.440000 xs 0 2 0 
2 T 1208927385.474000 xs 0 2 0 
2 T 1208927385.506000 xs 0 2 0 
2 T 1208927385.539000 xs 0 2 0 
2 T 1208927385.574000 xs 0 2 0 
4 T 1208927385.606000 xs 0 2 10 52454A45435445440A23 xs 0 3 -1 T 1208927385.607000 
1 T 1208927385.639000 
1 T 1208927385.673000 
1 T 1208927385.705000 
1 T 1208927385.737000 
1 T 1208927385.770000 
2 T 1208927385.804000 mm 957 695
2 T 1208927385.836000 mm 888 703
2 T 1208927385.870000 mm 842 712
2 T 1208927385.903000 mm 838 714
1 T 1208927385.935000 
2 T 1208927385.969000 mm 838 715
2 T 1208927386.002000 mm 833 722
2 T 1208927386.035000 mm 815 739
2 T 1208927386.068000 mm 763 762
2 T 1208927386.102000 mm 604 819
2 T 1208927386.134000 mm 433 891
2 T 1208927386.167000 mm 354 921
2 T 1208927386.200000 mm 348 923
1 T 1208927386.233000 
1 T 1208927386.266000 
1 T 1208927386.299000 
1 T 1208927386.332000 
1 T 1208927386.365000 
1 T 1208927386.398000 
2 T 1208927386.431000 mm 349 922
2 T 1208927386.465000 mm 355 887
2 T 1208927386.497000 mm 355 852
2 T 1208927386.530000 mm 355 845
1 T 1208927386.563000 
1 T 1208927386.596000 
1 T 1208927386.629000 
1 T 1208927386.662000 
2 T 1208927386.695000 mm 355 841
2 T 1208927386.729000 mm 359 831
1  mm 362 816
1  mm 369 789
1  mm 373 753
1  mm 376 741
1  mm 380 730
1  mm 383 717
1  mm 387 704
0  
0  
0  
0  
0  
0  
3 T 1208927387.189000 T 1208927387.190000 mm 387 737
1  mm 384 777
1  mm 384 798
1  mm 384 803
1  mm 384 808
1  mm 384 811
0  
1  mm 383 805
1  mm 381 772
1  mm 381 732
1  mm 381 716
1  mm 381 708
1  mm 382 704
0  
0  
0  
0  
1  mb 1 1 382 704
0  
0  
0  
0  
0  
2 F 0.000000 mb 1 0 382 704
1 F 0.000000 
3 af 0 af 1 F 0.000000 
1 F 0.000000 
1 F 0.000000 
1 F 0.000000 
1 F 0.000000 
1 F 0.000000 
1 F 0.000000 
1 F 0.000000 
1 F 0.000000 
1 F 0.000000 
1 F 0.000000 
1 F 0.000000 
1 F 0.000000 
1 F 0.000000 
2 F 0.000000 mm 415 699
2 F 0.000000 mm 534 695
2 F 0.000000 mm 680 695
2 F 0.000000 mm 838 708
2 F 0.000000 mm 900 743
2 F 0.000000 mm 942 809
2 F 0.000000 mm 965 887
2 F 0.000000 mm 966 947
2 F 0.000000 mm 962 978
2 F 0.000000 mm 960 990
1 F 0.000000 
1 F 0.000000 
1 F 0.000000 
2 F 0.000000 mm 960 979
2 F 0.000000 mm 960 920
2 F 0.000000 mm 960 911
1 F 0.000000 
2 F 0.000000 mb 1 1 960 911
1 F 0.000000 
1 F 0.000000 
1 F 0.000000 
3 T 1208927389.169000 T 1208927389.170000 mb 1 0 960 911
1 T 1208927389.202000 
1 T 1208927389.236000 
1 T 1208927389.269000 
1 T 1208927389.302000 
1 T 1208927389.335000 
1 T 1208927389.368000 
1 T 1208927389.401000 
1 T 1208927389.433000 
2 T 1208927389.466000 mm 995 908
2 T 1208927389.500000 mm 1094 908
2 T 1208927389.533000 mm 1182 911
2 T 1208927389.566000 mm 1250 924
2 T 1208927389.599000 mm 1306 935
2 T 1208927389.632000 mm 1357 943
2 T 1208927389.665000 mm 1405 954
2 T 1208927389.699000 mm 1432 957
2 T 1208927389.732000 mm 1442 958
1 T 1208927389.764000 
1 T 1208927389.797000 
1 T 1208927389.831000 
2 T 1208927389.863000 mm 1377 945
2 T 1208927389.896000 mm 1185 923
2 T 1208927389.930000 mm 849 913
2 T 1208927389.962000 mm 528 913
2 T 1208927389.997000 mm 356 933
2 T 1208927390.030000 mm 305 948
2 T 1208927390.063000 mm 303 949
1 T 1208927390.094000 
1 T 1208927390.127000 
1 T 1208927390.160000 
1 T 1208927390.193000 
1 T 1208927390.227000 
2 T 1208927390.259000 mm 304 958
2 T 1208927390.293000 mm 306 963
0  
0  
1  mb 1 1 306 963
0  
0  
1 T 1208927390.489000 
0  
0  
0  
1  mb 1 0 306 963
