1209258196 seed, 30 fps, 1920x1080, fullScreen=1, version84_mouseSpeed1.000000_musicOff0_musicLoudness0.000000_webRetrySeconds16 42465DEE661C4C80A66BFD33B6F8DBB5EF6ACF88
2 T 1209258197.462000 mm 997 348
0  
1  mm 1089 565
1  mm 1098 565
0  
0  
0  
0  
0  
0  
0  
0  
0  
0  
0  
0  
0  
0  
0  
0  
0  
0  
0  
0  
0  
0  
0  
0  
0  
0  
0  
0  
0  
0  
0  
0  
0  
0  
0  
0  
0  
0  
0  
0  
0  
0  
0  
0  
0  
0  
0  
0  
0  
0  
0  
0  
0  
0  
0  
0  
0  
0  
0  
2 T 1209258201.176000 T 1209258201.179000 
1 T 1209258201.209000 
1 T 1209258201.242000 
1 T 1209258201.275000 
1 T 1209258201.308000 
1 T 1209258201.341000 
1 T 1209258201.374000 
1 T 1209258201.407000 
1 T 1209258201.439000 
1 T 1209258201.472000 
1 T 1209258201.506000 
1 T 1209258201.540000 
1 T 1209258201.572000 
1 T 1209258201.604000 
1 T 1209258201.638000 
1 T 1209258201.671000 
1 T 1209258201.703000 
1 T 1209258201.737000 
1 T 1209258201.770000 
1 T 1209258201.803000 
2 T 1209258201.836000 mm 1136 548
2 T 1209258201.869000 mm 1177 541
2 T 1209258201.902000 mm 1200 535
2 T 1209258201.935000 mm 1223 532
2 T 1209258201.968000 mm 1257 528
2 T 1209258202.000000 mm 1298 524
2 T 1209258202.034000 mm 1336 522
2 T 1209258202.067000 mm 1360 521
2 T 1209258202.101000 mm 1375 519
2 T 1209258202.133000 mm 1387 516
2 T 1209258202.166000 mm 1388 516
1 T 1209258202.198000 
1 T 1209258202.232000 
1 T 1209258202.265000 
1 T 1209258202.298000 
0  
1 T 1209258202.363000 
0  
0  
0  
1  mm 1414 514
1  mm 1438 512
1  mm 1450 511
1  mm 1459 510
1  mm 1462 509
1  mm 1465 509
1  mm 1474 509
1  mm 1487 510
1  mm 1492 511
1  mm 1458 543
1  mm 1331 619
1  mm 1088 725
1  mm 847 801
1  mm 719 836
1  mm 677 849
1  mm 643 859
1  mm 585 879
1  mm 527 892
1  mm 514 893
1  mm 506 894
1  mm 482 897
1  mm 468 904
1  mm 449 914
1  mm 428 932
1  mm 421 937
1  mm 416 941
1  mm 414 943
0  
1  mb 1 1 414 943
0  
0  
0  
1  mb 1 0 414 943
