1208842014 seed, 30 fps, 1920x1080, fullScreen=1, version81_mouseSpeed1.000000_musicOff0_musicLoudness0.000000_webRetrySeconds16 CC65C247908A8C58A79936418F3DA173D36CCB8C
2 T 1208842016.045000 mm 1267 493
0  
1  mm 1549 444
0  
0  
0  
0  
0  
0  
0  
0  
0  
0  
0  
0  
0  
0  
0  
0  
0  
0  
0  
0  
0  
0  
0  
0  
0  
1  mm 1549 443
1  mm 1546 436
1  mm 1537 427
1  mm 1531 425
1  mm 1525 422
1  mm 1505 419
1  mm 1485 419
1  mm 1473 419
0  
0  
0  
0  
0  
0  
0  
0  
0  
0  
0  
0  
0  
0  
0  
0  
0  
0  
0  
0  
0  
0  
0  
0  
0  
0  
0  
0  
0  
0  
0  
0  
2 T 1208842019.998000 T 1208842020.001000 
1 T 1208842020.031000 
1 T 1208842020.063000 
1 T 1208842020.096000 
1 T 1208842020.130000 
1 T 1208842020.162000 
1 T 1208842020.196000 
1 T 1208842020.229000 
1 T 1208842020.262000 
1 T 1208842020.295000 
1 T 1208842020.328000 
1 T 1208842020.361000 
1 T 1208842020.394000 
1 T 1208842020.427000 
1 T 1208842020.460000 
1 T 1208842020.493000 
1 T 1208842020.526000 
1 T 1208842020.559000 
1 T 1208842020.592000 
1 T 1208842020.625000 
1 T 1208842020.658000 
1 T 1208842020.691000 
1 T 1208842020.724000 
1 T 1208842020.757000 
1 T 1208842020.790000 
1 T 1208842020.822000 
1 T 1208842020.856000 
1 T 1208842020.888000 
1 T 1208842020.921000 
1 T 1208842020.954000 
1 T 1208842020.988000 
1 T 1208842021.021000 
1 T 1208842021.053000 
1 T 1208842021.086000 
1 T 1208842021.119000 
0  
0  
0  
0  
0  
0  
0  
0  
0  
0  
0  
0  
0  
0  
0  
0  
0  
0  
0  
0  
0  
0  
0  
0  
0  
0  
0  
0  
0  
0  
0  
0  
0  
0  
0  
0  
0  
0  
0  
0  
0  
0  
0  
0  
0  
0  
0  
0  
0  
0  
0  
0  
0  
0  
0  
0  
0  
0  
0  
0  
0  
0  
0  
0  
0  
0  
0  
1  mm 1479 430
1  mm 1506 473
1  mm 1516 486
1  mm 1523 500
1  mm 1527 507
0  
0  
0  
0  
1  mb 1 1 1527 507
0  
0  
0  
0  
0  
0  
0  
0  
0  
0  
0  
0  
0  
0  
0  
0  
2 T 1208842024.225000 mb 1 0 1527 507
0  
1 T 1208842024.288000 
1 T 1208842024.321000 
1 T 1208842024.353000 
1 T 1208842024.387000 
1 T 1208842024.419000 
1 T 1208842024.453000 
1 T 1208842024.486000 
1 T 1208842024.518000 
1 T 1208842024.552000 
1 T 1208842024.584000 
1 T 1208842024.618000 
1 T 1208842024.651000 
1 T 1208842024.683000 
1 T 1208842024.717000 
1 T 1208842024.749000 
1 T 1208842024.783000 
1 T 1208842024.816000 
1 T 1208842024.848000 
1 T 1208842024.882000 
1 T 1208842024.914000 
1 T 1208842024.948000 
1 T 1208842024.980000 
1 T 1208842025.014000 
1 T 1208842025.047000 
1 T 1208842025.079000 
1 T 1208842025.113000 
1 T 1208842025.145000 
2 T 1208842025.179000 mm 1530 508
2 T 1208842025.212000 mm 1543 505
7 T 1208842025.244000 xs 0 2 16 534E0A302F3230300A31310A38320A23 xs 0 2 0 xs 0 0 7 T 1208842025.245000 T 1208842025.246000 mm 1544 505
1 T 1208842025.278000 
1 T 1208842025.310000 
1 T 1208842025.343000 
1 T 1208842025.377000 
1 T 1208842025.409000 
1 T 1208842025.442000 
2 T 1208842025.477000 mm 1543 505
1 T 1208842025.508000 
1 T 1208842025.541000 
1 T 1208842025.575000 
1 T 1208842025.607000 
1 T 1208842025.640000 
1 T 1208842025.673000 
1 T 1208842025.706000 
1 T 1208842025.739000 
1 T 1208842025.773000 
1 T 1208842025.806000 
1 T 1208842025.838000 
1 T 1208842025.871000 
1 T 1208842025.904000 
1 T 1208842025.937000 
1 T 1208842025.970000 
1 T 1208842026.003000 
1 T 1208842026.036000 
1 T 1208842026.069000 
1 T 1208842026.102000 
1 T 1208842026.136000 
1 T 1208842026.169000 
1 T 1208842026.201000 
1 T 1208842026.234000 
1 T 1208842026.267000 
1 T 1208842026.300000 
1 T 1208842026.333000 
1 T 1208842026.366000 
0  
0  
0  
0  
0  
0  
0  
0  
0  
0  
0  
0  
0  
0  
0  
0  
0  
0  
0  
0  
0  
0  
0  
0  
0  
1  mm 1533 503
1  mm 1517 494
1  mm 1503 488
1  mm 1495 481
1  mm 1490 475
1  mm 1483 464
1  mm 1479 449
1  mm 1473 435
1  mm 1470 420
1  mm 1468 396
1  mm 1469 375
1  mm 1472 359
2 T 1208842027.621000 mm 1476 349
1  mm 1479 340
1  mm 1481 337
0  
0  
0  
0  
0  
0  
0  
0  
0  
0  
0  
0  
0  
0  
0  
0  
0  
0  
0  
0  
0  
0  
0  
0  
0  
0  
0  
0  
0  
0  
0  
0  
1  mm 1417 401
1  mm 1240 545
1  mm 1078 674
1  mm 934 760
1  mm 798 824
1  mm 717 844
1  mm 628 853
1  mm 566 858
1  mm 506 871
1  mm 462 894
1  mm 422 922
1  mm 397 943
1  mm 372 957
1  mm 342 970
1  mm 332 975
0  
0  
0  
0  
0  
0  
0  
0  
0  
0  
0  
0  
0  
0  
0  
0  
0  
0  
0  
0  
0  
0  
0  
0  
0  
0  
0  
0  
0  
0  
1  mb 1 1 332 975
0  
0  
1  mb 1 0 332 975
