1210039798 seed, 30 fps, 1920x1080, fullScreen=1, version93_mouseSpeed1.000000_musicOff0_musicLoudness0.000000_webRetrySeconds16 2FF7EFE6CB93DEBA90A2E44446089C94A7BDACB5
3 T 1210039798.998000 mm 592 652 mm 786 579
1  mm 791 577
1  mm 802 566
0  
0  
0  
0  
0  
1  mm 807 561
1  mm 812 559
0  
0  
0  
1  mm 813 559
1  mm 817 559
1  mm 819 559
1  mm 820 559
0  
0  
0  
0  
1  mm 822 559
0  
0  
0  
1  mm 824 559
1  mm 848 559
1  mm 880 569
1  mm 907 571
1  mm 914 571
0  
0  
0  
0  
0  
1  mm 919 572
0  
0  
0  
0  
0  
0  
0  
0  
0  
0  
1  mm 920 572
0  
0  
0  
0  
0  
0  
0  
0  
0  
0  
0  
0  
0  
0  
0  
0  
0  
2 T 1210039802.998000 T 1210039803.001000 
1 T 1210039803.031000 
1 T 1210039803.063000 
1 T 1210039803.097000 
1 T 1210039803.130000 
1 T 1210039803.162000 
2 T 1210039803.196000 mm 935 573
2 T 1210039803.228000 mm 944 573
1 T 1210039803.261000 
1 T 1210039803.295000 
1 T 1210039803.327000 
2 T 1210039803.360000 mm 942 571
2 T 1210039803.393000 mm 892 571
2 T 1210039803.427000 mm 762 581
2 T 1210039803.460000 mm 644 621
2 T 1210039803.493000 mm 562 663
2 T 1210039803.525000 mm 518 693
2 T 1210039803.558000 mm 482 717
2 T 1210039803.592000 mm 444 744
2 T 1210039803.624000 mm 401 770
2 T 1210039803.658000 mm 372 809
2 T 1210039803.691000 mm 372 832
2 T 1210039803.724000 mm 376 856
2 T 1210039803.757000 mm 393 871
2 T 1210039803.791000 mm 401 877
2 T 1210039803.823000 mm 406 881
2 T 1210039803.855000 mm 408 883
1 T 1210039803.888000 
1 T 1210039803.921000 
2 T 1210039803.955000 mm 408 886
2 T 1210039803.987000 mm 405 893
2 T 1210039804.022000 mm 395 903
2 T 1210039804.054000 mm 393 907
1 T 1210039804.086000 
2 T 1210039804.119000 mm 390 910
2 T 1210039804.152000 mm 388 914
1  mm 388 916
1  mm 385 921
1  mm 385 925
1  mm 384 927
1  mm 382 933
1  mm 381 941
1  mm 378 950
1  mm 378 952
0  
1  mb 1 1 378 952
0  
0  
0  
1  mb 1 0 378 952
