1208386040 seed, 30 fps, 1920x1080, fullScreen=1, version76_mouseSpeed1.000000_musicOff0_musicLoudness1.000000_webRetrySeconds16 4CB33D163DAAAB2DF34C9AD44399608906AFA469
3 T 1208386040.566000 mm 781 535 mm 897 514
1  mm 986 501
1  mm 1171 460
1  mm 1166 460
1  mm 1158 461
1  mm 1157 461
0  
1  mm 1153 462
1  mm 1145 463
1  mm 1140 463
1  mm 1129 465
1  mm 1075 488
1  mm 988 572
1  mm 844 739
1  mm 829 758
1  mm 828 763
1  mm 834 778
1  mm 834 787
1  mm 832 802
1  mm 790 829
1  mm 732 847
1  mm 703 852
1  mm 691 852
1  mm 685 845
1  mm 706 805
0  
0  
0  
1  mm 708 804
1  mm 712 799
1  mm 712 794
1  mm 712 793
1  mm 706 793
1  mm 703 793
1  mm 700 793
1  mm 690 793
0  
0  
0  
0  
0  
1  mm 687 793
1  mm 681 795
0  
0  
0  
0  
0  
0  
0  
0  
0  
1  mm 671 797
1  mm 665 801
0  
0  
0  
0  
1  mm 640 805
1  mm 629 809
1  mm 643 811
1  mm 650 811
0  
0  
3 T 1208386044.372000 T 1208386044.375000 mm 617 815
2 T 1208386044.405000 mm 614 816
2 T 1208386044.438000 mm 603 817
2 T 1208386044.471000 mm 595 821
2 T 1208386044.504000 mm 582 826
2 T 1208386044.537000 mm 566 831
2 T 1208386044.571000 mm 557 833
2 T 1208386044.602000 mm 542 838
2 T 1208386044.636000 mm 528 842
2 T 1208386044.668000 mm 499 851
2 T 1208386044.701000 mm 469 858
2 T 1208386044.734000 mm 458 860
2 T 1208386044.768000 mm 431 868
2 T 1208386044.801000 mm 398 879
2 T 1208386044.834000 mm 378 888
2 T 1208386044.866000 mm 372 892
2 T 1208386044.900000 mm 371 898
2 T 1208386044.933000 mm 370 908
2 T 1208386044.967000 mm 370 920
2 T 1208386044.998000 mm 370 931
2 T 1208386045.033000 mm 369 951
2 T 1208386045.065000 mm 362 964
2 T 1208386045.098000 mm 360 968
2 T 1208386045.132000 mm 352 970
2 T 1208386045.164000 mm 346 971
1 T 1208386045.197000 
2 T 1208386045.230000 mb 1 1 346 971
1 T 1208386045.263000 
1 T 1208386045.296000 
1 T 1208386045.328000 
1  mb 1 0 346 971
