1207956349 seed, 60 fps, 1920x1080, fullScreen=1, version73_mouseSpeed1.000000_musicOff0_musicLoudness1.000000_webRetrySeconds16 39F5D403D9734472EB90545B8404B1BC918AF16B
2 T 1207956350.878000 mm 1919 411
0  
0  
0  
0  
0  
0  
0  
0  
0  
0  
0  
0  
0  
0  
0  
0  
0  
0  
0  
0  
0  
0  
0  
0  
0  
0  
0  
0  
0  
0  
0  
0  
0  
0  
0  
0  
0  
0  
0  
0  
0  
0  
0  
0  
0  
0  
0  
0  
0  
0  
0  
0  
0  
0  
0  
0  
0  
0  
0  
0  
0  
0  
0  
0  
0  
0  
0  
0  
0  
0  
0  
0  
0  
0  
0  
0  
0  
0  
0  
0  
0  
0  
0  
0  
0  
0  
0  
0  
0  
0  
0  
0  
0  
0  
0  
0  
0  
0  
1 T 1207956353.290000 
0  
0  
0  
0  
0  
0  
0  
0  
0  
0  
0  
0  
0  
0  
2 T 1207956354.202000 T 1207956354.205000 
0  
0  
1 T 1207956354.206000 
1 T 1207956354.223000 
1 T 1207956354.240000 
1 T 1207956354.256000 
1 T 1207956354.273000 
1 T 1207956354.290000 
1 T 1207956354.307000 
1 T 1207956354.323000 
1 T 1207956354.339000 
1 T 1207956354.356000 
1 T 1207956354.373000 
1 T 1207956354.390000 
1 T 1207956354.406000 
1 T 1207956354.423000 
1 T 1207956354.440000 
1 T 1207956354.456000 
1 T 1207956354.473000 
1 T 1207956354.489000 
1 T 1207956354.507000 
1 T 1207956354.523000 
1 T 1207956354.540000 
1 T 1207956354.556000 
1 T 1207956354.573000 
1 T 1207956354.590000 
1 T 1207956354.606000 
1 T 1207956354.623000 
1 T 1207956354.639000 
1 T 1207956354.656000 
1 T 1207956354.673000 
1 T 1207956354.690000 
1 T 1207956354.706000 
1 T 1207956354.723000 
1 T 1207956354.740000 
1 T 1207956354.756000 
1 T 1207956354.773000 
1 T 1207956354.789000 
1 T 1207956354.806000 
1 T 1207956354.823000 
1 T 1207956354.840000 
1 T 1207956354.856000 
2 T 1207956354.873000 mm 1917 411
1 T 1207956354.889000 
1 T 1207956354.906000 
1 T 1207956354.923000 
1 T 1207956354.940000 
1 T 1207956354.956000 
1 T 1207956354.973000 
1 T 1207956354.990000 
1 T 1207956355.006000 
1 T 1207956355.023000 
2 T 1207956355.040000 mm 1913 408
2 T 1207956355.056000 mm 1909 407
2 T 1207956355.073000 mm 1905 405
2 T 1207956355.089000 mm 1902 404
2 T 1207956355.107000 mm 1897 402
2 T 1207956355.123000 mm 1892 400
2 T 1207956355.140000 mm 1889 399
2 T 1207956355.156000 mm 1882 396
2 T 1207956355.173000 mm 1848 392
2 T 1207956355.189000 mm 1797 382
2 T 1207956355.206000 mm 1714 367
2 T 1207956355.223000 mm 1594 343
2 T 1207956355.240000 mm 1457 310
2 T 1207956355.256000 mm 1336 284
2 T 1207956355.273000 mm 1263 268
2 T 1207956355.290000 mm 1223 260
2 T 1207956355.306000 mm 1206 256
1  mm 1199 256
0  
0  
0  
0  
0  
0  
1  mm 1196 265
1  mm 1190 285
1  mm 1184 306
1  mm 1178 324
1  mm 1169 336
1  mm 1160 344
1  mm 1151 348
1  mm 1144 351
2 T 1207956355.573000 mm 1140 352
0  
0  
0  
1  mm 1141 352
1  mm 1147 352
1  mm 1161 352
1  mm 1176 352
1  mm 1196 350
1  mm 1216 349
1  mm 1238 348
1  mm 1266 348
1  mm 1295 348
1  mm 1348 366
1  mm 1388 389
1  mm 1425 419
1  mm 1447 442
1  mm 1460 461
1  mm 1469 476
1  mm 1474 486
1  mm 1475 492
1  mm 1476 499
1  mm 1479 507
1  mm 1485 516
1  mm 1494 524
1  mm 1506 536
1  mm 1510 540
1  mm 1514 542
1  mm 1518 545
1  mm 1522 547
1  mm 1524 549
1  mm 1525 551
1  mm 1528 552
1  mm 1531 554
1  mm 1535 555
1  mm 1537 555
1  mm 1539 555
1  mm 1542 555
1  mm 1543 555
1  mm 1544 555
0  
0  
0  
0  
0  
0  
0  
0  
0  
0  
0  
0  
0  
0  
0  
1  mb 1 1 1544 555
0  
0  
0  
0  
0  
0  
0  
0  
0  
2 T 1207956356.660000 mb 1 0 1544 555
0  
1  mm 1561 551
1  mm 1485 573
2  kd 27 1485 573 ku 27 1485 573
0  
0  
2  sd 113 1483 574 kd 37 1483 574
