1209253201 seed, 30 fps, 1920x1080, fullScreen=1, version84_mouseSpeed1.000000_musicOff0_musicLoudness0.000000_webRetrySeconds16 42465DEE661C4C80A66BFD33B6F8DBB5EF6ACF88
2 T 1209253202.496000 mm 960 524
0  
0  
0  
0  
0  
0  
0  
0  
0  
0  
0  
0  
0  
0  
0  
0  
0  
0  
0  
0  
0  
0  
0  
0  
0  
0  
0  
0  
0  
0  
0  
0  
0  
0  
0  
0  
0  
0  
0  
0  
0  
0  
0  
0  
0  
0  
0  
0  
0  
0  
0  
0  
0  
0  
0  
0  
0  
0  
1  mm 1271 705
1  mm 1514 481
1  mm 1424 465
1  mm 1421 482
3 T 1209253207.898000 T 1209253207.901000 mm 1463 528
1 T 1209253207.930000 
1 T 1209253207.962000 
2 T 1209253207.996000 mm 1459 528
1 T 1209253208.029000 
1 T 1209253208.062000 
2 T 1209253208.094000 mm 1457 528
2 T 1209253208.128000 mm 1454 528
2 T 1209253208.161000 mm 1442 528
2 T 1209253208.194000 mm 1432 528
1 T 1209253208.227000 
1 T 1209253208.259000 
1 T 1209253208.293000 
1 T 1209253208.326000 
1 T 1209253208.358000 
2 T 1209253208.391000 mm 1463 528
2 T 1209253208.425000 mm 1505 528
2 T 1209253208.457000 mm 1531 528
2 T 1209253208.492000 mm 1534 528
1 T 1209253208.523000 
1 T 1209253208.556000 
1 T 1209253208.589000 
1 T 1209253208.622000 
1 T 1209253208.656000 
2 T 1209253208.689000 mb 1 1 1534 528
1 T 1209253208.722000 
2 T 1209253208.755000 mb 1 0 1534 528
1 T 1209253208.787000 
1 T 1209253208.821000 
2 T 1209253208.856000 mb 1 1 1534 528
1 T 1209253208.887000 
1 T 1209253208.921000 
1 T 1209253208.953000 
2 T 1209253208.987000 mb 1 0 1534 528
2 T 1209253209.019000 mb 1 1 1534 528
0  
1 T 1209253209.086000 
0  
1  mb 1 0 1534 528
1  mb 1 1 1534 528
0  
0  
2 T 1209253209.286000 mb 1 0 1534 528
0  
1 T 1209253209.350000 
1 T 1209253209.382000 
1 T 1209253209.416000 
1 T 1209253209.449000 
1 T 1209253209.481000 
1 T 1209253209.515000 
1 T 1209253209.548000 
1 T 1209253209.580000 
1 T 1209253209.614000 
1 T 1209253209.647000 
1 T 1209253209.679000 
1 T 1209253209.713000 
1 T 1209253209.745000 
1 T 1209253209.779000 
1 T 1209253209.812000 
1 T 1209253209.844000 
2 T 1209253209.878000 mm 1512 534
2 T 1209253209.910000 mm 1472 546
2 T 1209253209.944000 mm 1453 549
2 T 1209253209.977000 mm 1423 553
2 T 1209253210.010000 mm 1385 558
2 T 1209253210.042000 mm 1340 563
2 T 1209253210.076000 mm 1275 563
2 T 1209253210.108000 mm 1230 563
2 T 1209253210.142000 mm 1193 563
2 T 1209253210.176000 mm 1140 563
2 T 1209253210.208000 mm 1063 563
2 T 1209253210.242000 mm 1022 560
2 T 1209253210.274000 mm 1019 560
5 T 1209253210.308000 xs 0 2 16 534E0A302F3230300A31330A38320A23 xs 0 2 0 xs 0 0 7 T 1209253210.310000 
1 T 1209253210.340000 
1 T 1209253210.373000 
1 T 1209253210.406000 
1 T 1209253210.440000 
1 T 1209253210.473000 
1 T 1209253210.505000 
1 T 1209253210.539000 
2 T 1209253210.572000 mm 1008 566
1 T 1209253210.605000 
1 T 1209253210.638000 
1 T 1209253210.671000 
1 T 1209253210.703000 
1 T 1209253210.736000 
1 T 1209253210.769000 
1 T 1209253210.802000 
1 T 1209253210.835000 
1 T 1209253210.869000 
1 T 1209253210.902000 
2 T 1209253210.935000 mm 1041 567
2 T 1209253210.968000 mm 1091 567
2 T 1209253211.001000 mm 1124 567
2 T 1209253211.034000 mm 1141 567
2 T 1209253211.067000 mm 1151 566
2 T 1209253211.101000 mm 1165 562
2 T 1209253211.133000 mm 1194 562
2 T 1209253211.165000 mm 1228 560
2 T 1209253211.199000 mm 1246 558
2 T 1209253211.232000 mm 1251 556
2 T 1209253211.265000 mm 1258 555
2 T 1209253211.298000 mm 1262 554
2 T 1209253211.331000 mm 1266 551
1 T 1209253211.364000 
2 T 1209253211.397000 mm 1269 544
2 T 1209253211.431000 mm 1273 516
1  mm 1273 506
1  mm 1271 503
1  mm 1266 499
0  
0  
0  
0  
0  
0  
0  
1  mm 1265 499
0  
1  mm 1263 499
0  
0  
0  
1  mm 1262 486
1  mm 1261 456
1  mm 1259 427
1  mm 1253 402
1  mm 1251 388
1  mm 1250 375
1  mm 1250 366
0  
0  
0  
0  
0  
1 T 1209253212.387000 
0  
0  
0  
0  
0  
0  
0  
0  
0  
1  mm 1249 362
1  mm 1248 359
0  
0  
1  mm 1226 326
1  mm 1212 316
1  mm 1202 307
1  mm 1195 298
1  mm 1187 289
1  mm 1187 288
0  
1  mm 1176 276
1  mm 1143 261
1  mm 1103 248
1  mm 1088 243
0  
1  mm 1087 242
1  mm 1079 236
0  
0  
0  
0  
0  
0  
0  
0  
1  mm 1077 236
1  mm 1068 229
1  mm 1065 226
1  mm 1064 224
0  
1  mm 1064 223
0  
0  
0  
0  
0  
0  
0  
0  
0  
0  
0  
0  
0  
0  
0  
0  
0  
0  
0  
0  
0  
0  
0  
0  
0  
0  
0  
0  
0  
0  
0  
0  
0  
0  
0  
0  
0  
0  
0  
0  
0  
0  
0  
0  
1  mm 1067 224
1  mm 1113 224
1  mm 1180 228
1  mm 1257 232
1  mm 1333 238
1  mm 1371 243
1  mm 1384 244
1  mm 1398 248
1  mm 1415 251
1  mm 1426 254
1  mm 1431 255
0  
0  
0  
1 T 1209253215.686000 
0  
0  
0  
0  
0  
1  mm 1485 269
1  mm 1515 274
1  mm 1519 275
0  
0  
1  mm 1524 279
1  mm 1533 291
1  mm 1546 315
1  mm 1556 348
1  mm 1567 379
1  mm 1576 412
1  mm 1581 435
1  mm 1583 453
1  mm 1587 472
1  mm 1589 479
0  
0  
0  
1  mm 1589 483
1  mm 1589 489
1  mm 1574 512
1  mm 1518 547
1  mm 1348 610
1  mm 1104 663
1  mm 882 718
1  mm 759 754
1  mm 709 768
1  mm 696 773
1  mm 677 778
1  mm 657 790
1  mm 631 803
1  mm 603 816
1  mm 544 853
1  mm 480 889
1  mm 432 918
1  mm 407 933
1  mm 403 935
1  mm 399 939
1  mm 395 941
1  mm 386 950
1  mm 376 961
2  mb 1 1 376 962 md 375 963
0  
0  
0  
1  mb 1 0 375 963
