1208610901 seed, 30 fps, 1920x1080, fullScreen=1, version76_mouseSpeed1.000000_musicOff0_musicLoudness0.000000_webRetrySeconds16 71CDD12E2797017794558BAE0EFC43B73849E75A
2 T 1208610901.658000 mm 657 636
0  
1  mm 1127 600
0  
0  
0  
0  
0  
0  
0  
0  
0  
0  
0  
0  
0  
0  
0  
0  
1  mm 1136 605
1  mm 1149 605
0  
0  
0  
0  
0  
0  
0  
0  
0  
0  
0  
0  
0  
0  
0  
0  
0  
0  
0  
0  
0  
0  
0  
0  
0  
0  
0  
0  
0  
0  
0  
0  
0  
0  
0  
0  
0  
0  
0  
0  
0  
0  
0  
2 T 1208610905.261000 T 1208610905.264000 
1 T 1208610905.294000 
1 T 1208610905.327000 
1 T 1208610905.360000 
1 T 1208610905.393000 
1 T 1208610905.425000 
2 T 1208610905.459000 mm 1209 618
2 T 1208610905.492000 mm 1501 669
2 T 1208610905.525000 mm 1919 721
2 T 1208610905.557000 mm 1919 739
2 T 1208610905.591000 mm 1919 782
2 T 1208610905.624000 mm 1919 793
1 T 1208610905.658000 
2 T 1208610905.690000 mm 1919 790
2 T 1208610905.723000 mm 1919 789
1 T 1208610905.756000 
2 T 1208610905.788000 mm 1912 789
2 T 1208610905.822000 mm 1857 823
2 T 1208610905.855000 mm 1839 864
2 T 1208610905.888000 mm 1919 963
2 T 1208610905.921000 mm 1919 1079
1 T 1208610905.954000 
2 T 1208610905.988000 mm 1919 1058
2 T 1208610906.020000 mm 1919 982
2 T 1208610906.053000 mm 1919 910
2 T 1208610906.085000 mm 1919 853
2 T 1208610906.120000 mm 1919 841
2 T 1208610906.152000 mm 1864 836
2 T 1208610906.185000 mm 1829 834
1 T 1208610906.218000 
1 T 1208610906.251000 
1 T 1208610906.284000 
2 T 1208610906.317000 mm 1834 827
2 T 1208610906.351000 mm 1843 782
2 T 1208610906.383000 mm 1784 745
2 T 1208610906.415000 mm 1457 644
1  mm 991 575
1  mm 479 535
1  mm 0 521
1  mm 0 519
1  mm 0 551
1  mm 0 578
1  mm 0 585
1  mm 0 586
1  mm 91 632
1  mm 453 711
1  mm 978 745
1  mm 1529 762
1  mm 1919 813
1  mm 1919 843
0  
0  
0  
0  
1  mm 1915 843
1  mm 1868 843
1  mm 1808 843
1  mm 1745 843
1  mm 1731 843
0  
1  mm 1729 839
1  mm 1727 830
1  mm 1724 818
1  mm 1720 807
1  mm 1718 803
0  
0  
0  
0  
0  
0  
0  
0  
0  
0  
0  
0  
0  
0  
0  
0  
0  
0  
0  
0  
0  
0  
0  
0  
0  
0  
0  
0  
0  
0  
0  
0  
0  
0  
0  
0  
0  
0  
0  
0  
0  
0  
0  
0  
0  
0  
0  
0  
0  
0  
0  
0  
0  
0  
0  
0  
0  
0  
0  
0  
0  
0  
0  
0  
0  
0  
0  
0  
0  
0  
1 T 1208610909.881000 
0  
0  
0  
0  
0  
0  
0  
0  
0  
0  
0  
0  
0  
0  
0  
0  
0  
0  
0  
0  
0  
0  
0  
0  
0  
0  
0  
0  
0  
0  
0  
0  
0  
0  
0  
0  
0  
0  
0  
0  
0  
0  
0  
0  
0  
0  
0  
0  
0  
0  
0  
0  
0  
0  
0  
0  
0  
0  
0  
0  
0  
0  
0  
0  
0  
0  
0  
0  
0  
0  
0  
0  
0  
0  
0  
0  
0  
0  
0  
0  
0  
0  
0  
0  
0  
0  
0  
0  
0  
0  
0  
0  
0  
0  
0  
0  
0  
0  
0  
1 T 1208610913.294000 
0  
0  
0  
0  
0  
0  
0  
0  
0  
0  
0  
0  
0  
0  
0  
0  
0  
0  
0  
1  mm 1312 1062
1  mm 1169 986
1  mm 1123 941
1  mm 1024 856
1  mm 983 832
1  mm 926 801
1  mm 880 769
1  mm 850 752
1  mm 840 749
1  mm 824 748
1  mm 814 748
1  mm 822 760
1  mm 884 778
1  mm 986 783
1  mm 1202 783
1  mm 1419 783
1  mm 1487 783
1  mm 1494 787
1  mm 1475 815
1  mm 1320 876
1  mm 1004 874
1  mm 648 863
1  mm 452 909
1  mm 404 945
1  mm 390 979
1  mm 390 989
0  
0  
1  mm 389 990
0  
0  
0  
1  mb 1 1 389 990
0  
1  mb 1 0 389 990
