1209259008 seed, 30 fps, 1920x1080, fullScreen=1, version84_mouseSpeed1.000000_musicOff0_musicLoudness0.000000_webRetrySeconds16 42465DEE661C4C80A66BFD33B6F8DBB5EF6ACF88
2 T 1209259008.898000 mm 970 464
0  
0  
0  
0  
0  
0  
0  
0  
0  
0  
0  
0  
0  
0  
0  
0  
0  
0  
0  
0  
0  
0  
0  
0  
0  
0  
0  
0  
0  
0  
0  
0  
0  
0  
0  
0  
0  
0  
0  
0  
0  
0  
0  
0  
0  
0  
0  
0  
0  
0  
0  
0  
0  
0  
0  
0  
0  
0  
0  
0  
0  
0  
2 T 1209259012.699000 T 1209259012.701000 
1 T 1209259012.731000 
1 T 1209259012.766000 
1 T 1209259012.798000 
1 T 1209259012.831000 
1 T 1209259012.863000 
1 T 1209259012.897000 
1 T 1209259012.930000 
1 T 1209259012.963000 
1 T 1209259012.995000 
1 T 1209259013.029000 
1 T 1209259013.062000 
1 T 1209259013.095000 
1 T 1209259013.128000 
1 T 1209259013.160000 
1 T 1209259013.194000 
1 T 1209259013.228000 
1 T 1209259013.259000 
1 T 1209259013.293000 
1 T 1209259013.326000 
1 T 1209259013.359000 
1 T 1209259013.391000 
1 T 1209259013.424000 
1 T 1209259013.458000 
1 T 1209259013.491000 
1 T 1209259013.524000 
1 T 1209259013.556000 
1 T 1209259013.590000 
1 T 1209259013.623000 
1 T 1209259013.655000 
1 T 1209259013.688000 
1 T 1209259013.721000 
1 T 1209259013.755000 
1 T 1209259013.788000 
1 T 1209259013.821000 
0  
1 T 1209259013.886000 
0  
0  
0  
0  
0  
0  
0  
0  
0  
0  
0  
0  
0  
0  
0  
0  
0  
0  
0  
0  
0  
0  
0  
0  
0  
0  
0  
0  
0  
0  
1  mm 1036 476
1  mm 1110 507
1  mm 1174 531
1  mm 1241 545
1  mm 1275 549
1  mm 1316 553
1  mm 1342 553
1  mm 1400 561
1  mm 1471 560
1  mm 1538 549
1  mm 1586 538
1  mm 1586 537
0  
1  mm 1586 536
1  mm 1581 534
1  mm 1567 532
0  
0  
1  mb 1 1 1567 532
0  
0  
2 T 1209259015.608000 mb 1 0 1567 532
0  
1 T 1209259015.668000 
1 T 1209259015.702000 
1 T 1209259015.735000 
1 T 1209259015.768000 
1 T 1209259015.800000 
1 T 1209259015.835000 
1 T 1209259015.867000 
1 T 1209259015.900000 
1 T 1209259015.932000 
1 T 1209259015.965000 
1 T 1209259015.998000 
1 T 1209259016.032000 
1 T 1209259016.064000 
1 T 1209259016.097000 
1 T 1209259016.131000 
1 T 1209259016.163000 
1 T 1209259016.197000 
1 T 1209259016.229000 
1 T 1209259016.263000 
1 T 1209259016.295000 
1 T 1209259016.328000 
1 T 1209259016.362000 
1 T 1209259016.394000 
1 T 1209259016.429000 
1 T 1209259016.461000 
1 T 1209259016.494000 
1 T 1209259016.526000 
1 T 1209259016.559000 
1 T 1209259016.593000 
6 T 1209259016.626000 xs 0 2 16 534E0A302F3230300A31310A38340A23 xs 0 2 0 xs 0 0 7 T 1209259016.628000 xs 0 0 169 
4 T 1209259016.659000 xs 0 2 10 41434345505445440A23 xs 0 3 -1 T 1209259016.661000 
1 T 1209259016.692000 
1 T 1209259016.725000 
1 T 1209259016.757000 
1 T 1209259016.791000 
1 T 1209259016.824000 
1 T 1209259016.857000 
1 T 1209259016.890000 
2 T 1209259016.924000 mm 1570 532
1 T 1209259016.956000 
1 T 1209259016.989000 
1 T 1209259017.022000 
1 T 1209259017.055000 
1 T 1209259017.089000 
1 T 1209259017.121000 
1 T 1209259017.154000 
1 T 1209259017.187000 
1 T 1209259017.221000 
1 T 1209259017.253000 
1 T 1209259017.287000 
1 T 1209259017.319000 
2 T 1209259017.352000 mm 1540 529
2 T 1209259017.385000 mm 1413 551
2 T 1209259017.418000 mm 1265 575
2 T 1209259017.451000 mm 1086 610
2 T 1209259017.484000 mm 967 636
2 T 1209259017.517000 mm 872 668
2 T 1209259017.549000 mm 779 714
2 T 1209259017.583000 mm 700 768
2 T 1209259017.617000 mm 630 821
2 T 1209259017.649000 mm 585 852
2 T 1209259017.682000 mm 558 871
2 T 1209259017.716000 mm 517 887
2 T 1209259017.748000 mm 484 892
2 T 1209259017.781000 mm 453 896
1  mm 436 905
1  mm 422 915
1  mm 411 925
1  mm 405 931
1  mm 400 934
1  mm 382 956
1  mb 1 1 382 956
0  
0  
0  
1  mb 1 0 382 956
