1209850331 seed, 30 fps, 1920x1080, fullScreen=1, version91_mouseSpeed1.000000_musicOff0_musicLoudness0.000000_webRetrySeconds16 9D45B0E2FBB967A2995A31505DB14EB418942ED9
2 T 1209850331.584000 mm 517 624
0  
1  mm 598 632
0  
0  
0  
0  
1  mm 625 647
1  mm 662 676
1  mm 696 709
1  mm 713 733
1  mm 720 745
2  mm 724 754 mm 724 755
0  
0  
0  
0  
0  
0  
0  
0  
0  
0  
0  
0  
0  
0  
0  
0  
0  
0  
0  
0  
0  
0  
0  
0  
0  
0  
1  mm 743 771
1  mm 767 780
1  mm 767 781
0  
1  mm 739 781
1  mm 610 781
1  mm 500 781
1  mm 447 795
1  mm 428 813
1  mm 413 840
1  mm 402 870
1  mm 399 876
1  mm 399 885
1  mm 406 897
1  mm 438 900
1  mm 459 900
0  
0  
0  
0  
0  
0  
1  mm 470 897
1  mm 479 892
1  mm 516 867
1  mm 527 858
3 T 1209850335.432000 T 1209850335.436000 mm 582 831
1 T 1209850335.463000 
1 T 1209850335.496000 
1 T 1209850335.530000 
1 T 1209850335.562000 
2 T 1209850335.597000 mm 588 829
2 T 1209850335.628000 mm 598 824
2 T 1209850335.662000 mm 601 824
1 T 1209850335.695000 
2 T 1209850335.728000 mm 590 825
2 T 1209850335.761000 mm 543 862
2 T 1209850335.794000 mm 465 915
2 T 1209850335.827000 mm 430 940
2 T 1209850335.860000 mm 422 944
2 T 1209850335.893000 mm 419 946
2 T 1209850335.925000 mm 414 950
2 T 1209850335.958000 mm 394 961
2 T 1209850335.991000 mm 378 968
2 T 1209850336.024000 mm 372 970
1 T 1209850336.057000 
1 T 1209850336.091000 
2 T 1209850336.123000 mb 1 1 372 970
1 T 1209850336.156000 
1 T 1209850336.189000 
1 T 1209850336.223000 
1  mb 1 0 372 970
