1207869835 seed, 60 fps, 1920x1080, fullScreen=1, version73_mouseSpeed1.000000_musicOff0_musicLoudness1.000000_webRetrySeconds16 39F5D403D9734472EB90545B8404B1BC918AF16B
2 T 1207869836.732000 mm 960 540
0  
0  
0  
0  
0  
0  
0  
0  
0  
0  
0  
0  
0  
0  
0  
0  
0  
0  
0  
0  
0  
0  
0  
0  
0  
0  
0  
0  
0  
0  
0  
0  
0  
0  
0  
0  
0  
0  
0  
0  
0  
0  
0  
0  
0  
0  
0  
0  
0  
0  
0  
0  
0  
0  
0  
0  
0  
0  
0  
0  
0  
0  
0  
0  
0  
0  
0  
0  
0  
0  
0  
0  
0  
0  
0  
0  
0  
0  
0  
0  
0  
0  
0  
0  
0  
0  
0  
0  
0  
0  
1  mm 960 530
1  mm 957 522
0  
0  
0  
0  
0  
1  mm 956 520
1 T 1207869839.117000 
0  
0  
0  
0  
1  mm 951 520
1  mm 946 520
0  
1  mm 910 520
1  mm 728 614
1  mm 729 627
0  
0  
0  
1  mm 752 627
3 T 1207869840.122000 T 1207869840.125000 mm 902 710
0  
0  
1 T 1207869840.133000 
1 T 1207869840.150000 
1 T 1207869840.167000 
1 T 1207869840.183000 
1 T 1207869840.200000 
1 T 1207869840.217000 
1 T 1207869840.233000 
1 T 1207869840.250000 
1 T 1207869840.266000 
1 T 1207869840.283000 
1 T 1207869840.300000 
1 T 1207869840.317000 
1 T 1207869840.333000 
1 T 1207869840.350000 
1 T 1207869840.367000 
1 T 1207869840.383000 
1 T 1207869840.400000 
1 T 1207869840.416000 
1 T 1207869840.433000 
1 T 1207869840.449000 
1 T 1207869840.467000 
1 T 1207869840.483000 
1 T 1207869840.500000 
1 T 1207869840.516000 
1 T 1207869840.533000 
1 T 1207869840.549000 
1 T 1207869840.566000 
1 T 1207869840.583000 
1 T 1207869840.600000 
1 T 1207869840.616000 
1 T 1207869840.633000 
1 T 1207869840.650000 
1 T 1207869840.666000 
1 T 1207869840.683000 
2 T 1207869840.700000 mm 897 711
2 T 1207869840.716000 mm 885 716
2 T 1207869840.733000 mm 858 730
2 T 1207869840.749000 mm 819 749
2 T 1207869840.766000 mm 781 769
2 T 1207869840.783000 mm 758 778
2 T 1207869840.799000 mm 750 783
1 T 1207869840.816000 
1 T 1207869840.833000 
1 T 1207869840.849000 
1 T 1207869840.866000 
1 T 1207869840.883000 
1 T 1207869840.899000 
2 T 1207869840.916000 mm 744 790
2 T 1207869840.933000 mm 729 802
2 T 1207869840.950000 mm 701 812
2 T 1207869840.966000 mm 674 820
2 T 1207869840.983000 mm 644 824
2 T 1207869841.000000 mm 615 827
2 T 1207869841.016000 mm 581 827
2 T 1207869841.033000 mm 549 821
2 T 1207869841.049000 mm 510 806
2 T 1207869841.066000 mm 484 790
2 T 1207869841.083000 mm 465 779
2 T 1207869841.099000 mm 450 765
2 T 1207869841.116000 mm 445 758
2 T 1207869841.133000 mm 443 758
1 T 1207869841.150000 
1 T 1207869841.166000 
1 T 1207869841.183000 
1 T 1207869841.199000 
1 T 1207869841.216000 
2 T 1207869841.233000 mm 440 753
1  mm 429 745
1  mm 415 736
1  mm 399 730
1  mm 387 726
1  mm 385 726
0  
0  
0  
0  
0  
0  
0  
0  
0  
0  
2 T 1207869841.716000 mb 1 1 385 726
0  
2 F 0.000000 mb 1 0 385 726
1 F 0.000000 
3 af 0 af 1 F 0.000000 
1 F 0.000000 
2 F 0.000000 mm 394 726
2 F 0.000000 mm 426 726
2 F 0.000000 mm 492 718
2 F 0.000000 mm 575 685
2 F 0.000000 mm 676 618
2 F 0.000000 mm 733 583
2 F 0.000000 mm 775 553
1 F 0.000000 
1 F 0.000000 
1 F 0.000000 
1 F 0.000000 
2 F 0.000000 mm 778 547
2 F 0.000000 mm 823 510
2 F 0.000000 mm 882 459
2 F 0.000000 mm 894 430
2 F 0.000000 mm 894 414
2 F 0.000000 mm 895 403
2 F 0.000000 mm 901 398
2 F 0.000000 mm 932 379
2 F 0.000000 mm 972 352
2 F 0.000000 mm 981 342
1 F 0.000000 
1 F 0.000000 
2 F 0.000000 mm 977 342
1 F 0.000000 
1 F 0.000000 
2 F 0.000000 mm 971 342
2 F 0.000000 mm 953 342
2 F 0.000000 mm 939 342
2 F 0.000000 mm 938 342
1 F 0.000000 
1 F 0.000000 
1 F 0.000000 
1 F 0.000000 
2 F 0.000000 mm 946 342
2 F 0.000000 mm 954 342
2 F 0.000000 mm 958 342
1 F 0.000000 
1 F 0.000000 
1 F 0.000000 
1 F 0.000000 
1 F 0.000000 
1 F 0.000000 
2 F 0.000000 mm 967 346
1 F 0.000000 
1 F 0.000000 
2 F 0.000000 mb 1 1 967 346
1 F 0.000000 
1 F 0.000000 
1 F 0.000000 
1 F 0.000000 
1 F 0.000000 
1 F 0.000000 
1 F 0.000000 
2 F 0.000000 mb 1 0 967 346
1 F 0.000000 
1 F 0.000000 
1 F 0.000000 
1 F 0.000000 
1 F 0.000000 
1 F 0.000000 
1 F 0.000000 
1 F 0.000000 
1 F 0.000000 
1 F 0.000000 
1 F 0.000000 
1 F 0.000000 
1 F 0.000000 
2 F 0.000000 mm 987 348
2 F 0.000000 mm 1054 349
2 F 0.000000 mm 1095 349
2 F 0.000000 mm 1121 349
2 F 0.000000 mm 1150 349
2 F 0.000000 mm 1182 349
2 F 0.000000 mb 1 1 1185 349
1 F 0.000000 
1 F 0.000000 
1 F 0.000000 
1 F 0.000000 
1  mb 1 0 1185 349
