1210851652 seed, 30 fps, 1920x1080, fullScreen=1, version96_mouseSpeed1.000000_musicOff0_musicLoudness0.000000_webRetrySeconds16 D7B0694EEF5ECFC8B3CCDCAF722279C3F19F6647
3 T 1210851653.552000 mm 896 510 mm 1514 558
1  mm 1529 549
1  mm 1532 550
0  
0  
0  
0  
0  
0  
0  
0  
0  
0  
0  
1  mm 1536 547
0  
0  
0  
0  
0  
0  
0  
0  
1  mm 1536 552
1  mm 1535 552
0  
0  
0  
0  
0  
0  
0  
0  
0  
0  
1  mm 1549 544
0  
0  
0  
1  mm 1548 545
1  mm 1546 547
0  
0  
0  
0  
0  
0  
0  
0  
0  
0  
0  
0  
0  
0  
0  
0  
0  
0  
1  mm 1557 546
1  mm 1558 546
0  
1  mm 1555 546
0  
0  
3 T 1210851657.395000 T 1210851657.398000 mm 1396 508
1 T 1210851657.427000 
1 T 1210851657.461000 
1 T 1210851657.492000 
1 T 1210851657.526000 
1 T 1210851657.559000 
1 T 1210851657.593000 
1 T 1210851657.625000 
1 T 1210851657.658000 
1 T 1210851657.691000 
2 T 1210851657.724000 mm 1418 502
2 T 1210851657.756000 mm 1424 502
2 T 1210851657.791000 mm 1428 502
2 T 1210851657.826000 mm 1434 505
2 T 1210851657.857000 mm 1440 509
2 T 1210851657.890000 mm 1450 512
2 T 1210851657.922000 mm 1477 522
2 T 1210851657.955000 mm 1499 529
2 T 1210851657.990000 mm 1502 531
1 T 1210851658.021000 
1 T 1210851658.054000 
1 T 1210851658.087000 
1 T 1210851658.121000 
1 T 1210851658.153000 
1 T 1210851658.187000 
1 T 1210851658.218000 
1 T 1210851658.253000 
1 T 1210851658.286000 
1 T 1210851658.319000 
1 T 1210851658.351000 
1 T 1210851658.384000 
1 T 1210851658.417000 
1 T 1210851658.450000 
1 T 1210851658.483000 
1 T 1210851658.516000 
0  
0  
0  
0  
0  
0  
0  
1  mb 1 1 1502 531
0  
0  
0  
2 T 1210851658.937000 mb 1 0 1502 531
0  
1 T 1210851659.089000 
1 T 1210851659.124000 
1 T 1210851659.156000 
1 T 1210851659.189000 
1 T 1210851659.222000 
1 T 1210851659.255000 
1 T 1210851659.287000 
1 T 1210851659.322000 
1 T 1210851659.353000 
1 T 1210851659.387000 
1 T 1210851659.421000 
1 T 1210851659.452000 
1 T 1210851659.486000 
1 T 1210851659.519000 
1 T 1210851659.552000 
1 T 1210851659.584000 
1 T 1210851659.618000 
1 T 1210851659.652000 
1 T 1210851659.683000 
1 T 1210851659.718000 
1 T 1210851659.749000 
1 T 1210851659.783000 
1 T 1210851659.816000 
1 T 1210851659.852000 
1 T 1210851659.883000 
1 T 1210851659.916000 
4 T 1210851659.950000 xs 0 2 0 xs 0 0 0 T 1210851659.953000 
1 T 1210851659.981000 
1 T 1210851660.015000 
1 T 1210851660.048000 
1 T 1210851660.081000 
1 T 1210851660.113000 
1 T 1210851660.148000 
1 T 1210851660.179000 
1 T 1210851660.213000 
1 T 1210851660.247000 
1 T 1210851660.279000 
1 T 1210851660.312000 
1 T 1210851660.345000 
1 T 1210851660.378000 
1 T 1210851660.411000 
1 T 1210851660.443000 
1 T 1210851660.477000 
1 T 1210851660.510000 
1 T 1210851660.543000 
2 T 1210851660.576000 mm 1403 534
2 T 1210851660.609000 mm 1340 534
2 T 1210851660.642000 mm 1268 534
2 T 1210851660.675000 mm 1131 534
2 T 1210851660.708000 mm 995 534
2 T 1210851660.741000 mm 902 534
2 T 1210851660.774000 mm 836 531
2 T 1210851660.807000 mm 822 524
2 T 1210851660.840000 mm 830 494
2 T 1210851660.873000 mm 843 480
2 T 1210851660.906000 mm 845 479
1 T 1210851660.938000 
1 T 1210851660.972000 
1 T 1210851661.005000 
2 T 1210851661.038000 mm 844 479
2 T 1210851661.071000 mm 809 504
1  mm 719 551
1  mm 604 603
1  mm 484 660
1  mm 400 734
1  mm 370 780
1  mm 365 825
1  mm 365 851
1  mm 365 885
1  mm 359 913
1  mm 355 925
1  mm 355 926
1  mm 355 928
1  mm 360 930
0  
1  mm 362 935
1  mm 362 946
1  mm 362 961
1  mm 361 963
0  
0  
1  mb 1 1 361 963
0  
0  
1  mb 1 0 361 963
