1210638128 seed, 30 fps, 1920x1080, fullScreen=1, version94_mouseSpeed1.000000_musicOff0_musicLoudness0.000000_webRetrySeconds16 D98839918ABF31C77B103A0471474BD6CE49B0CB
2 T 1210638129.013000 mm 1889 532
0  
0  
0  
0  
0  
0  
0  
0  
0  
0  
0  
0  
0  
0  
1  mm 1889 531
1  mm 1883 531
0  
0  
0  
0  
0  
0  
0  
0  
0  
0  
1  mm 1882 531
1  mm 1880 531
0  
0  
0  
0  
0  
0  
0  
0  
0  
0  
0  
1  mm 1852 528
1  mm 1800 518
1  mm 1746 509
1  mm 1711 499
1  mm 1698 497
1  mm 1694 496
1  mm 1681 496
1  mm 1678 496
0  
0  
0  
0  
0  
0  
0  
1  mm 1677 496
0  
1  mm 1676 496
1  mm 1675 496
0  
0  
1  mm 1680 496
1  mm 1681 498
0  
3 T 1210638136.567000 T 1210638136.573000 mm 1697 507
2 T 1210638136.594000 mm 1697 508
1 T 1210638136.626000 
1 T 1210638136.660000 
1 T 1210638136.693000 
2 T 1210638136.725000 mm 1691 509
1 T 1210638136.759000 
1 T 1210638136.793000 
1 T 1210638136.825000 
1 T 1210638136.857000 
1 T 1210638136.891000 
1 T 1210638136.924000 
2 T 1210638136.957000 mm 1683 509
2 T 1210638136.989000 mm 1663 509
2 T 1210638137.022000 mm 1634 509
2 T 1210638137.057000 mm 1608 509
2 T 1210638137.089000 mm 1600 511
2 T 1210638137.122000 mm 1593 514
2 T 1210638137.155000 mm 1587 517
2 T 1210638137.189000 mm 1585 519
2 T 1210638137.221000 mm 1582 521
2 T 1210638137.254000 mm 1576 525
2 T 1210638137.287000 mm 1574 527
2 T 1210638137.321000 mm 1570 530
2 T 1210638137.353000 mm 1565 534
2 T 1210638137.386000 mm 1562 538
2 T 1210638137.420000 mm 1560 542
2 T 1210638137.452000 mm 1558 544
2 T 1210638137.485000 mm 1556 546
1 T 1210638137.518000 
1 T 1210638137.551000 
1 T 1210638137.584000 
1 T 1210638137.618000 
1 T 1210638137.649000 
1 T 1210638137.683000 
1 T 1210638137.716000 
0  
0  
0  
0  
0  
0  
0  
1  mb 1 1 1556 546
0  
0  
2 T 1210638138.084000 mb 1 0 1556 546
0  
1 T 1210638138.321000 
1 T 1210638138.354000 
1 T 1210638138.389000 
1 T 1210638138.421000 
1 T 1210638138.454000 
1 T 1210638138.486000 
1 T 1210638138.521000 
1 T 1210638138.552000 
1 T 1210638138.587000 
1 T 1210638138.619000 
1 T 1210638138.652000 
1 T 1210638138.685000 
1 T 1210638138.718000 
1 T 1210638138.751000 
1 T 1210638138.784000 
1 T 1210638138.817000 
1 T 1210638138.850000 
1 T 1210638138.883000 
1 T 1210638138.916000 
1 T 1210638138.949000 
1 T 1210638138.982000 
1 T 1210638139.014000 
1 T 1210638139.048000 
1 T 1210638139.081000 
7 T 1210638139.114000 xs 0 2 20 534E0A312F3230300A3131353135330A39360A23 xs 0 2 0 T 1210638139.115000 xs 0 0 7 T 1210638139.116000 T 1210638139.120000 
1 T 1210638139.147000 
1 T 1210638139.180000 
1 T 1210638139.213000 
1 T 1210638139.247000 
1 T 1210638139.279000 
1 T 1210638139.312000 
1 T 1210638139.345000 
1 T 1210638139.378000 
1 T 1210638139.412000 
1 T 1210638139.444000 
1 T 1210638139.476000 
1 T 1210638139.510000 
1 T 1210638139.544000 
1 T 1210638139.575000 
1 T 1210638139.609000 
1 T 1210638139.642000 
1 T 1210638139.675000 
1 T 1210638139.708000 
1 T 1210638139.742000 
1 T 1210638139.774000 
1 T 1210638139.807000 
1 T 1210638139.840000 
1 T 1210638139.873000 
1 T 1210638139.906000 
1 T 1210638139.939000 
1 T 1210638139.973000 
1 T 1210638140.005000 
1 T 1210638140.038000 
1 T 1210638140.072000 
1 T 1210638140.104000 
1 T 1210638140.137000 
1 T 1210638140.169000 
1 T 1210638140.203000 
1 T 1210638140.236000 
0  
0  
0  
0  
0  
0  
0  
0  
0  
0  
0  
0  
0  
0  
0  
0  
0  
0  
0  
0  
0  
0  
0  
0  
0  
0  
0  
0  
1 T 1210638141.193000 
0  
0  
1  mm 1385 571
1  mm 1127 590
1  mm 838 645
1  mm 620 733
1  mm 518 799
1  mm 494 822
1  mm 486 839
1  mm 480 855
1  mm 476 866
1  mm 468 884
1  mm 458 904
1  mm 448 915
1  mm 435 926
1  mm 429 931
1  mm 424 934
1  mm 415 937
1  mm 402 947
1  mm 393 953
1  mm 387 956
1  mm 385 958
0  
0  
0  
0  
0  
0  
0  
0  
0  
0  
0  
0  
0  
0  
0  
0  
0  
0  
0  
0  
0  
0  
0  
0  
0  
0  
0  
0  
1  mb 1 1 385 958
0  
0  
1  mb 1 0 385 958
