1211419394 seed, 30 fps, 1920x1080, fullScreen=1, version98_mouseSpeed1.000000_musicOff0_musicLoudness0.000000_webRetrySeconds16 3A84615318F8E00D32AFC8D06EBEF000378BAC5B
2 T 1211419394.888000 mm 300 342
0  
0  
0  
0  
0  
0  
0  
0  
0  
0  
0  
0  
0  
0  
0  
0  
0  
0  
0  
0  
1  mm 264 349
1  mm 231 358
1  mm 230 358
0  
0  
0  
0  
0  
0  
0  
0  
0  
0  
0  
0  
0  
0  
0  
0  
0  
0  
0  
0  
0  
0  
1  mm 237 371
1  mm 262 387
1  mm 327 403
1  mm 437 405
1  mm 567 414
1  mm 722 423
1  mm 809 428
1  mm 879 436
1  mm 971 454
1  mm 1031 470
1  mm 1084 482
1  mm 1134 488
1  mm 1153 490
1  mm 1155 490
0  
1  mm 1160 490
0  
0  
0  
2 T 1211419399.299000 T 1211419399.302000 
1 T 1211419399.331000 
1 T 1211419399.364000 
2 T 1211419399.397000 mm 1152 490
2 T 1211419399.430000 mm 1136 487
2 T 1211419399.463000 mm 1127 487
2 T 1211419399.495000 mm 1124 487
2 T 1211419399.529000 mm 1120 487
2 T 1211419399.562000 mm 1114 490
2 T 1211419399.595000 mm 1110 491
1 T 1211419399.629000 
2 T 1211419399.661000 mm 1109 491
2 T 1211419399.693000 mm 1100 476
2 T 1211419399.727000 mm 1095 468
2 T 1211419399.761000 mm 1086 464
1 T 1211419399.792000 
1 T 1211419399.826000 
1 T 1211419399.860000 
2 T 1211419399.891000 mm 1084 464
2 T 1211419399.924000 mm 1071 465
1 T 1211419399.959000 
2 T 1211419399.991000 mm 1070 461
2 T 1211419400.025000 mm 1070 460
2 T 1211419400.057000 mm 1070 459
1 T 1211419400.089000 
1 T 1211419400.123000 
1 T 1211419400.156000 
1 T 1211419400.189000 
1 T 1211419400.222000 
1 T 1211419400.255000 
1 T 1211419400.288000 
1 T 1211419400.322000 
1 T 1211419400.354000 
1 T 1211419400.386000 
3 T 1211419400.420000 R R 
0  
0  
0  
0  
0  
0  
0  
0  
0  
0  
0  
0  
0  
0  
0  
0  
0  
0  
0  
0  
0  
0  
0  
0  
0  
0  
0  
0  
0  
0  
0  
0  
0  
0  
0  
0  
0  
0  
0  
0  
0  
0  
0  
0  
0  
0  
0  
0  
0  
0  
0  
0  
0  
0  
0  
0  
0  
0  
0  
0  
0  
0  
0  
0  
0  
0  
0  
0  
0  
0  
0  
0  
0  
0  
0  
0  
0  
0  
0  
0  
0  
0  
0  
0  
0  
0  
0  
0  
0  
0  
0  
0  
0  
0  
0  
0  
0  
0  
0  
2 T 1211419403.720000 R 
0  
0  
0  
0  
0  
0  
0  
0  
0  
0  
0  
0  
0  
0  
0  
0  
0  
0  
0  
0  
0  
0  
0  
0  
0  
0  
0  
0  
0  
0  
0  
0  
0  
0  
0  
0  
0  
0  
0  
0  
0  
0  
0  
0  
0  
0  
0  
0  
0  
0  
0  
0  
0  
0  
0  
0  
0  
0  
0  
0  
0  
0  
0  
0  
0  
0  
0  
0  
0  
0  
0  
0  
0  
0  
0  
0  
0  
0  
0  
0  
0  
0  
0  
0  
0  
0  
0  
0  
0  
0  
0  
0  
0  
0  
0  
0  
0  
0  
0  
2 T 1211419407.020000 R 
0  
0  
0  
0  
0  
0  
0  
0  
0  
0  
0  
0  
0  
0  
0  
0  
0  
0  
0  
0  
0  
0  
0  
0  
0  
0  
0  
0  
0  
0  
0  
0  
0  
0  
0  
0  
0  
0  
1  mm 1113 450
1  mm 1185 443
1  mm 1220 443
1  mm 1256 442
1  mm 1286 442
1  mm 1326 447
1  mm 1369 475
1  mm 1394 504
1  mm 1408 519
1  mm 1410 519
1  mm 1422 521
1  mm 1444 523
1  mm 1470 528
1  mm 1503 531
1  mm 1519 531
1  mm 1527 533
0  
0  
0  
0  
0  
0  
0  
0  
0  
0  
0  
0  
0  
0  
0  
0  
0  
0  
0  
0  
0  
0  
0  
0  
0  
0  
0  
0  
0  
0  
0  
0  
0  
0  
0  
0  
0  
0  
0  
0  
0  
0  
0  
0  
0  
2 T 1211419410.320000 R 
0  
0  
0  
0  
0  
0  
0  
0  
0  
0  
0  
0  
0  
0  
0  
0  
0  
0  
0  
0  
0  
0  
0  
0  
0  
0  
0  
0  
0  
0  
0  
0  
0  
0  
0  
0  
0  
0  
0  
0  
0  
0  
0  
0  
0  
0  
0  
0  
0  
0  
0  
0  
0  
0  
0  
0  
0  
0  
0  
0  
0  
0  
0  
0  
0  
0  
0  
0  
0  
0  
0  
0  
0  
0  
0  
0  
0  
0  
0  
0  
0  
0  
0  
0  
0  
0  
0  
0  
0  
0  
0  
0  
0  
0  
0  
0  
0  
0  
0  
2 T 1211419413.620000 R 
0  
0  
0  
0  
0  
0  
0  
0  
0  
0  
0  
0  
0  
0  
0  
0  
0  
0  
0  
0  
0  
0  
0  
0  
0  
0  
0  
0  
0  
0  
0  
0  
0  
0  
0  
0  
0  
0  
0  
0  
0  
0  
0  
0  
0  
0  
0  
0  
0  
0  
0  
0  
0  
0  
0  
0  
0  
0  
0  
0  
0  
0  
0  
0  
0  
0  
0  
0  
0  
0  
0  
0  
0  
0  
0  
0  
0  
0  
0  
0  
0  
0  
0  
0  
0  
0  
0  
0  
0  
0  
0  
0  
0  
0  
0  
0  
0  
0  
0  
2 T 1211419416.920000 R 
0  
0  
0  
0  
0  
0  
0  
0  
0  
0  
0  
0  
0  
0  
0  
0  
0  
0  
0  
0  
0  
0  
0  
0  
0  
0  
0  
0  
0  
0  
0  
0  
0  
0  
0  
0  
0  
0  
0  
0  
0  
0  
0  
0  
0  
0  
0  
0  
0  
0  
0  
0  
0  
0  
0  
0  
0  
0  
0  
0  
0  
0  
0  
0  
0  
0  
0  
0  
0  
0  
0  
0  
0  
0  
0  
0  
0  
0  
0  
0  
0  
0  
0  
0  
0  
0  
0  
0  
0  
0  
0  
0  
0  
0  
0  
0  
0  
0  
0  
2 T 1211419420.220000 R 
0  
0  
0  
0  
0  
0  
0  
0  
0  
0  
0  
0  
0  
0  
0  
0  
0  
0  
0  
0  
0  
0  
0  
0  
0  
0  
0  
0  
0  
0  
0  
0  
0  
0  
0  
0  
0  
0  
0  
0  
0  
0  
0  
0  
0  
0  
0  
0  
0  
0  
0  
0  
0  
0  
0  
0  
0  
0  
0  
0  
0  
0  
0  
0  
0  
0  
0  
0  
0  
0  
0  
1  mm 1421 505
1  mm 1261 482
1  mm 1120 470
1  mm 1055 478
1  mm 1008 494
1  mm 976 502
1  mm 969 503
1  mm 972 506
1  mm 1078 521
1  mm 1339 555
1  mm 1597 582
1  mm 1716 595
0  
1  mm 1709 595
1  mm 1677 594
1  mm 1593 578
1  mm 1500 560
1  mm 1478 552
0  
0  
1  mm 1482 548
1  mm 1486 546
1  mm 1492 543
1  mm 1496 541
1  mm 1498 540
1  mm 1500 540
1  mm 1505 540
1  mm 1512 540
3 T 1211419423.521000 R mm 1525 545
1  mm 1533 547
1  mm 1535 548
0  
0  
0  
0  
0  
0  
0  
0  
0  
0  
0  
0  
0  
0  
0  
0  
0  
0  
0  
0  
0  
0  
0  
0  
0  
0  
0  
0  
0  
0  
0  
0  
0  
0  
0  
0  
0  
0  
0  
0  
0  
0  
0  
0  
0  
0  
0  
0  
0  
0  
0  
0  
0  
0  
0  
0  
0  
0  
0  
0  
0  
0  
0  
0  
0  
0  
0  
0  
0  
0  
0  
0  
0  
0  
0  
0  
0  
0  
0  
0  
0  
0  
0  
0  
0  
0  
0  
0  
0  
0  
0  
0  
0  
0  
0  
0  
0  
2 T 1211419426.821000 R 
0  
0  
0  
0  
0  
0  
0  
0  
0  
0  
0  
0  
0  
0  
0  
0  
0  
0  
0  
0  
0  
0  
0  
0  
0  
0  
0  
0  
0  
0  
0  
0  
0  
0  
0  
0  
0  
0  
0  
0  
0  
0  
0  
0  
0  
0  
0  
0  
0  
0  
0  
0  
0  
0  
0  
0  
0  
0  
0  
0  
0  
0  
0  
0  
0  
0  
0  
0  
0  
0  
0  
0  
0  
0  
0  
0  
0  
0  
0  
0  
0  
0  
0  
0  
0  
0  
0  
0  
0  
0  
0  
0  
0  
0  
0  
0  
0  
0  
0  
2 T 1211419430.121000 R 
0  
0  
0  
0  
0  
0  
0  
0  
0  
0  
0  
0  
0  
0  
0  
0  
0  
0  
0  
0  
0  
0  
0  
0  
0  
0  
0  
0  
0  
0  
0  
0  
0  
0  
0  
0  
0  
0  
0  
0  
0  
0  
0  
0  
0  
0  
0  
0  
0  
0  
0  
0  
0  
0  
0  
0  
0  
0  
0  
0  
0  
0  
0  
0  
0  
0  
0  
0  
0  
0  
0  
0  
0  
0  
0  
0  
0  
0  
0  
0  
0  
0  
0  
0  
0  
0  
0  
0  
0  
0  
0  
0  
0  
0  
0  
0  
0  
0  
0  
2 T 1211419433.421000 R 
0  
0  
0  
0  
0  
0  
0  
0  
0  
0  
0  
0  
0  
0  
0  
0  
0  
0  
0  
0  
0  
0  
0  
0  
0  
0  
0  
0  
0  
0  
0  
0  
0  
0  
0  
0  
0  
0  
0  
0  
0  
0  
0  
0  
0  
0  
0  
0  
0  
0  
0  
0  
0  
0  
0  
0  
0  
0  
0  
0  
0  
0  
0  
0  
0  
0  
0  
0  
0  
0  
0  
0  
0  
0  
0  
0  
0  
0  
0  
0  
0  
0  
0  
0  
0  
0  
0  
0  
0  
0  
0  
0  
0  
0  
0  
0  
0  
0  
0  
2 T 1211419436.721000 R 
0  
0  
0  
0  
0  
0  
0  
0  
0  
0  
0  
0  
0  
0  
0  
0  
0  
0  
0  
0  
0  
0  
0  
0  
0  
0  
0  
0  
0  
0  
0  
0  
0  
0  
0  
0  
0  
0  
0  
0  
0  
0  
0  
0  
0  
0  
0  
0  
1  mm 1537 552
1  mm 1548 570
1  mm 1561 580
1  mm 1606 595
1  mm 1671 615
1  mm 1752 651
1  mm 1841 699
1  mm 1891 735
1  mm 1919 769
1  mm 1919 815
1  mm 1919 872
1  mm 1919 966
1  mm 1919 1079
0  
0  
0  
0  
0  
1  mm 1919 1050
1  mm 1919 1007
1  mm 1916 958
1  mm 1897 908
1  mm 1872 882
1  mm 1783 847
1  mm 1674 825
1  mm 1607 815
1  mm 1590 814
1  mm 1581 814
1  mm 1549 818
1  mm 1450 823
1  mm 1270 810
1  mm 977 750
1  mm 803 713
1  mm 640 679
1  mm 528 663
1  mm 471 659
1  mm 427 659
1  mm 389 660
1  mm 333 676
1  mm 296 710
1  mm 277 763
1  mm 274 810
1  mm 308 866
1  mm 393 956
1  mm 546 1044
1  mm 719 1079
1  mm 856 1079
1  mm 1025 1079
1  mm 1164 1079
1  mm 1280 1079
1  mm 1394 1079
3 T 1211419440.021000 R mm 1508 1079
1  mm 1623 1057
1  mm 1742 992
1  mm 1819 916
1  mm 1869 845
1  mm 1880 813
1  mm 1884 791
1  mm 1876 766
1  mm 1811 720
1  mm 1617 661
1  mm 1384 618
1  mm 1277 608
1  mm 1254 603
1  mm 1251 597
1  mm 1245 587
1  mm 1217 566
1  mm 1155 531
1  mm 1046 480
1  mm 887 419
1  mm 757 377
1  mm 650 350
1  mm 514 311
1  mm 397 285
1  mm 254 255
1  mm 27 224
1  mm 0 201
1  mm 0 196
0  
1  mm 0 206
1  mm 0 232
1  mm 3 287
1  mm 118 424
1  mm 311 555
1  mm 583 720
1  mm 839 917
1  mm 990 1066
1  mm 1143 1079
1  mm 1275 1079
1  mm 1435 1079
1  mm 1569 1079
1  mm 1717 1079
1  mm 1841 1069
1  mm 1919 1015
1  mm 1919 938
1  mm 1919 879
1  mm 1919 857
1  mm 1919 842
1  mm 1919 816
1  mm 1919 769
1  mm 1919 733
1  mm 1919 725
0  
0  
1  mm 1918 724
1  mm 1888 724
1  mm 1786 724
1  mm 1416 683
1  mm 1065 635
1  mm 781 580
1  mm 502 541
1  mm 425 538
1  mm 350 538
1  mm 304 546
1  mm 253 559
1  mm 234 565
0  
0  
0  
1  mm 250 567
0  
0  
1  mm 209 571
1  mm 103 570
1  mm 0 532
1  mm 0 492
1  mm 0 409
1  mm 0 386
1  mm 0 381
0  
0  
0  
1  mm 15 375
1  mm 76 371
1  mm 202 371
1  mm 274 371
1  mm 290 371
0  
0  
0  
0  
0  
0  
0  
0  
0  
0  
0  
0  
0  
0  
2 T 1211419443.321000 R 
0  
0  
0  
0  
0  
0  
0  
0  
0  
0  
0  
0  
0  
0  
0  
0  
0  
0  
0  
0  
0  
0  
0  
0  
0  
0  
0  
0  
0  
0  
0  
0  
0  
0  
0  
0  
0  
0  
0  
0  
0  
0  
0  
0  
0  
0  
0  
0  
0  
0  
0  
0  
0  
0  
0  
0  
0  
0  
0  
0  
0  
0  
0  
0  
0  
0  
0  
0  
0  
0  
0  
0  
0  
0  
0  
0  
0  
0  
0  
0  
0  
0  
0  
0  
0  
0  
0  
0  
0  
0  
0  
0  
0  
0  
0  
0  
0  
0  
0  
2 T 1211419446.620000 R 
0  
0  
0  
0  
0  
0  
0  
0  
0  
0  
0  
0  
0  
0  
0  
0  
0  
0  
0  
0  
0  
0  
0  
0  
0  
0  
0  
0  
0  
0  
0  
0  
0  
0  
0  
0  
0  
0  
0  
0  
0  
0  
0  
0  
0  
0  
0  
0  
0  
0  
0  
0  
0  
0  
0  
0  
0  
0  
0  
0  
0  
0  
0  
0  
0  
0  
0  
0  
0  
0  
0  
0  
0  
0  
0  
0  
0  
0  
0  
0  
0  
0  
0  
0  
0  
0  
0  
0  
0  
0  
0  
0  
0  
0  
0  
0  
0  
0  
0  
2 T 1211419449.922000 R 
0  
0  
0  
0  
0  
0  
0  
0  
0  
0  
0  
0  
0  
0  
0  
0  
0  
0  
0  
0  
0  
0  
0  
0  
0  
0  
0  
0  
0  
0  
0  
0  
0  
0  
0  
0  
0  
0  
0  
0  
0  
0  
0  
0  
0  
0  
0  
0  
0  
0  
0  
0  
0  
0  
0  
0  
0  
0  
1  mm 427 343
1  mm 490 339
1  mm 514 339
0  
1  mm 532 339
1  mm 648 377
1  mm 782 434
1  mm 912 510
1  mm 1031 589
1  mm 1105 634
1  mm 1155 655
1  mm 1214 664
1  mm 1272 664
1  mm 1360 666
1  mm 1465 643
1  mm 1604 584
1  mm 1667 538
1  mm 1685 504
1  mm 1681 489
1  mm 1658 479
1  mm 1600 468
1  mm 1567 467
1  mm 1484 467
1  mm 1460 475
1  mm 1445 490
1  mm 1429 508
1  mm 1416 519
1  mm 1408 531
1  mm 1402 548
1  mm 1397 566
1  mm 1396 576
1  mm 1394 582
1  mm 1391 585
1  mm 1388 589
1  mm 1378 593
1  mm 1366 596
1  mm 1357 598
1  mm 1352 599
0  
0  
0  
2 T 1211419453.221000 R 
0  
0  
0  
0  
0  
0  
0  
0  
0  
0  
0  
0  
0  
0  
0  
0  
0  
0  
0  
0  
1  mm 1323 622
1  mm 1283 660
1  mm 1274 679
1  mm 1300 717
1  mm 1354 740
1  mm 1404 744
1  mm 1441 744
1  mm 1457 731
1  mm 1484 679
1  mm 1519 655
1  mm 1563 648
1  mm 1630 652
1  mm 1744 679
1  mm 1841 708
1  mm 1908 731
1  mm 1919 737
1  mm 1919 734
1  mm 1919 704
1  mm 1919 666
1  mm 1899 614
1  mm 1797 557
1  mm 1589 520
1  mm 1400 514
1  mm 1309 522
1  mm 1229 563
1  mm 1176 588
1  mm 1046 636
1  mm 958 667
1  mm 894 684
1  mm 867 696
1  mm 860 711
1  mm 859 753
1  mm 925 837
1  mm 1186 991
1  mm 1461 1079
1  mm 1711 1079
1  mm 1849 1079
1  mm 1919 1079
1  mm 1919 1060
1  mm 1919 1023
1  mm 1917 992
1  mm 1904 977
1  mm 1891 975
1  mm 1871 973
1  mm 1821 965
1  mm 1774 961
1  mm 1747 959
1  mm 1738 952
1  mm 1736 932
1  mm 1728 919
1  mm 1696 888
1  mm 1676 878
1  mm 1666 874
1  mm 1665 874
0  
0  
1  mm 1662 874
1  mm 1659 873
1  mm 1653 873
1  mm 1645 870
1  mm 1626 861
1  mm 1601 850
0  
0  
0  
0  
1  mm 1588 850
0  
0  
0  
0  
1  mm 1586 832
1  mm 1585 825
1  mm 1585 824
0  
0  
0  
0  
0  
2 T 1211419456.521000 R 
0  
0  
0  
0  
0  
0  
0  
0  
1  mm 1585 823
1  mm 1582 822
1  mm 1579 820
0  
0  
0  
0  
0  
1  mm 1563 817
0  
0  
0  
0  
0  
0  
0  
0  
0  
0  
0  
0  
0  
0  
0  
0  
0  
0  
0  
0  
0  
0  
0  
0  
0  
0  
0  
0  
0  
0  
0  
0  
0  
0  
0  
0  
0  
0  
0  
0  
0  
0  
0  
0  
0  
0  
0  
0  
0  
0  
0  
0  
0  
0  
0  
0  
0  
0  
0  
0  
0  
0  
0  
0  
0  
0  
0  
0  
0  
0  
0  
0  
0  
0  
0  
0  
0  
0  
0  
0  
0  
0  
2 T 1211419459.928000 R 
0  
0  
0  
0  
0  
0  
0  
0  
0  
0  
0  
0  
0  
0  
0  
0  
0  
0  
0  
0  
0  
0  
0  
0  
0  
0  
0  
0  
0  
0  
0  
0  
0  
0  
0  
0  
0  
0  
0  
0  
0  
0  
0  
0  
0  
0  
0  
0  
0  
0  
0  
0  
0  
0  
0  
0  
0  
0  
0  
0  
0  
0  
0  
0  
0  
0  
0  
0  
0  
0  
0  
0  
0  
0  
0  
0  
0  
0  
0  
0  
0  
0  
0  
0  
0  
0  
0  
0  
0  
0  
0  
0  
0  
0  
0  
0  
0  
0  
0  
2 T 1211419463.229000 R 
0  
0  
0  
0  
0  
0  
0  
0  
0  
0  
0  
0  
0  
0  
0  
0  
0  
0  
0  
0  
0  
0  
0  
0  
0  
0  
0  
0  
0  
0  
0  
0  
0  
0  
0  
0  
0  
0  
0  
0  
0  
0  
0  
0  
0  
0  
0  
0  
0  
0  
0  
0  
0  
0  
0  
0  
0  
0  
0  
0  
0  
0  
0  
0  
0  
0  
0  
0  
0  
0  
0  
0  
0  
0  
0  
0  
0  
0  
0  
0  
0  
0  
0  
0  
0  
0  
0  
0  
0  
0  
0  
0  
0  
0  
0  
0  
0  
0  
0  
2 T 1211419466.527000 R 
0  
0  
0  
0  
0  
0  
0  
0  
0  
0  
0  
0  
0  
0  
0  
0  
0  
0  
0  
0  
0  
0  
0  
0  
0  
0  
0  
0  
0  
0  
0  
0  
0  
0  
0  
0  
0  
0  
0  
0  
0  
0  
0  
0  
0  
0  
0  
0  
0  
0  
0  
0  
0  
0  
0  
0  
0  
0  
0  
0  
0  
0  
0  
0  
0  
0  
0  
0  
0  
0  
0  
0  
0  
0  
0  
0  
0  
0  
0  
0  
0  
0  
0  
0  
0  
0  
0  
0  
0  
0  
0  
0  
0  
0  
0  
0  
0  
0  
0  
2 T 1211419469.828000 R 
0  
0  
0  
0  
0  
0  
0  
0  
0  
0  
0  
0  
0  
0  
0  
0  
0  
0  
0  
0  
0  
0  
0  
0  
0  
0  
0  
0  
0  
0  
0  
0  
0  
0  
0  
0  
0  
0  
0  
0  
0  
0  
0  
0  
0  
0  
0  
0  
0  
0  
0  
0  
0  
0  
0  
0  
0  
0  
0  
0  
0  
0  
0  
0  
0  
0  
0  
0  
0  
0  
0  
0  
0  
0  
0  
0  
0  
0  
0  
0  
0  
0  
0  
0  
0  
0  
0  
0  
0  
0  
0  
0  
0  
0  
0  
0  
0  
0  
0  
2 T 1211419473.129000 R 
0  
0  
0  
0  
0  
0  
0  
0  
0  
0  
0  
0  
0  
0  
0  
0  
0  
0  
0  
0  
0  
0  
0  
0  
0  
0  
0  
0  
0  
0  
0  
0  
0  
0  
0  
0  
0  
0  
0  
0  
0  
0  
0  
0  
0  
0  
0  
0  
0  
0  
0  
0  
0  
0  
0  
0  
0  
0  
0  
0  
0  
0  
0  
0  
0  
0  
0  
0  
0  
0  
0  
0  
0  
0  
0  
0  
0  
0  
0  
0  
0  
0  
0  
0  
0  
0  
0  
0  
0  
0  
0  
0  
0  
0  
0  
0  
0  
0  
0  
2 T 1211419476.430000 R 
0  
0  
0  
0  
0  
0  
0  
0  
0  
0  
0  
0  
0  
0  
0  
0  
0  
0  
0  
0  
0  
0  
0  
0  
0  
0  
0  
0  
0  
0  
0  
0  
0  
0  
0  
0  
0  
0  
0  
0  
0  
0  
0  
0  
0  
0  
0  
0  
0  
0  
0  
0  
0  
0  
0  
0  
0  
0  
0  
0  
0  
0  
0  
0  
0  
0  
0  
0  
0  
0  
0  
0  
0  
0  
0  
0  
0  
0  
0  
0  
0  
0  
0  
0  
0  
0  
0  
0  
0  
0  
0  
0  
0  
0  
0  
0  
0  
0  
0  
2 T 1211419479.730000 R 
0  
0  
0  
0  
0  
0  
0  
0  
0  
0  
0  
0  
0  
0  
0  
0  
0  
0  
0  
0  
0  
0  
0  
0  
0  
0  
0  
0  
0  
0  
0  
0  
0  
0  
0  
0  
0  
0  
0  
0  
0  
0  
0  
0  
0  
0  
0  
0  
0  
0  
0  
0  
0  
0  
0  
0  
0  
0  
0  
0  
0  
0  
0  
0  
0  
0  
0  
0  
0  
0  
0  
0  
0  
0  
0  
0  
0  
0  
0  
0  
0  
0  
0  
0  
0  
0  
0  
0  
0  
0  
0  
0  
0  
0  
0  
0  
0  
0  
0  
2 T 1211419483.030000 R 
0  
0  
0  
0  
0  
0  
0  
0  
0  
0  
0  
0  
0  
0  
0  
0  
0  
0  
0  
0  
0  
0  
0  
0  
0  
0  
0  
0  
0  
0  
0  
0  
0  
0  
0  
0  
0  
0  
0  
0  
0  
0  
0  
0  
0  
0  
0  
0  
0  
0  
0  
0  
0  
0  
0  
0  
0  
0  
0  
0  
0  
0  
0  
0  
0  
0  
0  
0  
0  
0  
0  
0  
0  
0  
0  
0  
0  
0  
0  
0  
0  
0  
0  
0  
0  
0  
0  
0  
0  
0  
0  
0  
0  
0  
0  
0  
0  
0  
0  
2 T 1211419486.330000 R 
0  
0  
0  
0  
0  
0  
0  
0  
0  
0  
0  
0  
0  
0  
0  
0  
0  
0  
0  
0  
0  
0  
0  
0  
0  
0  
0  
0  
0  
0  
0  
0  
0  
0  
0  
0  
0  
0  
0  
0  
0  
0  
0  
0  
0  
0  
0  
0  
0  
0  
0  
0  
0  
0  
0  
0  
0  
0  
0  
0  
0  
0  
0  
0  
0  
0  
0  
0  
0  
0  
0  
0  
0  
0  
0  
0  
0  
0  
0  
0  
0  
0  
0  
0  
0  
0  
0  
0  
0  
0  
0  
0  
0  
0  
0  
0  
0  
0  
0  
2 T 1211419489.630000 R 
0  
0  
0  
0  
0  
0  
0  
0  
0  
0  
0  
0  
0  
0  
0  
0  
0  
0  
0  
0  
0  
0  
0  
0  
0  
0  
0  
0  
0  
0  
0  
0  
0  
0  
0  
0  
0  
0  
0  
0  
0  
0  
0  
0  
0  
0  
0  
0  
0  
0  
0  
0  
0  
0  
0  
0  
0  
0  
0  
0  
0  
0  
0  
0  
0  
0  
0  
0  
0  
0  
0  
0  
0  
0  
0  
0  
0  
0  
0  
0  
0  
0  
0  
0  
0  
0  
0  
0  
0  
0  
0  
0  
0  
0  
0  
0  
0  
0  
0  
2 T 1211419492.931000 R 
0  
0  
0  
0  
0  
0  
0  
0  
0  
0  
0  
0  
0  
0  
0  
0  
0  
0  
0  
0  
0  
0  
0  
0  
0  
0  
0  
0  
0  
0  
0  
0  
0  
0  
0  
0  
0  
0  
0  
0  
0  
0  
0  
0  
0  
0  
0  
0  
0  
0  
0  
0  
0  
0  
0  
0  
0  
0  
0  
0  
0  
0  
0  
0  
0  
0  
0  
0  
0  
0  
0  
0  
0  
0  
0  
0  
0  
0  
0  
0  
0  
0  
0  
0  
0  
0  
0  
0  
0  
0  
0  
0  
0  
0  
0  
0  
0  
0  
0  
2 T 1211419496.230000 R 
0  
0  
0  
0  
0  
0  
0  
0  
0  
0  
0  
0  
0  
0  
0  
0  
0  
0  
0  
0  
0  
0  
0  
0  
0  
0  
0  
0  
0  
0  
0  
0  
0  
0  
0  
0  
0  
0  
0  
0  
0  
0  
0  
0  
0  
0  
0  
0  
0  
0  
0  
0  
0  
0  
0  
0  
0  
0  
0  
0  
0  
0  
0  
0  
0  
0  
0  
0  
0  
0  
0  
0  
0  
0  
0  
0  
0  
0  
0  
0  
0  
0  
0  
0  
0  
0  
0  
0  
0  
0  
0  
0  
0  
0  
0  
0  
0  
0  
0  
2 T 1211419499.530000 R 
0  
0  
0  
0  
0  
0  
0  
0  
0  
0  
0  
0  
0  
0  
0  
0  
0  
0  
0  
0  
0  
0  
0  
0  
0  
0  
0  
0  
0  
0  
0  
0  
0  
0  
0  
0  
0  
0  
0  
0  
0  
0  
0  
0  
0  
0  
0  
0  
0  
0  
0  
0  
0  
0  
0  
0  
0  
0  
0  
0  
0  
0  
0  
0  
0  
0  
0  
0  
0  
0  
0  
0  
0  
0  
0  
0  
0  
0  
0  
0  
0  
0  
0  
0  
0  
0  
0  
0  
0  
0  
0  
0  
0  
0  
0  
0  
0  
0  
0  
2 T 1211419502.830000 R 
0  
0  
0  
0  
0  
0  
0  
0  
0  
0  
0  
0  
0  
0  
0  
0  
0  
0  
0  
0  
0  
0  
0  
0  
0  
0  
0  
0  
0  
0  
0  
0  
0  
0  
0  
0  
0  
0  
0  
0  
0  
0  
0  
0  
0  
0  
0  
0  
0  
0  
0  
0  
0  
0  
0  
0  
0  
0  
0  
0  
0  
0  
0  
0  
0  
0  
0  
0  
0  
0  
0  
0  
0  
0  
0  
0  
0  
0  
0  
0  
0  
0  
0  
0  
0  
0  
0  
0  
0  
0  
0  
0  
0  
0  
0  
0  
0  
0  
0  
2 T 1211419506.130000 R 
0  
0  
0  
0  
0  
0  
0  
0  
0  
0  
0  
0  
0  
0  
0  
0  
0  
0  
0  
0  
0  
0  
0  
0  
0  
0  
0  
0  
0  
0  
0  
0  
0  
0  
0  
0  
0  
0  
0  
0  
0  
0  
0  
0  
0  
0  
0  
0  
0  
0  
0  
0  
0  
0  
0  
0  
0  
0  
0  
0  
0  
0  
0  
0  
0  
0  
0  
0  
0  
0  
0  
0  
0  
0  
0  
0  
0  
0  
0  
0  
0  
0  
0  
0  
0  
0  
0  
0  
0  
0  
0  
0  
0  
0  
0  
0  
0  
0  
0  
2 T 1211419509.430000 R 
0  
0  
0  
0  
0  
0  
0  
0  
0  
0  
0  
0  
0  
0  
0  
0  
0  
0  
0  
0  
0  
0  
0  
0  
0  
0  
0  
1  mm 1403 1067
0  
1  mm 1376 1014
1  mm 1300 930
1  mm 1220 873
1  mm 1111 822
1  mm 1013 792
1  mm 894 775
1  mm 803 762
1  mm 666 754
1  mm 606 760
1  mm 533 784
1  mm 448 812
1  mm 367 840
1  mm 330 857
1  mm 318 883
1  mm 318 915
1  mm 318 923
0  
0  
1  mm 313 944
1  mm 313 968
1  mm 322 985
1  mb 1 1 329 992
0  
0  
1  mb 1 0 329 992
