1207827784 seed, 60 fps, 1920x1080, fullScreen=1, version73_mouseSpeed1.000000_musicOff0_musicLoudness1.000000_webRetrySeconds16 39F5D403D9734472EB90545B8404B1BC918AF16B
0  
0  
0  
0  
0  
0  
0  
0  
1 T 1207827788.267000 
0  
0  
0  
0  
0  
0  
0  
0  
0  
0  
0  
0  
0  
0  
0  
0  
0  
0  
0  
0  
1  mm 1275 507
1  mm 1277 507
1  mm 1278 507
0  
0  
0  
0  
0  
0  
0  
0  
0  
0  
0  
0  
0  
0  
0  
0  
0  
0  
0  
0  
0  
0  
0  
0  
0  
0  
0  
0  
0  
0  
0  
0  
0  
0  
0  
0  
0  
0  
0  
0  
0  
0  
0  
0  
0  
0  
0  
0  
0  
0  
0  
0  
0  
0  
0  
0  
0  
0  
0  
0  
0  
0  
0  
0  
0  
0  
0  
0  
0  
0  
0  
0  
0  
0  
0  
0  
1 T 1207827790.236000 
0  
0  
1  mm 1282 507
0  
0  
0  
3 T 1207827790.999000 T 1207827791.001000 mm 1274 507
0  
1 T 1207827791.002000 
1 T 1207827791.017000 
1 T 1207827791.033000 
1 T 1207827791.050000 
1 T 1207827791.067000 
1 T 1207827791.083000 
1 T 1207827791.100000 
1 T 1207827791.116000 
1 T 1207827791.133000 
1 T 1207827791.150000 
1 T 1207827791.166000 
1 T 1207827791.183000 
1 T 1207827791.200000 
1 T 1207827791.217000 
1 T 1207827791.233000 
1 T 1207827791.250000 
1 T 1207827791.267000 
1 T 1207827791.283000 
1 T 1207827791.300000 
1 T 1207827791.316000 
1 T 1207827791.333000 
1 T 1207827791.350000 
2 T 1207827791.366000 mm 1272 507
2 T 1207827791.383000 mm 1269 504
2 T 1207827791.400000 mm 1268 502
2 T 1207827791.417000 mm 1268 500
2 T 1207827791.433000 mm 1268 497
2 T 1207827791.450000 mm 1268 496
2 T 1207827791.467000 mm 1268 494
2 T 1207827791.483000 mm 1268 491
2 T 1207827791.500000 mm 1269 487
2 T 1207827791.516000 mm 1271 482
2 T 1207827791.533000 mm 1274 477
2 T 1207827791.550000 mm 1275 475
2 T 1207827791.566000 mm 1277 471
2 T 1207827791.583000 mm 1278 467
2 T 1207827791.600000 mm 1280 463
2 T 1207827791.617000 mm 1282 460
2 T 1207827791.633000 mm 1284 455
2 T 1207827791.650000 mm 1286 447
2 T 1207827791.667000 mm 1287 442
2 T 1207827791.683000 mm 1288 437
2 T 1207827791.700000 mm 1290 431
2 T 1207827791.716000 mm 1291 428
2 T 1207827791.733000 mm 1292 418
2 T 1207827791.750000 mm 1292 406
2 T 1207827791.767000 mm 1292 397
2 T 1207827791.783000 mm 1292 384
2 T 1207827791.800000 mm 1292 375
2 T 1207827791.817000 mm 1292 362
2 T 1207827791.833000 mm 1292 352
2 T 1207827791.850000 mm 1292 340
2 T 1207827791.866000 mm 1292 325
2 T 1207827791.883000 mm 1292 312
2 T 1207827791.899000 mm 1292 308
2 T 1207827791.916000 mm 1292 305
2 T 1207827791.933000 mm 1292 304
2 T 1207827791.950000 mm 1292 303
1 T 1207827791.966000 
1 T 1207827791.983000 
1 T 1207827792.000000 
1 T 1207827792.016000 
1 T 1207827792.033000 
1 T 1207827792.049000 
2 T 1207827792.067000 mm 1282 303
2 T 1207827792.083000 mm 1217 330
2 T 1207827792.100000 mm 1154 354
1  mm 1038 395
1  mm 923 444
1  mm 800 514
1  mm 722 563
1  mm 657 609
1  mm 620 641
1  mm 602 656
1  mm 594 664
1  mm 587 672
1  mm 575 680
1  mm 570 683
1  mm 561 686
1  mm 551 688
1  mm 543 692
1  mm 535 697
1  mm 525 702
1  mm 522 702
1  mm 518 703
1  mm 516 703
1  mm 511 703
1  mm 497 703
1  mm 480 703
1  mm 458 706
1  mm 441 706
2 T 1207827792.516000 mm 432 707
1  mm 426 708
1  mm 425 709
0  
0  
0  
0  
1  mb 1 1 425 709
0  
0  
0  
0  
2 F 0.000000 mb 1 0 425 709
1 F 0.000000 
3 af 0 af 1 F 0.000000 
1 F 0.000000 
1 F 0.000000 
1 F 0.000000 
1 F 0.000000 
1 F 0.000000 
1 F 0.000000 
2 F 0.000000 mm 445 709
2 F 0.000000 mm 496 696
2 F 0.000000 mm 551 670
2 F 0.000000 mm 613 638
2 F 0.000000 mm 692 601
2 F 0.000000 mm 759 572
2 F 0.000000 mm 824 539
2 F 0.000000 mm 902 503
2 F 0.000000 mm 985 458
2 F 0.000000 mm 1048 423
2 F 0.000000 mm 1096 390
2 F 0.000000 mm 1126 359
2 F 0.000000 mm 1147 330
2 F 0.000000 mm 1169 299
2 F 0.000000 mm 1179 281
2 F 0.000000 mm 1186 266
2 F 0.000000 mm 1189 255
2 F 0.000000 mm 1190 246
2 F 0.000000 mm 1190 241
2 F 0.000000 mm 1187 233
2 F 0.000000 mm 1184 229
2 F 0.000000 mm 1183 228
1 F 0.000000 
2 F 0.000000 mm 1181 227
1 F 0.000000 
1 F 0.000000 
2 F 0.000000 mm 1177 217
2 F 0.000000 mm 1175 205
2 F 0.000000 mm 1174 183
2 F 0.000000 mm 1171 163
2 F 0.000000 mm 1171 144
2 F 0.000000 mm 1171 134
2 F 0.000000 mm 1171 133
1 F 0.000000 
2 F 0.000000 mb 1 1 1171 133
1 F 0.000000 
1 F 0.000000 
1 F 0.000000 
1 F 0.000000 
1 F 0.000000 
1 F 0.000000 
1  mb 1 0 1171 133
