1207954693 seed, 60 fps, 1920x1080, fullScreen=1, version73_mouseSpeed1.000000_musicOff0_musicLoudness1.000000_webRetrySeconds16 39F5D403D9734472EB90545B8404B1BC918AF16B
0  
0  
0  
0  
0  
0  
0  
0  
1 T 1207954697.968000 
0  
0  
0  
0  
0  
0  
0  
0  
0  
0  
0  
0  
0  
0  
0  
0  
0  
0  
0  
0  
0  
0  
0  
0  
0  
0  
0  
0  
0  
0  
0  
0  
0  
0  
0  
0  
0  
0  
0  
0  
0  
0  
0  
0  
0  
0  
0  
0  
0  
0  
0  
0  
0  
0  
0  
0  
0  
0  
0  
0  
0  
0  
0  
0  
0  
0  
0  
0  
0  
0  
0  
0  
0  
0  
0  
0  
0  
0  
0  
0  
0  
0  
0  
0  
0  
0  
0  
0  
0  
0  
0  
0  
0  
0  
0  
0  
0  
0  
0  
1 T 1207954699.956000 
0  
0  
0  
0  
0  
0  
2 T 1207954700.782000 T 1207954700.785000 
0  
0  
1 T 1207954700.801000 
1 T 1207954700.817000 
1 T 1207954700.834000 
1 T 1207954700.851000 
1 T 1207954700.867000 
1 T 1207954700.884000 
1 T 1207954700.900000 
1 T 1207954700.972000 
1 T 1207954700.973000 
0  
0  
1 T 1207954700.983000 
1 T 1207954701.000000 
1 T 1207954701.017000 
1 T 1207954701.034000 
1 T 1207954701.051000 
1 T 1207954701.067000 
1 T 1207954701.084000 
1 T 1207954701.100000 
1 T 1207954701.117000 
1 T 1207954701.134000 
1 T 1207954701.150000 
1 T 1207954701.167000 
1 T 1207954701.184000 
1 T 1207954701.201000 
1 T 1207954701.217000 
1 T 1207954701.234000 
1 T 1207954701.251000 
1 T 1207954701.267000 
1 T 1207954701.284000 
1 T 1207954701.300000 
1 T 1207954701.317000 
1 T 1207954701.334000 
1 T 1207954701.350000 
1 T 1207954701.367000 
1 T 1207954701.384000 
1 T 1207954701.400000 
1 T 1207954701.417000 
1 T 1207954701.434000 
1 T 1207954701.450000 
1 T 1207954701.467000 
1 T 1207954701.484000 
1 T 1207954701.500000 
1 T 1207954701.517000 
1 T 1207954701.533000 
1 T 1207954701.550000 
1 T 1207954701.567000 
1 T 1207954701.584000 
1 T 1207954701.600000 
1 T 1207954701.617000 
1 T 1207954701.634000 
1 T 1207954701.650000 
1 T 1207954701.667000 
1 T 1207954701.683000 
1 T 1207954701.700000 
1 T 1207954701.717000 
1 T 1207954701.733000 
1 T 1207954701.750000 
1 T 1207954701.767000 
1 T 1207954701.784000 
1 T 1207954701.800000 
1 T 1207954701.817000 
1 T 1207954701.833000 
1 T 1207954701.850000 
1 T 1207954701.867000 
1 T 1207954701.883000 
0  
0  
0  
0  
0  
0  
0  
0  
0  
0  
0  
0  
0  
0  
0  
0  
0  
0  
0  
0  
0  
0  
0  
0  
1 T 1207954702.300000 
0  
0  
1  mm 986 524
1  mm 1021 514
1  mm 1062 503
1  mm 1105 493
1  mm 1158 483
1  mm 1211 465
1  mm 1244 456
1  mm 1284 444
1  mm 1316 437
1  mm 1361 424
1  mm 1385 419
1  mm 1410 419
1  mm 1434 418
1  mm 1456 417
1  mm 1474 417
1  mm 1488 417
1  mm 1504 417
1  mm 1518 417
1  mm 1536 420
1  mm 1553 425
1  mm 1574 428
1  mm 1595 434
1  mm 1603 438
1  mm 1609 443
1  mm 1609 444
1  mm 1611 445
1  mm 1612 447
1  mm 1613 451
1  mm 1614 457
1  mm 1618 462
1  mm 1619 468
1  mm 1621 475
1  mm 1621 482
1  mm 1621 485
1  mm 1621 489
1  mm 1621 492
1  mm 1621 495
1  mm 1621 499
1  mm 1621 502
1  mm 1620 504
1  mm 1620 507
1  mm 1618 509
1  mm 1617 511
0  
1  mm 1616 512
1  mm 1615 515
1  mm 1614 515
1  mm 1612 517
1  mm 1611 517
1  mm 1610 518
1  mm 1608 519
1  mm 1607 520
1  mm 1606 520
1  mm 1603 520
1  mm 1602 521
1  mm 1600 522
1  mm 1599 522
0  
0  
0  
0  
0  
0  
0  
1  mm 1597 523
1  mm 1593 533
1  mm 1592 538
1  mm 1588 549
1  mm 1587 560
1  mm 1586 589
1  mm 1586 610
1  mm 1586 637
1  mm 1586 663
1  mm 1585 689
1  mm 1583 706
1  mm 1582 718
1  mm 1582 730
1  mm 1582 746
1  mm 1582 763
1  mm 1582 788
1  mm 1582 812
1  mm 1582 829
1  mm 1584 846
1  mm 1587 857
1  mm 1589 868
1  mm 1591 879
1  mm 1594 891
1  mm 1594 904
1  mm 1594 916
1  mm 1594 924
1  mm 1594 929
1  mm 1591 935
1  mm 1587 938
1  mm 1584 941
1  mm 1576 946
1  mm 1571 946
1  mm 1568 948
2 T 1207954703.966000 mm 1567 949
1  mm 1565 949
1  mm 1562 951
1  mm 1558 954
1  mm 1552 957
1  mm 1548 957
1  mm 1542 958
1  mm 1539 958
1  mm 1534 958
1  mm 1532 958
1  mm 1531 959
1  mm 1530 959
0  
0  
0  
0  
0  
0  
0  
0  
0  
0  
0  
0  
0  
0  
0  
0  
0  
0  
0  
0  
0  
0  
0  
0  
0  
0  
0  
0  
0  
0  
0  
0  
0  
0  
0  
0  
1  mm 1530 955
1  mm 1549 904
1  mm 1561 864
1  mm 1569 817
1  mm 1572 764
1  mm 1572 703
1  mm 1572 665
1  mm 1569 640
1  mm 1566 621
1  mm 1554 593
1  mm 1551 582
1  mm 1547 575
1  mm 1546 573
1  mm 1544 569
1  mm 1544 568
1  mm 1544 565
1  mm 1544 563
0  
1  mm 1544 562
1  mm 1544 556
1  mm 1544 552
1  mm 1548 543
1  mm 1549 542
0  
0  
0  
0  
0  
0  
0  
0  
0  
0  
0  
0  
0  
0  
0  
0  
0  
0  
0  
0  
0  
0  
0  
0  
0  
0  
0  
0  
0  
1 T 1207954705.632000 
0  
0  
0  
0  
0  
0  
0  
0  
0  
0  
0  
0  
0  
0  
0  
0  
0  
0  
0  
0  
0  
0  
0  
0  
0  
0  
0  
0  
0  
0  
0  
0  
0  
0  
0  
0  
0  
0  
0  
0  
0  
0  
0  
0  
0  
0  
0  
0  
0  
0  
0  
0  
0  
0  
0  
0  
0  
1  mb 1 1 1549 542
0  
0  
0  
0  
0  
0  
0  
0  
0  
0  
0  
2 T 1207954706.802000 mb 1 0 1549 542
0  
0  
0  
0  
0  
2  kd 27 1549 542 ku 27 1549 542
0  
0  
1  sd 113 1549 542
1  kd 37 1549 542
