1207816176 seed, 60 fps, 1920x1080, fullScreen=1, version73_mouseSpeed1.000000_musicOff0_musicLoudness1.000000_webRetrySeconds16 39F5D403D9734472EB90545B8404B1BC918AF16B
3 T 1207816177.886000 mm 960 540 mm 974 541
0  
1  mm 959 547
0  
0  
0  
0  
0  
0  
0  
0  
0  
0  
0  
0  
0  
0  
0  
0  
0  
0  
0  
0  
1  mm 978 547
0  
0  
0  
0  
0  
0  
0  
0  
0  
0  
0  
0  
0  
0  
0  
0  
0  
0  
0  
0  
0  
0  
0  
0  
0  
0  
0  
0  
0  
0  
0  
0  
0  
0  
0  
0  
0  
0  
0  
0  
0  
0  
0  
0  
0  
0  
0  
0  
0  
0  
0  
0  
0  
0  
0  
0  
0  
0  
0  
0  
0  
0  
0  
0  
0  
0  
0  
0  
0  
0  
0  
0  
0  
0  
0  
1 T 1207816180.585000 
0  
0  
0  
0  
0  
0  
0  
0  
0  
0  
0  
0  
0  
0  
2 T 1207816181.512000 T 1207816181.514000 
1 T 1207816181.515000 
0  
1 T 1207816181.535000 
1 T 1207816181.552000 
1 T 1207816181.568000 
1 T 1207816181.585000 
1 T 1207816181.602000 
1 T 1207816181.618000 
1 T 1207816181.635000 
1 T 1207816181.652000 
1 T 1207816181.668000 
1 T 1207816181.685000 
1 T 1207816181.701000 
1 T 1207816181.718000 
1 T 1207816181.735000 
1 T 1207816181.752000 
1 T 1207816181.768000 
1 T 1207816181.785000 
1 T 1207816181.802000 
1 T 1207816181.818000 
1 T 1207816181.835000 
1 T 1207816181.851000 
1 T 1207816181.868000 
1 T 1207816181.885000 
1 T 1207816181.901000 
1 T 1207816181.918000 
1 T 1207816181.935000 
1 T 1207816181.952000 
1 T 1207816181.968000 
1 T 1207816181.985000 
1 T 1207816182.002000 
1 T 1207816182.018000 
1 T 1207816182.035000 
1 T 1207816182.051000 
1 T 1207816182.068000 
1 T 1207816182.085000 
1 T 1207816182.101000 
2 T 1207816182.118000 mm 980 547
2 T 1207816182.135000 mm 1009 554
2 T 1207816182.152000 mm 1055 565
2 T 1207816182.168000 mm 1130 591
2 T 1207816182.185000 mm 1216 619
2 T 1207816182.201000 mm 1347 666
2 T 1207816182.218000 mm 1423 693
2 T 1207816182.235000 mm 1464 710
2 T 1207816182.251000 mm 1487 720
2 T 1207816182.268000 mm 1510 732
2 T 1207816182.285000 mm 1531 745
2 T 1207816182.302000 mm 1554 758
2 T 1207816182.318000 mm 1567 767
2 T 1207816182.335000 mm 1579 770
2 T 1207816182.352000 mm 1585 773
2 T 1207816182.368000 mm 1586 774
1 T 1207816182.385000 
1 T 1207816182.401000 
1 T 1207816182.418000 
1 T 1207816182.434000 
2 T 1207816182.451000 mm 1583 776
2 T 1207816182.468000 mm 1573 777
2 T 1207816182.484000 mm 1559 779
2 T 1207816182.502000 mm 1544 781
2 T 1207816182.518000 mm 1532 781
2 T 1207816182.535000 mm 1527 781
2 T 1207816182.551000 mm 1524 781
1 T 1207816182.568000 
2 T 1207816182.585000 mm 1523 781
2 T 1207816182.601000 mm 1522 781
1 T 1207816182.618000 
0  
0  
0  
0  
0  
1  mm 1520 773
1  mm 1519 771
1  mm 1518 768
1  mm 1518 766
1  mm 1518 765
0  
0  
0  
0  
0  
1  mm 1516 764
2 T 1207816182.901000 mm 1509 768
1  mm 1506 770
1  mm 1503 771
0  
0  
0  
0  
0  
0  
0  
0  
0  
0  
0  
0  
0  
0  
0  
0  
0  
0  
1  mm 1490 771
1  mm 1466 776
1  mm 1425 790
1  mm 1376 810
1  mm 1336 824
1  mm 1299 832
1  mm 1269 834
1  mm 1241 834
1  mm 1211 834
1  mm 1152 829
1  mm 1097 824
1  mm 1044 821
1  mm 986 821
1  mm 901 821
1  mm 814 828
1  mm 756 835
1  mm 717 837
1  mm 692 839
1  mm 671 847
1  mm 661 852
1  mm 651 858
1  mm 615 879
1  mm 587 896
1  mm 557 911
1  mm 527 921
1  mm 495 934
1  mm 467 940
1  mm 447 946
1  mm 430 950
1  mm 408 955
1  mm 384 960
1  mm 366 967
1  mm 345 974
2  mm 336 977 mm 335 977
1  mm 334 977
0  
1  mm 332 978
0  
0  
0  
1  mm 332 977
1  mm 337 968
0  
0  
0  
1  mb 1 1 337 968
0  
0  
0  
0  
0  
1  mb 1 0 337 968
