1210989082 seed, 30 fps, 1920x1080, fullScreen=1, version30000_mouseSpeed1.000000_musicOff0_musicLoudness0.000000_webRetrySeconds16 B6F8F43F97F7D2FE50F3C1DF1E9C07E120042F41
2 T 1210989084.165000 mm 960 540
0  
0  
0  
0  
0  
0  
0  
0  
0  
0  
0  
0  
0  
0  
0  
0  
0  
0  
0  
0  
0  
0  
0  
0  
0  
0  
0  
0  
0  
0  
0  
0  
0  
0  
0  
0  
0  
0  
0  
0  
0  
0  
0  
0  
0  
0  
0  
0  
0  
0  
0  
0  
0  
0  
0  
0  
0  
0  
0  
0  
0  
0  
0  
3 T 1210989088.097000 T 1210989088.101000 mm 1701 554
2 T 1210989088.130000 mm 1648 605
2 T 1210989088.163000 mm 1617 627
2 T 1210989088.196000 mm 1609 628
1 T 1210989088.229000 
1 T 1210989088.262000 
1 T 1210989088.296000 
1 T 1210989088.328000 
2 T 1210989088.362000 mm 1605 628
2 T 1210989088.395000 mm 1569 633
2 T 1210989088.427000 mm 1538 635
2 T 1210989088.461000 mm 1514 640
1 T 1210989088.494000 
2 T 1210989088.527000 mm 1513 616
2 T 1210989088.560000 mm 1519 594
2 T 1210989088.593000 mm 1518 576
2 T 1210989088.625000 mm 1496 564
2 T 1210989088.660000 mm 1457 551
2 T 1210989088.693000 mm 1423 538
2 T 1210989088.724000 mm 1414 535
1 T 1210989088.757000 
1 T 1210989088.790000 
1 T 1210989088.823000 
2 T 1210989088.857000 mm 1439 535
2 T 1210989088.890000 mm 1470 530
2 T 1210989088.922000 mm 1482 528
1 T 1210989088.955000 
1 T 1210989088.988000 
1 T 1210989089.021000 
1 T 1210989089.054000 
1 T 1210989089.087000 
1 T 1210989089.120000 
1 T 1210989089.153000 
1 T 1210989089.186000 
1 T 1210989089.218000 
1 T 1210989089.252000 
0  
0  
0  
0  
0  
1  mb 1 1 1482 528
0  
0  
0  
2 T 1210989089.584000 mb 1 0 1482 528
0  
1 T 1210989089.729000 
1 T 1210989089.763000 
1 T 1210989089.795000 
1 T 1210989089.829000 
1 T 1210989089.863000 
1 T 1210989089.896000 
1 T 1210989089.928000 
1 T 1210989089.961000 
1 T 1210989089.995000 
1 T 1210989090.027000 
1 T 1210989090.060000 
1 T 1210989090.093000 
1 T 1210989090.126000 
1 T 1210989090.159000 
1 T 1210989090.192000 
1 T 1210989090.225000 
1 T 1210989090.258000 
1 T 1210989090.290000 
2 T 1210989090.324000 mm 1487 528
1 T 1210989090.357000 
1 T 1210989090.390000 
1 T 1210989090.423000 
1 T 1210989090.455000 
1 T 1210989090.490000 
1 T 1210989090.521000 
1 T 1210989090.555000 
6 T 1210989090.588000 xs 0 2 16 534E0A302F3230300A33330A39360A23 xs 0 2 0 xs 0 0 7 T 1210989090.590000 T 1210989090.594000 
1 T 1210989090.622000 
1 T 1210989090.655000 
1 T 1210989090.689000 
1 T 1210989090.721000 
1 T 1210989090.754000 
1 T 1210989090.787000 
1 T 1210989090.820000 
1 T 1210989090.853000 
1 T 1210989090.886000 
1 T 1210989090.919000 
1 T 1210989090.952000 
1 T 1210989090.985000 
1 T 1210989091.018000 
1 T 1210989091.050000 
1 T 1210989091.083000 
1 T 1210989091.116000 
1 T 1210989091.151000 
1 T 1210989091.183000 
1 T 1210989091.216000 
1 T 1210989091.249000 
1 T 1210989091.282000 
1 T 1210989091.316000 
1 T 1210989091.348000 
1 T 1210989091.381000 
1 T 1210989091.414000 
1 T 1210989091.447000 
1 T 1210989091.480000 
1 T 1210989091.513000 
1 T 1210989091.547000 
1 T 1210989091.579000 
1 T 1210989091.612000 
1 T 1210989091.645000 
1 T 1210989091.678000 
1 T 1210989091.712000 
0  
0  
0  
0  
0  
1  mm 1493 523
1  mm 1499 517
0  
0  
0  
0  
1  mm 1502 517
0  
1  mm 1472 517
1  mm 1358 534
1  mm 1221 590
1  mm 985 719
1  mm 764 849
1  mm 642 928
1  mm 593 954
1  mm 552 972
1  mm 519 981
1  mm 493 989
1  mm 476 992
1  mm 450 993
1  mm 424 988
1  mm 407 976
2 T 1210989092.634000 mm 397 966
1  mm 392 958
1  mm 387 956
0  
1  mm 386 956
0  
0  
0  
0  
0  
0  
0  
1  mb 1 1 386 956
0  
0  
1  mb 1 0 386 956
