1209909143 seed, 30 fps, 1920x1080, fullScreen=1, version92_mouseSpeed1.000000_musicOff0_musicLoudness0.000000_webRetrySeconds16 C9D74419A2535F84DF34E60D70CCF355B4A3FD5B
2 T 1209909144.362000 mm 1101 514
0  
1  mm 1119 518
0  
1  mm 1119 519
1  mm 1118 519
0  
0  
1  mm 1117 520
0  
0  
0  
0  
0  
0  
0  
0  
0  
0  
0  
0  
0  
0  
0  
0  
0  
0  
0  
0  
0  
0  
0  
0  
0  
0  
1  mm 1118 524
1  mm 1132 533
1  mm 1143 539
1  mm 1146 541
1  mm 1149 542
0  
0  
0  
1  mm 1157 545
1  mm 1173 550
1  mm 1185 554
1  mm 1190 557
0  
0  
0  
1  mm 1196 558
1  mm 1232 560
1  mm 1282 567
1  mm 1314 568
1  mm 1328 568
1  mm 1344 568
1  mm 1346 568
1  mm 1347 568
1  mm 1348 568
0  
1  kd 27 1348 568
0  
0  
0  
0  
1  ku 27 1348 568
0  
0  
0  
0  
0  
0  
0  
0  
0  
0  
1  sd 113 1348 568
0  
0  
0  
0  
0  
0  
0  
0  
0  
0  
0  
0  
0  
0  
0  
1  kd 37 1348 568
