1208509501 seed, 30 fps, 1920x1080, fullScreen=1, version77_mouseSpeed1.000000_musicOff0_musicLoudness1.000000_webRetrySeconds16 A8E911AAD8A71F20E335AC9B5460F7FDD709DC70
2 T 1208509503.667000 mm 861 563
0  
1  mm 969 555
1  mm 965 555
1  mm 963 555
0  
0  
0  
0  
0  
0  
0  
0  
0  
0  
0  
0  
1  mm 964 555
1  mm 975 555
1  mm 981 555
1  mm 985 554
1  mm 989 554
0  
1  mm 992 554
0  
0  
0  
0  
0  
0  
0  
0  
0  
0  
1  mm 1000 554
1  mm 1006 554
0  
0  
0  
0  
0  
0  
0  
0  
1  mm 1017 554
1  mm 1073 568
1  mm 1117 576
1  mm 1125 577
1  mm 1134 577
1  mm 1172 578
1  mm 1228 588
1  mm 1266 590
1  mm 1267 591
1  mm 1263 590
1  mm 1261 590
1  mm 1252 590
0  
0  
0  
0  
0  
0  
0  
0  
2 T 1208509507.718000 T 1208509507.720000 
1 T 1208509507.750000 
1 T 1208509507.783000 
1 T 1208509507.817000 
1 T 1208509507.850000 
1 T 1208509507.882000 
1 T 1208509507.915000 
1 T 1208509507.949000 
1 T 1208509507.981000 
1 T 1208509508.015000 
1 T 1208509508.048000 
1 T 1208509508.080000 
1 T 1208509508.113000 
1 T 1208509508.146000 
1 T 1208509508.179000 
2 T 1208509508.212000 mm 1254 590
2 T 1208509508.246000 mm 1285 591
2 T 1208509508.278000 mm 1312 594
2 T 1208509508.312000 mm 1313 594
1 T 1208509508.344000 
1 T 1208509508.377000 
1 T 1208509508.411000 
1 T 1208509508.444000 
1 T 1208509508.476000 
1 T 1208509508.509000 
1 T 1208509508.542000 
1 T 1208509508.575000 
1 T 1208509508.609000 
2 T 1208509508.641000 mm 1321 613
2 T 1208509508.674000 mm 1323 651
2 T 1208509508.707000 mm 1320 689
2 T 1208509508.741000 mm 1284 729
2 T 1208509508.773000 mm 1220 756
2 T 1208509508.806000 mm 1126 769
2 T 1208509508.839000 mm 1030 795
2 T 1208509508.873000 mm 888 834
1  mm 753 867
1  mm 663 882
1  mm 609 897
1  mm 571 908
1  mm 534 918
1  mm 482 934
1  mm 435 945
1  mm 408 950
1  mm 406 951
1  mm 404 951
1  mm 398 951
1  mm 395 951
0  
1  mb 1 1 395 951
0  
0  
1  mb 1 0 395 951
