1209732887 seed, 30 fps, 1920x1080, fullScreen=1, version89_mouseSpeed1.000000_musicOff0_musicLoudness0.000000_webRetrySeconds16 051479CA4954BD38774A47614274DFCB41698172
2 T 1209732889.427000 mm 960 540
0  
0  
0  
0  
0  
0  
0  
0  
0  
0  
0  
0  
0  
0  
0  
0  
0  
0  
0  
0  
0  
0  
0  
0  
0  
0  
0  
0  
0  
0  
0  
0  
0  
0  
0  
0  
0  
0  
0  
0  
0  
0  
0  
0  
0  
0  
0  
0  
0  
0  
0  
0  
0  
0  
0  
0  
0  
0  
0  
0  
0  
0  
0  
2 T 1209732892.985000 T 1209732892.988000 
1 T 1209732893.017000 
1 T 1209732893.051000 
1 T 1209732893.084000 
1 T 1209732893.118000 
1 T 1209732893.150000 
1 T 1209732893.182000 
1 T 1209732893.216000 
1 T 1209732893.249000 
1 T 1209732893.282000 
1 T 1209732893.316000 
1 T 1209732893.348000 
1 T 1209732893.381000 
1 T 1209732893.414000 
1 T 1209732893.447000 
1 T 1209732893.480000 
1 T 1209732893.513000 
1 T 1209732893.546000 
1 T 1209732893.579000 
1 T 1209732893.612000 
1 T 1209732893.645000 
1 T 1209732893.678000 
1 T 1209732893.712000 
1 T 1209732893.744000 
1 T 1209732893.776000 
1 T 1209732893.810000 
1 T 1209732893.844000 
1 T 1209732893.876000 
1 T 1209732893.909000 
1 T 1209732893.942000 
1 T 1209732893.975000 
1 T 1209732894.008000 
1 T 1209732894.041000 
1 T 1209732894.074000 
1 T 1209732894.108000 
1 T 1209732894.139000 
0  
0  
0  
0  
0  
0  
0  
0  
0  
0  
0  
0  
0  
0  
0  
0  
0  
0  
0  
0  
0  
0  
0  
0  
0  
0  
0  
0  
0  
0  
0  
0  
0  
0  
0  
0  
0  
0  
0  
0  
0  
0  
0  
0  
0  
0  
0  
0  
0  
0  
0  
0  
0  
0  
0  
0  
0  
0  
0  
0  
0  
0  
0  
0  
0  
0  
0  
0  
0  
0  
0  
0  
0  
0  
0  
0  
0  
0  
0  
0  
0  
0  
0  
0  
0  
0  
0  
0  
0  
0  
0  
0  
0  
0  
0  
0  
0  
0  
0  
1 T 1209732897.441000 
0  
0  
0  
0  
0  
0  
0  
0  
0  
0  
0  
0  
0  
0  
0  
0  
0  
0  
0  
0  
0  
0  
0  
0  
0  
0  
0  
0  
0  
0  
0  
0  
0  
0  
0  
0  
0  
0  
0  
0  
0  
0  
0  
0  
0  
0  
0  
0  
0  
0  
0  
0  
0  
0  
0  
0  
0  
0  
0  
0  
0  
0  
0  
0  
0  
0  
0  
0  
0  
0  
0  
0  
0  
0  
0  
0  
0  
0  
0  
0  
0  
0  
0  
0  
0  
0  
0  
0  
0  
0  
0  
0  
0  
0  
0  
0  
0  
0  
0  
1 T 1209732900.740000 
0  
0  
0  
0  
0  
0  
0  
0  
0  
0  
0  
0  
0  
0  
0  
0  
0  
0  
0  
0  
0  
0  
0  
0  
0  
0  
0  
0  
0  
0  
0  
0  
0  
0  
0  
0  
0  
0  
0  
0  
0  
0  
0  
0  
0  
0  
0  
0  
0  
0  
0  
0  
0  
0  
0  
0  
0  
0  
0  
0  
0  
0  
0  
0  
0  
0  
0  
0  
0  
0  
0  
0  
0  
0  
0  
0  
0  
0  
0  
0  
0  
0  
0  
0  
0  
0  
0  
0  
0  
0  
0  
0  
0  
0  
0  
0  
0  
0  
0  
1 T 1209732904.040000 
0  
0  
0  
0  
0  
0  
0  
0  
0  
0  
0  
0  
0  
0  
0  
0  
0  
0  
0  
0  
0  
0  
0  
0  
0  
0  
0  
0  
0  
0  
0  
0  
0  
0  
0  
0  
0  
0  
0  
0  
0  
0  
0  
0  
0  
0  
0  
0  
0  
0  
0  
0  
0  
0  
0  
0  
0  
0  
0  
0  
0  
0  
0  
0  
0  
0  
0  
0  
0  
0  
0  
0  
0  
0  
0  
0  
0  
0  
0  
0  
1  mm 888 477
1  mm 759 480
1  mm 670 530
1  mm 615 620
1  mm 561 692
1  mm 534 730
1  mm 502 765
1  mm 461 809
1  mm 433 845
1  mm 414 871
1  mm 397 895
1  mm 394 907
1  mm 393 916
1  mm 390 920
1  mm 388 936
1  mm 379 957
1  mm 375 965
1  mm 372 966
1  mb 1 1 372 966
1 T 1209732907.339000 
0  
0  
1  mb 1 0 372 966
