1210162774 seed, 30 fps, 1920x1080, fullScreen=1, version93_mouseSpeed1.000000_musicOff0_musicLoudness0.000000_webRetrySeconds16 2FF7EFE6CB93DEBA90A2E44446089C94A7BDACB5
2 T 1210162775.916000 mm 1216 606
0  
0  
0  
0  
0  
0  
0  
0  
0  
0  
0  
0  
0  
0  
0  
0  
0  
0  
0  
0  
0  
0  
0  
0  
0  
0  
0  
0  
0  
0  
0  
0  
0  
0  
0  
0  
0  
0  
0  
0  
0  
0  
0  
0  
0  
0  
0  
0  
0  
0  
0  
0  
0  
0  
0  
0  
0  
0  
0  
0  
0  
0  
0  
2 T 1210162779.565000 T 1210162779.568000 
1 T 1210162779.597000 
1 T 1210162779.631000 
1 T 1210162779.664000 
1 T 1210162779.698000 
1 T 1210162779.730000 
1 T 1210162779.763000 
1 T 1210162779.796000 
1 T 1210162779.829000 
1 T 1210162779.862000 
1 T 1210162779.895000 
1 T 1210162779.928000 
1 T 1210162779.961000 
1 T 1210162779.995000 
1 T 1210162780.027000 
1 T 1210162780.060000 
1 T 1210162780.094000 
1 T 1210162780.126000 
1 T 1210162780.160000 
1 T 1210162780.192000 
1 T 1210162780.225000 
1 T 1210162780.258000 
1 T 1210162780.292000 
1 T 1210162780.324000 
1 T 1210162780.357000 
1 T 1210162780.390000 
1 T 1210162780.423000 
1 T 1210162780.456000 
1 T 1210162780.489000 
1 T 1210162780.521000 
1 T 1210162780.555000 
1 T 1210162780.588000 
1 T 1210162780.621000 
1 T 1210162780.654000 
1 T 1210162780.687000 
1 T 1210162780.720000 
0  
0  
0  
0  
0  
0  
0  
0  
0  
0  
0  
0  
0  
0  
0  
0  
0  
0  
1  mm 1437 589
1  mm 1662 571
1  mm 1741 561
1  mm 1747 560
0  
0  
0  
1  mm 1734 560
1  mm 1669 560
1  mm 1616 560
1  mm 1598 559
1  mm 1584 558
1  mm 1567 556
1  mm 1541 547
1  mm 1540 547
0  
0  
0  
0  
0  
0  
0  
0  
0  
0  
0  
0  
0  
1  mm 1537 547
0  
0  
0  
0  
0  
0  
0  
0  
0  
0  
0  
0  
0  
0  
0  
0  
0  
0  
0  
0  
0  
0  
1  mb 1 1 1537 547
0  
0  
0  
0  
0  
0  
0  
0  
0  
0  
0  
0  
0  
0  
0  
0  
0  
0  
0  
0  
0  
0  
0  
0  
0  
0  
0  
0  
0  
1 T 1210162784.019000 
0  
0  
0  
0  
0  
0  
0  
0  
0  
0  
0  
0  
0  
0  
0  
0  
0  
0  
0  
0  
0  
0  
0  
0  
0  
0  
0  
0  
0  
0  
0  
0  
0  
0  
0  
0  
0  
0  
0  
0  
0  
0  
0  
0  
0  
0  
0  
0  
0  
0  
0  
0  
0  
0  
0  
0  
0  
0  
0  
0  
0  
0  
0  
0  
0  
0  
0  
0  
0  
0  
0  
0  
1  md 1533 554
1  md 1519 596
1  md 1500 631
1  md 1486 653
1  md 1484 661
1  md 1482 664
0  
0  
0  
0  
0  
0  
0  
0  
0  
0  
0  
1  mb 1 0 1482 664
0  
0  
0  
0  
1  mm 1518 607
1  mm 1553 562
1  mm 1568 545
1  mm 1569 542
0  
1 T 1210162787.320000 
0  
0  
0  
0  
0  
1  mm 1571 541
1  mm 1573 541
1  mm 1576 541
1  mm 1581 541
1  mm 1582 541
0  
0  
0  
0  
0  
0  
0  
0  
0  
0  
0  
0  
0  
0  
0  
0  
0  
0  
0  
0  
0  
0  
0  
0  
0  
0  
0  
0  
0  
0  
0  
0  
0  
0  
0  
0  
0  
0  
0  
0  
0  
0  
0  
0  
0  
0  
0  
0  
0  
0  
0  
0  
0  
0  
0  
0  
0  
0  
0  
0  
0  
0  
0  
0  
0  
0  
0  
0  
0  
0  
0  
0  
0  
0  
0  
0  
0  
0  
0  
0  
0  
0  
0  
0  
0  
0  
0  
0  
0  
1 T 1210162790.619000 
0  
0  
0  
0  
0  
0  
0  
0  
0  
0  
0  
0  
0  
0  
0  
0  
0  
0  
0  
0  
0  
0  
0  
0  
0  
0  
0  
0  
0  
0  
0  
0  
0  
0  
0  
0  
0  
0  
0  
0  
0  
0  
0  
0  
0  
0  
0  
0  
0  
0  
0  
0  
0  
0  
0  
0  
0  
0  
0  
0  
0  
0  
0  
0  
0  
0  
0  
0  
0  
0  
0  
0  
0  
0  
0  
0  
0  
0  
0  
0  
0  
0  
0  
0  
0  
0  
0  
0  
0  
0  
0  
0  
0  
0  
0  
0  
0  
0  
0  
1 T 1210162793.920000 
0  
0  
0  
0  
0  
0  
0  
0  
0  
0  
0  
0  
0  
0  
0  
0  
0  
0  
0  
0  
0  
0  
0  
0  
0  
1  mb 1 1 1582 541
0  
0  
0  
0  
0  
0  
0  
0  
0  
0  
0  
0  
0  
0  
0  
0  
0  
0  
0  
0  
0  
0  
0  
0  
0  
0  
0  
0  
0  
0  
0  
0  
0  
0  
0  
0  
0  
0  
0  
0  
0  
0  
0  
0  
0  
0  
0  
0  
0  
0  
0  
0  
0  
0  
0  
0  
0  
0  
0  
0  
0  
0  
0  
0  
0  
0  
0  
0  
0  
0  
0  
0  
0  
1 T 1210162797.219000 
0  
0  
0  
0  
1  md 1579 542
1  md 1515 597
1  md 1364 675
1  md 1173 736
1  md 992 779
1  md 846 823
1  md 742 857
1  md 649 887
2  mb 1 0 615 896 mm 578 905
1  mm 524 917
1  mm 481 928
1  mm 440 933
1  mm 419 934
1  mm 413 934
1  mm 410 937
1  mm 397 942
1  mm 391 944
1  mm 388 946
1  mm 386 947
1  mb 1 1 384 948
0  
0  
0  
0  
1  mb 1 0 384 948
