1211196250 seed, 30 fps, 1920x1080, fullScreen=1, version98_mouseSpeed1.000000_musicOff0_musicLoudness0.000000_webRetrySeconds16 3A84615318F8E00D32AFC8D06EBEF000378BAC5B
2 T 1211196252.432000 mm 960 540
0  
0  
0  
0  
0  
0  
0  
0  
0  
0  
0  
0  
0  
0  
0  
0  
0  
0  
0  
0  
0  
0  
0  
0  
0  
0  
0  
0  
0  
0  
0  
0  
0  
0  
0  
0  
0  
0  
0  
0  
0  
0  
0  
0  
0  
0  
0  
0  
0  
0  
0  
0  
0  
0  
0  
0  
0  
0  
0  
0  
0  
0  
0  
0  
2 T 1211196256.599000 T 1211196256.602000 
1 T 1211196256.630000 
1 T 1211196256.665000 
1 T 1211196256.697000 
1 T 1211196256.731000 
1 T 1211196256.763000 
1 T 1211196256.797000 
1 T 1211196256.874000 
1 T 1211196256.907000 
1 T 1211196256.940000 
1 T 1211196256.973000 
1 T 1211196257.007000 
1 T 1211196257.039000 
1 T 1211196257.072000 
1 T 1211196257.105000 
1 T 1211196257.139000 
1 T 1211196257.173000 
1 T 1211196257.204000 
1 T 1211196257.237000 
1 T 1211196257.271000 
1 T 1211196257.304000 
1 T 1211196257.336000 
1 T 1211196257.370000 
1 T 1211196257.402000 
1 T 1211196257.435000 
1 T 1211196257.469000 
1 T 1211196257.501000 
1 T 1211196257.533000 
1 T 1211196257.567000 
1 T 1211196257.600000 
1 T 1211196257.634000 
1 T 1211196257.666000 
1 T 1211196257.699000 
1 T 1211196257.732000 
2 T 1211196257.767000 R 
0  
0  
0  
0  
0  
0  
0  
0  
0  
0  
0  
0  
0  
0  
0  
0  
0  
0  
0  
0  
0  
0  
0  
0  
0  
0  
0  
0  
0  
0  
0  
0  
0  
0  
0  
0  
0  
0  
0  
0  
0  
0  
0  
0  
0  
0  
0  
0  
0  
0  
0  
0  
0  
0  
0  
0  
0  
0  
0  
0  
0  
0  
0  
0  
0  
0  
0  
0  
0  
0  
0  
0  
0  
0  
0  
0  
0  
0  
0  
0  
0  
0  
0  
0  
0  
0  
0  
0  
0  
0  
0  
0  
0  
0  
0  
0  
0  
0  
0  
2 T 1211196261.065000 R 
0  
0  
0  
0  
0  
0  
0  
0  
0  
0  
0  
0  
0  
0  
0  
0  
0  
0  
0  
0  
0  
0  
0  
0  
0  
0  
0  
0  
0  
0  
0  
0  
0  
0  
0  
0  
0  
0  
0  
0  
0  
0  
0  
0  
0  
0  
0  
0  
0  
0  
0  
0  
0  
0  
0  
0  
0  
0  
0  
0  
0  
0  
0  
0  
0  
0  
0  
0  
0  
0  
0  
0  
0  
0  
0  
0  
0  
0  
0  
0  
0  
0  
0  
0  
0  
0  
0  
0  
0  
0  
0  
0  
0  
0  
0  
0  
0  
0  
0  
2 T 1211196264.365000 R 
0  
0  
0  
0  
0  
0  
0  
0  
0  
0  
0  
0  
0  
0  
0  
0  
0  
0  
0  
0  
0  
0  
0  
0  
0  
0  
0  
0  
0  
0  
0  
0  
0  
0  
0  
0  
0  
0  
0  
0  
0  
0  
0  
0  
0  
0  
0  
0  
0  
0  
0  
0  
0  
0  
0  
0  
0  
0  
0  
0  
0  
0  
0  
0  
0  
0  
0  
0  
0  
0  
0  
0  
0  
0  
0  
0  
0  
0  
0  
0  
0  
0  
0  
0  
0  
0  
0  
0  
0  
0  
0  
0  
0  
0  
0  
0  
0  
0  
0  
2 T 1211196267.665000 R 
0  
0  
0  
0  
0  
0  
0  
0  
0  
0  
0  
0  
0  
0  
0  
0  
0  
0  
0  
0  
0  
0  
0  
0  
0  
0  
0  
0  
0  
0  
0  
0  
0  
0  
0  
0  
0  
0  
0  
0  
0  
0  
0  
0  
0  
0  
0  
0  
0  
0  
0  
0  
0  
0  
0  
0  
0  
0  
0  
0  
0  
0  
0  
0  
0  
0  
0  
0  
0  
0  
0  
0  
0  
0  
0  
0  
0  
0  
0  
0  
0  
0  
0  
0  
0  
0  
0  
0  
0  
0  
0  
0  
0  
0  
0  
0  
0  
0  
0  
2 T 1211196270.966000 R 
0  
0  
0  
0  
0  
0  
0  
0  
0  
0  
0  
0  
0  
0  
0  
0  
0  
0  
0  
0  
0  
0  
0  
0  
0  
0  
0  
0  
0  
0  
0  
0  
0  
0  
0  
0  
0  
0  
0  
0  
0  
0  
0  
0  
0  
0  
0  
0  
0  
0  
0  
0  
0  
0  
0  
0  
0  
0  
0  
0  
0  
0  
0  
0  
0  
0  
0  
0  
0  
0  
0  
0  
0  
0  
0  
0  
0  
0  
0  
0  
0  
0  
0  
0  
0  
0  
0  
0  
0  
0  
0  
0  
0  
0  
0  
0  
0  
0  
0  
2 T 1211196274.266000 R 
0  
0  
0  
0  
0  
0  
0  
0  
0  
0  
0  
0  
0  
0  
0  
0  
0  
0  
0  
0  
0  
0  
0  
0  
0  
0  
0  
0  
0  
0  
0  
0  
0  
0  
0  
0  
0  
0  
0  
0  
0  
0  
0  
0  
0  
0  
0  
0  
0  
0  
0  
0  
0  
0  
0  
0  
0  
0  
0  
0  
0  
0  
0  
0  
0  
0  
0  
0  
0  
0  
0  
0  
0  
0  
0  
0  
0  
0  
0  
0  
0  
0  
0  
0  
0  
0  
0  
0  
0  
0  
0  
0  
0  
0  
0  
0  
0  
0  
0  
2 T 1211196277.566000 R 
0  
0  
0  
0  
0  
0  
0  
0  
0  
0  
0  
0  
0  
0  
0  
0  
0  
0  
0  
0  
0  
0  
0  
0  
0  
0  
0  
0  
0  
0  
0  
0  
0  
0  
0  
0  
0  
0  
0  
0  
0  
0  
0  
0  
0  
0  
0  
0  
0  
0  
0  
0  
0  
0  
0  
0  
0  
0  
0  
0  
0  
0  
0  
0  
0  
0  
0  
0  
0  
0  
0  
0  
0  
0  
0  
0  
0  
0  
0  
0  
0  
0  
0  
0  
0  
0  
0  
0  
0  
0  
0  
0  
0  
0  
0  
0  
0  
0  
0  
2 T 1211196280.866000 R 
0  
0  
0  
0  
0  
0  
0  
0  
0  
0  
0  
0  
0  
0  
0  
0  
0  
0  
0  
0  
0  
0  
0  
0  
0  
0  
0  
0  
0  
0  
0  
0  
0  
0  
0  
0  
0  
0  
0  
0  
0  
0  
0  
0  
0  
0  
0  
0  
0  
0  
0  
0  
0  
0  
0  
0  
0  
0  
0  
0  
0  
0  
0  
1  mm 959 540
0  
0  
0  
1  mm 958 540
1  mm 965 540
1  mm 1117 510
1  mm 1325 492
1  mm 1500 496
1  mm 1544 499
1  mm 1553 497
1  mm 1587 486
1  mm 1589 485
0  
0  
1  mm 1589 491
1  mm 1582 513
1  mm 1575 540
1  mm 1571 553
1  mm 1568 559
1  mm 1568 561
0  
0  
1  mb 1 1 1568 561
0  
0  
2 T 1211196283.839000 mb 1 0 1568 561
0  
1 T 1211196283.983000 
1 T 1211196284.017000 
1 T 1211196284.050000 
1 T 1211196284.083000 
1 T 1211196284.117000 
1 T 1211196284.149000 
1 T 1211196284.182000 
1 T 1211196284.215000 
3 T 1211196284.248000 R R 
1 T 1211196284.281000 
1 T 1211196284.314000 
1 T 1211196284.346000 
1 T 1211196284.380000 
1 T 1211196284.414000 
1 T 1211196284.445000 
1 T 1211196284.479000 
1 T 1211196284.512000 
1 T 1211196284.545000 
1 T 1211196284.578000 
1 T 1211196284.610000 
1 T 1211196284.644000 
1 T 1211196284.677000 
1 T 1211196284.711000 
1 T 1211196284.743000 
1 T 1211196284.775000 
1 T 1211196284.809000 
8 T 1211196284.842000 xs 0 2 16 534E0A302F3230300A36350A39350A23 xs 0 2 0 R R xs 0 0 7 T 1211196284.845000 T 1211196284.849000 
1 T 1211196284.876000 
1 T 1211196284.909000 
1 T 1211196284.942000 
1 T 1211196284.974000 
1 T 1211196285.008000 
1 T 1211196285.040000 
1 T 1211196285.073000 
1 T 1211196285.107000 
1 T 1211196285.139000 
1 T 1211196285.173000 
1 T 1211196285.206000 
1 T 1211196285.239000 
1 T 1211196285.272000 
1 T 1211196285.306000 
1 T 1211196285.339000 
1 T 1211196285.372000 
1 T 1211196285.405000 
1 T 1211196285.438000 
1 T 1211196285.471000 
1 T 1211196285.503000 
1 T 1211196285.538000 
1 T 1211196285.569000 
1 T 1211196285.604000 
1 T 1211196285.636000 
1 T 1211196285.669000 
1 T 1211196285.702000 
1 T 1211196285.735000 
1 T 1211196285.768000 
1 T 1211196285.801000 
1 T 1211196285.834000 
1 T 1211196285.867000 
1 T 1211196285.901000 
1 T 1211196285.933000 
1 T 1211196285.965000 
0  
0  
0  
0  
0  
0  
0  
0  
0  
0  
0  
0  
0  
0  
0  
0  
0  
0  
0  
0  
0  
0  
0  
0  
0  
0  
0  
0  
0  
0  
0  
0  
0  
0  
0  
0  
0  
0  
0  
0  
0  
0  
0  
0  
0  
0  
0  
2 T 1211196287.548000 R 
0  
0  
0  
0  
0  
0  
0  
0  
0  
0  
0  
0  
0  
0  
1  mm 914 320
1  mm 589 329
1  mm 518 384
1  mm 446 560
1  mm 415 661
1  mm 385 702
1  mm 350 709
1  mm 275 735
1  mm 248 775
1  mm 273 846
1  mm 291 871
1  mm 292 884
1  mm 289 922
1  mm 293 936
1  mm 308 948
1  mm 325 968
1  mm 330 975
0  
0  
0  
1  mb 1 1 330 975
0  
1  mb 1 0 330 975
