1209243648 seed, 30 fps, 1920x1080, fullScreen=1, version84_mouseSpeed1.000000_musicOff0_musicLoudness0.000000_webRetrySeconds16 42465DEE661C4C80A66BFD33B6F8DBB5EF6ACF88
2 T 1209243648.626000 mm 1233 186
0  
0  
0  
0  
0  
0  
0  
0  
0  
0  
0  
0  
0  
0  
0  
0  
0  
0  
0  
0  
0  
0  
0  
0  
0  
0  
0  
0  
0  
0  
0  
0  
0  
0  
0  
0  
0  
0  
0  
0  
0  
0  
0  
0  
0  
0  
0  
0  
0  
0  
0  
0  
0  
0  
0  
0  
0  
0  
0  
0  
0  
0  
2 T 1209243652.693000 T 1209243652.697000 
1 T 1209243652.725000 
1 T 1209243652.758000 
1 T 1209243652.793000 
1 T 1209243652.824000 
1 T 1209243652.858000 
1 T 1209243652.891000 
1 T 1209243652.923000 
1 T 1209243652.956000 
1 T 1209243652.990000 
1 T 1209243653.023000 
1 T 1209243653.055000 
1 T 1209243653.090000 
1 T 1209243653.121000 
1 T 1209243653.155000 
1 T 1209243653.188000 
1 T 1209243653.220000 
1 T 1209243653.253000 
1 T 1209243653.287000 
1 T 1209243653.320000 
1 T 1209243653.353000 
1 T 1209243653.386000 
1 T 1209243653.419000 
1 T 1209243653.452000 
1 T 1209243653.484000 
1 T 1209243653.518000 
1 T 1209243653.551000 
1 T 1209243653.584000 
1 T 1209243653.616000 
1 T 1209243653.650000 
1 T 1209243653.683000 
1 T 1209243653.716000 
1 T 1209243653.749000 
1 T 1209243653.783000 
1 T 1209243653.815000 
0  
1 T 1209243653.880000 
0  
0  
0  
0  
0  
0  
0  
0  
0  
0  
0  
0  
0  
0  
0  
0  
0  
0  
0  
0  
0  
0  
0  
0  
0  
0  
0  
0  
0  
0  
0  
0  
0  
0  
0  
0  
0  
0  
0  
0  
0  
0  
0  
0  
0  
0  
0  
0  
0  
0  
0  
0  
0  
0  
0  
0  
0  
0  
0  
0  
0  
0  
0  
1  mm 1235 152
1  mm 1259 111
0  
0  
1  mm 1315 183
1  mm 1502 364
1  mm 1847 562
1  mm 1919 672
1  mm 1919 674
1  mm 1897 660
1  mm 1860 619
0  
1  mm 1847 619
1  mm 1885 639
1  mm 1919 663
0  
0  
0  
0  
0  
1  mm 1914 669
1  mm 1917 683
1  mm 1919 767
1  mm 1919 839
1  mm 1919 856
0  
1  mm 1919 844
1  mm 1919 817
1  mm 1919 799
0  
0  
0  
1  mm 1919 849
1  mm 1919 937
1  mm 1919 998
1  mm 1919 1021
2 T 1209243657.180000 mm 1919 1040
1  mm 1919 1079
0  
0  
0  
0  
0  
0  
1  mm 1917 1079
1  mm 1749 1079
1  mm 1234 1020
1  mm 802 979
1  mm 594 974
1  mm 467 982
1  mm 348 1027
1  mm 172 1079
1  mm 0 1079
0  
0  
0  
1  mm 24 1079
1  mm 80 1073
1  mm 226 993
1  mm 411 874
1  mm 586 719
1  mm 698 625
1  mm 707 623
1  mm 755 655
1  mm 846 768
1  mm 998 915
1  mm 1227 997
1  mm 1351 1003
1  mm 1403 954
2  mm 1338 863 mm 1295 838
1  mm 959 731
1  mm 546 663
1  mm 228 663
1  mm 40 722
1  mm 0 747
1  mm 0 756
1  mm 0 755
1  mm 0 741
1  mm 0 739
0  
1  mm 0 735
0  
1  mm 0 727
1  mm 0 752
1  mm 0 774
1  mm 0 778
1  mm 6 810
1  mm 152 874
1  mm 551 828
1  mm 1082 609
1  mm 1397 480
1  mm 1476 443
1  mm 1481 440
0  
1  mm 1506 432
0  
0  
0  
1  mm 1523 454
1  mm 1657 547
1  mm 1903 639
1  mm 1919 671
0  
0  
0  
0  
1  mm 1919 674
1  mm 1919 696
1  mm 1919 704
0  
1  mm 1792 691
1  mm 1450 663
1  mm 1247 667
1  mm 1226 677
0  
1  mm 1234 689
1  mm 1276 730
1  mm 1310 738
1  mm 1319 738
1  mm 1323 738
1  mm 1325 737
0  
0  
0  
0  
0  
0  
0  
0  
0  
0  
0  
0  
0  
0  
0  
1 T 1209243660.481000 
0  
0  
0  
0  
0  
0  
0  
0  
0  
1  mm 1086 821
1  mm 782 883
1  mm 673 902
1  mm 646 904
1  mm 591 917
1  mm 517 922
1  mm 418 920
1  mm 391 919
0  
0  
0  
0  
1  mm 387 928
1  mm 376 959
1  mm 372 966
0  
0  
0  
0  
0  
0  
0  
0  
0  
0  
0  
0  
0  
0  
0  
0  
0  
0  
0  
0  
0  
0  
0  
0  
0  
0  
0  
0  
0  
0  
0  
0  
0  
0  
0  
0  
1  mb 1 1 372 966
0  
0  
0  
1  mb 1 0 372 966
