1210988602 seed, 30 fps, 1920x1080, fullScreen=1, version30000_mouseSpeed1.000000_musicOff0_musicLoudness0.000000_webRetrySeconds16 B6F8F43F97F7D2FE50F3C1DF1E9C07E120042F41
2 T 1210988603.586000 mm 1919 384
0  
1  mm 1856 404
1  mm 1755 478
1  mm 1702 515
1  mm 1654 541
1  mm 1614 556
1  mm 1595 559
1  mm 1594 559
1  mm 1599 557
1  mm 1603 554
0  
0  
0  
0  
0  
0  
1  mm 1604 554
1  mm 1608 552
0  
0  
0  
0  
0  
0  
0  
0  
0  
0  
0  
0  
0  
0  
0  
0  
0  
0  
0  
0  
0  
0  
0  
0  
0  
0  
0  
0  
0  
0  
0  
0  
0  
0  
0  
0  
0  
0  
0  
0  
0  
0  
0  
0  
0  
2 T 1210988607.613000 T 1210988607.616000 
1 T 1210988607.646000 
1 T 1210988607.679000 
1 T 1210988607.713000 
1 T 1210988607.744000 
1 T 1210988607.778000 
1 T 1210988607.812000 
1 T 1210988607.844000 
1 T 1210988607.878000 
2 T 1210988607.910000 mm 1608 550
2 T 1210988607.945000 mm 1607 547
1 T 1210988607.977000 
2 T 1210988608.010000 mm 1605 546
2 T 1210988608.043000 mm 1588 544
2 T 1210988608.076000 mm 1566 540
2 T 1210988608.110000 mm 1558 537
2 T 1210988608.142000 mm 1554 537
2 T 1210988608.175000 mm 1540 535
2 T 1210988608.208000 mm 1528 534
2 T 1210988608.241000 mm 1527 532
1 T 1210988608.272000 
1 T 1210988608.307000 
1 T 1210988608.340000 
1 T 1210988608.372000 
1 T 1210988608.404000 
1 T 1210988608.439000 
1 T 1210988608.471000 
1 T 1210988608.503000 
1 T 1210988608.538000 
1 T 1210988608.571000 
1 T 1210988608.602000 
1 T 1210988608.638000 
1 T 1210988608.670000 
1 T 1210988608.703000 
1 T 1210988608.734000 
1 T 1210988608.768000 
0  
0  
0  
0  
0  
0  
0  
1  mb 1 1 1527 532
0  
0  
2 T 1210988609.134000 mb 1 0 1527 532
0  
1 T 1210988609.220000 
1 T 1210988609.254000 
1 T 1210988609.287000 
1 T 1210988609.320000 
1 T 1210988609.353000 
1 T 1210988609.386000 
1 T 1210988609.419000 
1 T 1210988609.451000 
1 T 1210988609.484000 
2 T 1210988609.519000 mm 1560 567
2 T 1210988609.551000 mm 1594 609
2 T 1210988609.585000 mm 1609 634
2 T 1210988609.616000 mm 1611 653
2 T 1210988609.650000 mm 1587 688
2 T 1210988609.682000 mm 1520 720
2 T 1210988609.716000 mm 1431 731
2 T 1210988609.749000 mm 1358 731
2 T 1210988609.782000 mm 1297 731
2 T 1210988609.815000 mm 1264 726
2 T 1210988609.848000 mm 1257 722
2 T 1210988609.881000 mm 1268 709
2 T 1210988609.914000 mm 1276 705
1 T 1210988609.947000 
1 T 1210988609.980000 
1 T 1210988610.013000 
1 T 1210988610.045000 
1 T 1210988610.080000 
1 T 1210988610.111000 
4 T 1210988610.146000 xs 0 2 0 xs 0 0 0 T 1210988610.150000 
1 T 1210988610.179000 
1 T 1210988610.211000 
1 T 1210988610.244000 
1 T 1210988610.278000 
1 T 1210988610.311000 
1 T 1210988610.343000 
1 T 1210988610.376000 
1 T 1210988610.409000 
1 T 1210988610.441000 
1 T 1210988610.476000 
1 T 1210988610.508000 
1 T 1210988610.542000 
1 T 1210988610.575000 
1 T 1210988610.607000 
1 T 1210988610.639000 
1 T 1210988610.673000 
1 T 1210988610.705000 
1 T 1210988610.739000 
1 T 1210988610.772000 
1 T 1210988610.805000 
1 T 1210988610.838000 
1 T 1210988610.871000 
1 T 1210988610.903000 
1 T 1210988610.938000 
1 T 1210988610.971000 
1 T 1210988611.003000 
1 T 1210988611.037000 
1 T 1210988611.068000 
1 T 1210988611.102000 
1 T 1210988611.135000 
1 T 1210988611.169000 
1 T 1210988611.202000 
1 T 1210988611.235000 
1 T 1210988611.268000 
0  
0  
0  
0  
1  mm 1170 709
1  mm 1026 723
1  mm 877 749
1  mm 788 776
1  mm 747 793
1  mm 739 796
1  mm 736 796
1  mm 729 801
1  mm 723 804
1  mm 720 806
0  
1  mm 716 807
1  mm 713 809
0  
0  
0  
0  
1  mm 725 810
1  mm 770 807
1  mm 882 783
2 T 1210988612.093000 mm 1031 744
1  mm 1249 675
1  mm 1407 621
1  mm 1503 580
1  mm 1520 571
1  mm 1530 564
1  mm 1546 558
1  mm 1558 553
1  mm 1572 547
1  mm 1592 540
1  mm 1604 535
0  
0  
1  mb 1 1 1604 535
0  
0  
0  
2 T 1210988612.656000 mb 1 0 1604 535
0  
1 T 1210988612.719000 
1 T 1210988612.753000 
1 T 1210988612.785000 
1 T 1210988612.819000 
1 T 1210988612.851000 
1 T 1210988612.884000 
1 T 1210988612.917000 
2 T 1210988612.951000 mm 1571 541
2 T 1210988612.984000 mm 1415 587
2 T 1210988613.016000 mm 1209 645
2 T 1210988613.049000 mm 1015 704
2 T 1210988613.082000 mm 887 756
2 T 1210988613.115000 mm 814 786
2 T 1210988613.149000 mm 793 794
2 T 1210988613.182000 mm 797 794
2 T 1210988613.216000 mm 831 793
2 T 1210988613.247000 mm 842 789
1 T 1210988613.280000 
1 T 1210988613.314000 
1 T 1210988613.345000 
1 T 1210988613.379000 
1 T 1210988613.412000 
1 T 1210988613.445000 
1 T 1210988613.478000 
1 T 1210988613.510000 
2 T 1210988613.543000 mm 842 788
1 T 1210988613.577000 
1 T 1210988613.611000 
1 T 1210988613.643000 
2 T 1210988613.676000 xs 1 2 0 
2 T 1210988613.709000 xs 1 2 0 
2 T 1210988613.742000 xs 1 2 0 
2 T 1210988613.775000 xs 1 2 0 
2 T 1210988613.809000 xs 1 2 0 
2 T 1210988613.841000 xs 1 2 0 
2 T 1210988613.874000 xs 1 2 0 
2 T 1210988613.908000 xs 1 2 0 
2 T 1210988613.939000 xs 1 2 0 
2 T 1210988613.972000 xs 1 2 0 
2 T 1210988614.006000 xs 1 2 0 
2 T 1210988614.039000 xs 1 2 0 
2 T 1210988614.072000 xs 1 2 0 
2 T 1210988614.105000 xs 1 2 0 
2 T 1210988614.138000 xs 1 2 0 
2 T 1210988614.170000 xs 1 2 0 
2 T 1210988614.203000 xs 1 2 0 
2 T 1210988614.237000 xs 1 2 0 
2 T 1210988614.271000 xs 1 2 0 
2 T 1210988614.302000 xs 1 2 0 
2 T 1210988614.335000 xs 1 2 0 
2 T 1210988614.370000 xs 1 2 0 
2 T 1210988614.402000 xs 1 2 0 
2 T 1210988614.434000 xs 1 2 0 
2 T 1210988614.468000 xs 1 2 0 
2 T 1210988614.501000 xs 1 2 0 
2 T 1210988614.534000 xs 1 2 0 
2 T 1210988614.568000 xs 1 2 0 
2 T 1210988614.601000 xs 1 2 0 
2 T 1210988614.633000 xs 1 2 0 
2 T 1210988614.666000 xs 1 2 0 
2 T 1210988614.699000 xs 1 2 0 
2 T 1210988614.732000 xs 1 2 0 
2 T 1210988614.766000 xs 1 2 0 
2 T 1210988614.798000 xs 1 2 0 
2 T 1210988614.831000 xs 1 2 0 
2 T 1210988614.864000 xs 1 2 0 
2 T 1210988614.896000 xs 1 2 0 
2 T 1210988614.930000 xs 1 2 0 
2 T 1210988614.962000 xs 1 2 0 
2 T 1210988614.996000 xs 1 2 0 
2 T 1210988615.029000 xs 1 2 0 
2 T 1210988615.063000 xs 1 2 0 
2 T 1210988615.095000 xs 1 2 0 
2 T 1210988615.128000 xs 1 2 0 
2 T 1210988615.162000 xs 1 2 0 
2 T 1210988615.194000 xs 1 2 0 
2 T 1210988615.228000 xs 1 2 0 
2 T 1210988615.260000 xs 1 2 0 
2 T 1210988615.293000 xs 1 2 0 
2 T 1210988615.327000 xs 1 2 0 
2 T 1210988615.358000 xs 1 2 0 
2 T 1210988615.392000 xs 1 2 0 
2 T 1210988615.424000 xs 1 2 0 
2 T 1210988615.458000 xs 1 2 0 
2 T 1210988615.491000 xs 1 2 0 
2 T 1210988615.524000 xs 1 2 0 
2 T 1210988615.557000 xs 1 2 0 
2 T 1210988615.589000 xs 1 2 0 
2 T 1210988615.622000 xs 1 2 0 
2 T 1210988615.655000 xs 1 2 0 
2 T 1210988615.690000 xs 1 2 0 
2 T 1210988615.722000 xs 1 2 0 
2 T 1210988615.755000 xs 1 2 0 
2 T 1210988615.788000 xs 1 2 0 
2 T 1210988615.821000 xs 1 2 0 
2 T 1210988615.854000 xs 1 2 0 
2 T 1210988615.887000 xs 1 2 0 
2 T 1210988615.920000 xs 1 2 0 
2 T 1210988615.953000 xs 1 2 0 
2 T 1210988615.985000 xs 1 2 0 
2 T 1210988616.020000 xs 1 2 0 
2 T 1210988616.053000 xs 1 2 0 
2 T 1210988616.085000 xs 1 2 0 
2 T 1210988616.119000 xs 1 2 0 
2 T 1210988616.152000 xs 1 2 0 
2 T 1210988616.184000 xs 1 2 0 
2 T 1210988616.217000 xs 1 2 0 
2 T 1210988616.250000 xs 1 2 0 
2 T 1210988616.283000 xs 1 2 0 
2 T 1210988616.316000 xs 1 2 0 
2 T 1210988616.349000 xs 1 2 0 
2 T 1210988616.383000 xs 1 2 0 
2 T 1210988616.415000 xs 1 2 0 
2 T 1210988616.449000 xs 1 2 0 
2 T 1210988616.481000 xs 1 2 0 
2 T 1210988616.514000 xs 1 2 0 
2 T 1210988616.548000 xs 1 2 0 
2 T 1210988616.579000 xs 1 2 0 
2 T 1210988616.614000 xs 1 2 0 
2 T 1210988616.645000 xs 1 2 0 
2 T 1210988616.679000 xs 1 2 0 
3 T 1210988616.712000 xs 1 2 0 mm 855 782
3 T 1210988616.745000 xs 1 2 0 mm 886 772
3 T 1210988616.779000 xs 1 2 0 mm 909 767
3 T 1210988616.810000 xs 1 2 0 mm 926 763
3 T 1210988616.844000 xs 1 2 0 mm 942 759
3 T 1210988616.877000 xs 1 2 0 mm 955 757
3 T 1210988616.910000 xs 1 2 0 mm 969 755
3 T 1210988616.943000 xs 1 2 0 mm 987 752
4 T 1210988616.976000 xs 1 2 0 T 1210988616.977000 mm 997 749
3 T 1210988617.009000 xs 1 2 0 mm 1005 747
3 T 1210988617.042000 xs 1 2 0 mm 1022 745
3 T 1210988617.075000 xs 1 2 0 mm 1034 742
3 T 1210988617.109000 xs 1 2 0 mm 1040 742
2 T 1210988617.140000 xs 1 2 0 
2 T 1210988617.174000 xs 1 2 0 
2 T 1210988617.208000 xs 1 2 0 
2 T 1210988617.240000 xs 1 2 0 
2 T 1210988617.273000 xs 1 2 0 
2 T 1210988617.306000 xs 1 2 0 
2 T 1210988617.339000 xs 1 2 0 
2 T 1210988617.372000 xs 1 2 0 
2 T 1210988617.404000 xs 1 2 0 
2 T 1210988617.438000 xs 1 2 0 
2 T 1210988617.471000 xs 1 2 0 
2 T 1210988617.504000 xs 1 2 0 
2 T 1210988617.537000 xs 1 2 0 
2 T 1210988617.570000 xs 1 2 0 
2 T 1210988617.603000 xs 1 2 0 
3 T 1210988617.637000 xs 1 2 0 mb 1 1 1040 742
2 T 1210988617.669000 xs 1 2 0 
2 T 1210988617.701000 xs 1 2 0 
2 T 1210988617.734000 xs 1 2 0 
2 T 1210988617.768000 xs 1 2 0 
3 T 1210988617.801000 xs 1 2 0 mb 1 0 1040 742
2 T 1210988617.835000 xs 1 2 0 
2 T 1210988617.868000 xs 1 2 0 
2 T 1210988617.899000 xs 1 2 0 
2 T 1210988617.933000 xs 1 2 0 
2 T 1210988617.966000 xs 1 2 0 
2 T 1210988617.998000 xs 1 2 0 
2 T 1210988618.032000 xs 1 2 0 
2 T 1210988618.066000 xs 1 2 0 
2 T 1210988618.098000 xs 1 2 0 
3 T 1210988618.134000 xs 1 2 0 kd 27 1040 742
2 T 1210988618.164000 xs 1 2 0 
2 T 1210988618.197000 xs 1 2 0 
2 T 1210988618.230000 xs 1 2 0 
2 T 1210988618.262000 xs 1 2 0 
2 T 1210988618.296000 xs 1 2 0 
3 T 1210988618.329000 xs 1 2 0 ku 27 1040 742
2 T 1210988618.362000 xs 1 2 0 
2 T 1210988618.396000 xs 1 2 0 
2 T 1210988618.428000 xs 1 2 0 
3 T 1210988618.462000 xs 1 2 0 sd 113 1040 742
2 T 1210988618.494000 xs 1 2 0 
2 T 1210988618.527000 xs 1 2 0 
2 T 1210988618.560000 xs 1 2 0 
2 T 1210988618.593000 xs 1 2 0 
2 T 1210988618.626000 xs 1 2 0 
2 T 1210988618.658000 xs 1 2 0 
2 T 1210988618.692000 xs 1 2 0 
2 T 1210988618.725000 xs 1 2 0 
2 T 1210988618.758000 xs 1 2 0 
1  kd 37 1040 742
