1210197043 seed, 30 fps, 1920x1080, fullScreen=1, version94_mouseSpeed1.000000_musicOff0_musicLoudness0.000000_webRetrySeconds16 D98839918ABF31C77B103A0471474BD6CE49B0CB
2 T 1210197044.657000 mm 1524 544
0  
0  
0  
0  
0  
0  
0  
0  
0  
0  
0  
0  
0  
0  
0  
0  
0  
0  
0  
0  
0  
0  
0  
0  
0  
0  
0  
0  
0  
0  
0  
0  
0  
0  
1  mm 1582 544
0  
0  
0  
0  
0  
0  
0  
0  
0  
0  
0  
0  
0  
0  
0  
0  
0  
0  
0  
0  
0  
0  
0  
0  
0  
0  
0  
0  
2 T 1210197048.463000 T 1210197048.466000 
1 T 1210197048.494000 
1 T 1210197048.528000 
1 T 1210197048.561000 
1 T 1210197048.594000 
1 T 1210197048.628000 
1 T 1210197048.660000 
1 T 1210197048.692000 
1 T 1210197048.725000 
1 T 1210197048.759000 
1 T 1210197048.791000 
1 T 1210197048.825000 
1 T 1210197048.858000 
1 T 1210197048.890000 
1 T 1210197048.924000 
1 T 1210197048.958000 
1 T 1210197048.990000 
1 T 1210197049.023000 
1 T 1210197049.055000 
1 T 1210197049.088000 
1 T 1210197049.121000 
1 T 1210197049.155000 
1 T 1210197049.188000 
1 T 1210197049.221000 
1 T 1210197049.253000 
1 T 1210197049.286000 
1 T 1210197049.320000 
1 T 1210197049.353000 
1 T 1210197049.386000 
1 T 1210197049.419000 
1 T 1210197049.452000 
1 T 1210197049.485000 
1 T 1210197049.518000 
1 T 1210197049.551000 
1 T 1210197049.583000 
1 T 1210197049.616000 
0  
0  
0  
0  
0  
0  
0  
0  
0  
0  
0  
0  
0  
0  
0  
0  
0  
0  
0  
0  
0  
0  
0  
0  
0  
0  
0  
0  
0  
0  
0  
0  
0  
0  
0  
0  
0  
0  
0  
0  
0  
0  
0  
0  
0  
0  
0  
0  
0  
0  
0  
0  
0  
0  
0  
0  
0  
0  
0  
0  
0  
0  
0  
0  
0  
0  
0  
0  
0  
0  
0  
0  
0  
0  
0  
0  
0  
0  
0  
0  
0  
0  
0  
0  
0  
0  
0  
0  
0  
0  
0  
0  
0  
0  
0  
0  
0  
0  
0  
1 T 1210197052.916000 
0  
0  
0  
0  
0  
0  
0  
0  
0  
0  
0  
0  
0  
0  
0  
0  
0  
0  
0  
0  
0  
0  
0  
0  
0  
0  
0  
0  
1  mm 1514 544
1  mm 1497 545
1  mm 1492 545
1  mm 1482 545
1  mm 1449 536
1  mm 1388 525
1  mm 1327 513
1  mm 1266 503
1  mm 1232 500
1  mm 1222 500
1  mm 1219 500
1  mm 1204 500
1  mm 1164 513
1  mm 1124 540
1  mm 1046 582
1  mm 949 633
1  mm 934 644
1  mm 926 658
1  mm 924 675
1  mm 938 700
1  mm 1021 731
1  mm 1194 731
1  mm 1356 692
1  mm 1565 589
1  mm 1694 493
1  mm 1785 415
1  mm 1834 372
1  mm 1866 346
1  mm 1887 327
1  mm 1916 312
1  mm 1919 297
1  mm 1919 288
1  mm 1919 294
1  mm 1919 361
1  mm 1919 508
1  mm 1919 678
1  mm 1919 829
1  mm 1919 896
1  mm 1919 911
0  
1  mm 1919 883
1  mm 1919 843
1  mm 1919 812
1  mm 1919 796
1  mm 1910 777
1  mm 1888 751
1  mm 1870 742
1  mm 1854 740
1  mm 1822 739
1  mm 1793 739
1  mm 1769 739
1  mm 1735 745
1  mm 1645 787
1  mm 1554 844
1  mm 1506 881
1  mm 1491 902
1  mm 1487 935
1  mm 1491 1011
1  mm 1526 1079
1  mm 1582 1079
1  mm 1642 1079
1  mm 1697 1079
1  mm 1735 1059
1  mm 1790 987
1  mm 1821 917
1  mm 1831 847
1  mm 1831 810
1  mm 1828 787
1  mm 1822 777
1  mm 1821 776
1  mm 1820 775
2 T 1210197056.217000 mm 1815 770
1  mm 1800 755
1  mm 1784 743
1  mm 1755 735
1  mm 1714 732
1  mm 1636 728
1  mm 1580 727
1  mm 1522 723
1  mm 1426 725
1  mm 1284 741
1  mm 1220 745
1  mm 1181 751
1  mm 1132 759
1  mm 1084 766
1  mm 1045 772
1  mm 995 775
1  mm 930 776
1  mm 823 779
1  mm 732 781
1  mm 643 795
1  mm 527 817
1  mm 408 853
1  mm 266 903
1  mm 79 943
1  mm 0 958
1  mm 0 967
1  mm 0 973
0  
1  mm 33 973
1  mm 159 973
1  mm 322 973
1  mm 428 973
1  mm 514 964
1  mm 634 947
1  mm 780 933
1  mm 929 915
1  mm 1155 906
1  mm 1359 904
1  mm 1464 904
1  mm 1542 904
1  mm 1639 902
1  mm 1712 891
1  mm 1719 888
1  mm 1718 884
1  mm 1489 817
1  mm 1117 737
1  mm 764 674
1  mm 436 625
1  mm 109 586
1  mm 0 560
1  mm 0 553
0  
0  
1  mm 92 546
1  mm 223 532
1  mm 334 529
1  mm 380 529
1  mm 381 529
1  mm 376 587
1  mm 376 640
1  mm 380 660
1  mm 400 677
1  mm 438 693
1  mm 457 699
1  mm 460 703
1  mm 459 756
1  mm 441 827
1  mm 436 866
1  mm 434 876
1  mm 434 886
1  mm 434 902
1  mm 432 925
1  mm 426 937
1  mm 420 942
1  mm 399 951
1  mm 378 958
1  mm 374 958
0  
0  
1  mb 1 1 374 958
0  
0  
1  mb 1 0 374 958
