1208079964 seed, 30 fps, 1920x1080, fullScreen=1, version73_mouseSpeed1.000000_musicOff0_musicLoudness1.000000_webRetrySeconds16 39F5D403D9734472EB90545B8404B1BC918AF16B
3 T 1208079965.618000 mm 1021 558 mm 1022 559
1  mm 1019 559
1  mm 955 542
0  
0  
0  
0  
0  
0  
0  
0  
0  
0  
0  
0  
0  
0  
0  
0  
0  
0  
0  
0  
0  
1  mm 954 542
1  mm 961 545
1  mm 980 545
1  mm 1014 545
1  mm 1031 546
1  mm 1032 546
0  
0  
0  
0  
0  
0  
0  
0  
0  
0  
0  
0  
0  
0  
0  
0  
0  
0  
0  
0  
0  
0  
0  
0  
0  
0  
0  
0  
0  
0  
2  mm 1045 546 mm 1047 546
1  mm 1083 543
1  mm 1092 541
0  
3 T 1208079969.193000 T 1208079969.195000 mm 1078 544
1 t 1208079969 
1 wb 0 0 
1 wb 0 0 
1 wb 0 0 
1 wb 0 0 
1 wb 0 0 
1 wb 0 0 
1 wb 0 0 
1 wb 0 0 
1 wb 0 0 
1 wb 0 0 
2 wb 0 0 mm 1106 540
2 wb 0 0 mm 1118 535
2 wb 0 0 mm 1119 534
2 wb 0 0 mm 1119 533
2 wb 0 0 mm 1119 530
5 wb 0 1 wb 0 2 87 server1.onehouronelife.com
8005
73
http://onehouronelife.com/updateServer/server.php
OK wb 0 2 87 server1.onehouronelife.com
8005
73
http://onehouronelife.com/updateServer/server.php
OK T 1208079969.754000 mm 1119 524
1  mm 1119 522
1 T 1208079969.819000 
1 T 1208079969.851000 
1 T 1208079969.884000 
1 T 1208079969.918000 
2 T 1208079969.950000 mm 1117 518
2 T 1208079969.984000 mm 1116 516
2 T 1208079970.016000 mm 1115 515
2 T 1208079970.050000 mm 1104 511
2 T 1208079970.082000 mm 1096 508
1 T 1208079970.115000 
1 T 1208079970.149000 
2 T 1208079970.181000 mm 1091 509
2 T 1208079970.214000 mm 1089 510
2 T 1208079970.248000 mm 1087 510
2 T 1208079970.281000 mm 1082 513
2 T 1208079970.314000 mm 1073 516
2 T 1208079970.347000 mm 1071 517
1 T 1208079970.379000 
2 T 1208079970.413000 mm 1070 518
2 T 1208079970.446000 mm 1064 521
2 T 1208079970.479000 mm 1060 523
2 T 1208079970.511000 mm 1056 524
2 T 1208079970.545000 mm 1050 526
2 T 1208079970.577000 mm 1044 528
2 T 1208079970.611000 mm 1040 529
2 T 1208079970.643000 mm 1037 530
1 T 1208079970.677000 
1 T 1208079970.709000 
1 T 1208079970.743000 
4 T 1208079970.775000 xs 0 2 21 534E0A33392F34300A313237333733380A37330A23 xs 0 2 0 xs 0 0 169 
2 T 1208079970.808000 xs 0 2 0 
2 T 1208079970.842000 xs 0 2 0 
2 T 1208079970.875000 xs 0 2 0 
2 T 1208079970.908000 xs 0 2 0 
2 T 1208079970.940000 xs 0 2 0 
2 T 1208079970.974000 xs 0 2 0 
2 T 1208079971.006000 xs 0 2 0 
4 T 1208079971.040000 xs 0 2 10 52454A45435445440A23 xs 0 3 -1 T 1208079971.041000 
1 T 1208079971.073000 
1 T 1208079971.105000 
1 T 1208079971.138000 
1 T 1208079971.172000 
1 T 1208079971.205000 
1 T 1208079971.238000 
1 T 1208079971.271000 
1 T 1208079971.303000 
1 T 1208079971.336000 
1 T 1208079971.369000 
1 T 1208079971.402000 
1 T 1208079971.436000 
1 T 1208079971.468000 
1 T 1208079971.502000 
2 T 1208079971.535000 mm 1034 531
2 T 1208079971.568000 mm 1012 537
2 T 1208079971.601000 mm 1003 538
1 T 1208079971.634000 
2 T 1208079971.667000 mb 1 1 1003 538
1 T 1208079971.699000 
1 T 1208079971.732000 
1 T 1208079971.765000 
1 T 1208079971.799000 
2 T 1208079971.832000 mb 1 0 1003 538
1 T 1208079971.864000 
1 T 1208079971.897000 
1 T 1208079971.930000 
1 T 1208079971.963000 
1 T 1208079971.997000 
1 T 1208079972.029000 
1 T 1208079972.062000 
2 T 1208079972.095000 mm 1010 538
2 T 1208079972.129000 mm 1019 538
2 T 1208079972.162000 mm 1021 538
0  
0  
0  
0  
0  
0  
0  
0  
0  
0  
0  
0  
0  
0  
0  
0  
0  
0  
0  
0  
0  
0  
0  
0  
0  
0  
0  
0  
0  
0  
0  
0  
0  
0  
0  
0  
1  sd 113 1021 538
0  
0  
0  
0  
0  
0  
0  
2 T 1208079973.646000 kd 85 1021 538
0  
0  
0  
0  
0  
0  
0  
1  ku 85 1021 538
0  
0  
0  
0  
0  
1  su 113 1021 538
0  
0  
0  
0  
0  
0  
0  
0  
0  
0  
0  
0  
1  kd 8 1021 538
0  
0  
0  
1  ku 8 1021 538
0  
0  
0  
0  
0  
0  
0  
0  
0  
0  
0  
0  
0  
0  
0  
1  sd 100 1021 538
0  
0  
1  su 100 1021 538
0  
0  
1  sd 100 1021 538
0  
0  
1  su 100 1021 538
0  
1  sd 100 1021 538
0  
1  su 100 1021 538
0  
1  sd 100 1021 538
0  
1  su 100 1021 538
0  
1  sd 100 1021 538
0  
0  
1  su 100 1021 538
0  
0  
0  
0  
0  
0  
0  
0  
0  
1  sd 113 1021 538
0  
0  
0  
0  
0  
0  
0  
0  
0  
0  
0  
0  
1  kd 85 1021 538
0  
0  
1  ku 85 1021 538
0  
1  su 113 1021 538
0  
0  
1 T 1208079976.947000 
0  
0  
0  
0  
0  
0  
0  
0  
0  
0  
0  
1  mm 1065 530
1  mm 1190 524
1  mm 1293 524
1  mm 1374 515
1  mm 1441 497
1  mm 1467 498
1  mm 1469 499
1  mm 1480 511
1  mm 1499 518
1  mm 1517 518
1  mm 1530 516
1  mm 1537 515
1  mb 1 1 1537 515
0  
0  
0  
2 t 1208079977 mb 1 0 1537 515
1 wb 1 0 
1 wb 1 0 
1 wb 1 0 
2 wb 1 0 t 1208079978 
1 wb 1 0 
2 wb 1 0 mm 1535 515
1 wb 1 0 
1 wb 1 0 
2 wb 1 0 mm 1528 516
2 wb 1 0 mm 1523 517
2 wb 1 0 mm 1509 525
2 wb 1 0 mm 1472 531
2 wb 1 0 mm 1417 535
2 wb 1 0 mm 1292 546
2 wb 1 0 mm 1155 546
2 wb 1 0 mm 1019 546
5 wb 1 1 wb 1 2 87 server1.onehouronelife.com
8005
73
http://onehouronelife.com/updateServer/server.php
OK wb 1 2 87 server1.onehouronelife.com
8005
73
http://onehouronelife.com/updateServer/server.php
OK T 1208079978.432000 mm 930 546
1  mm 863 546
2 T 1208079978.507000 mm 828 553
2 T 1208079978.541000 mm 814 556
2 T 1208079978.573000 mm 809 558
2 T 1208079978.607000 mm 808 558
1 T 1208079978.639000 
1 T 1208079978.673000 
1 T 1208079978.705000 
1 T 1208079978.739000 
1 T 1208079978.772000 
2 T 1208079978.804000 mm 820 555
2 T 1208079978.838000 mm 824 554
1 T 1208079978.870000 
1 T 1208079978.904000 
1 T 1208079978.937000 
1 T 1208079978.969000 
1 T 1208079979.003000 
1 T 1208079979.035000 
1 T 1208079979.069000 
1 T 1208079979.102000 
1 T 1208079979.135000 
1 T 1208079979.167000 
1 T 1208079979.201000 
1 T 1208079979.234000 
1 T 1208079979.266000 
1 T 1208079979.300000 
1 T 1208079979.333000 
1 T 1208079979.365000 
2 T 1208079979.399000 mm 830 554
5 T 1208079979.432000 xs 1 2 21 534E0A33392F34300A313237333734350A37330A23 xs 1 2 0 xs 1 0 169 mm 842 554
3 T 1208079979.465000 xs 1 2 0 mm 852 554
3 T 1208079979.498000 xs 1 2 0 mm 860 554
3 T 1208079979.531000 xs 1 2 0 mm 876 554
3 T 1208079979.564000 xs 1 2 0 mm 877 554
2 T 1208079979.596000 xs 1 2 0 
2 T 1208079979.630000 xs 1 2 0 
2 T 1208079979.663000 xs 1 2 0 
3 T 1208079979.695000 xs 1 2 10 52454A45435445440A23 xs 1 3 -1 
2 T 1208079979.728000 mm 876 555
2 T 1208079979.762000 mm 873 555
1 T 1208079979.794000 
1 T 1208079979.827000 
1 T 1208079979.861000 
1 T 1208079979.893000 
1 T 1208079979.927000 
1 T 1208079979.959000 
1 T 1208079979.993000 
1 T 1208079980.026000 
2 T 1208079980.059000 mm 873 553
2 T 1208079980.092000 mm 873 552
1 T 1208079980.125000 
2 T 1208079980.157000 mm 873 551
2 T 1208079980.190000 mm 873 548
2 T 1208079980.224000 mm 873 546
1 T 1208079980.256000 
2 T 1208079980.289000 mb 1 1 873 546
1 T 1208079980.323000 
1 T 1208079980.355000 
2 T 1208079980.389000 mb 1 0 873 546
1 T 1208079980.422000 
1 T 1208079980.454000 
1 T 1208079980.487000 
1 T 1208079980.520000 
1 T 1208079980.553000 
1 T 1208079980.587000 
2 T 1208079980.620000 mm 869 546
2 T 1208079980.653000 mm 864 545
2 T 1208079980.685000 mm 851 544
2 T 1208079980.718000 mm 843 544
2 T 1208079980.752000 mm 841 544
2 T 1208079980.784000 mm 833 544
2 T 1208079980.818000 mm 823 544
0  
0  
1  mm 821 542
1  mm 819 541
1  mm 818 540
0  
0  
0  
1  mm 816 540
1  mm 815 539
0  
0  
0  
0  
0  
0  
0  
0  
0  
0  
0  
0  
0  
0  
0  
0  
0  
1  kd 8 815 539
0  
0  
0  
1  ku 8 815 539
0  
1  sd 113 815 539
0  
0  
0  
0  
1  kd 79 815 539
0  
0  
1  ku 79 815 539
0  
1  su 113 815 539
0  
0  
0  
0  
0  
0  
0  
0  
0  
0  
1  mm 808 545
1  mm 805 546
0  
0  
0  
0  
0  
0  
0  
0  
0  
0  
0  
0  
0  
0  
0  
0  
0  
0  
0  
0  
0  
1  kd 111 805 546
0  
0  
0  
1  ku 111 805 546
2 T 1208079983.556000 kd 111 805 546
0  
0  
1  ku 111 805 546
0  
1  kd 111 805 546
0  
0  
1  ku 111 805 546
0  
1  kd 111 805 546
0  
0  
1  ku 111 805 546
0  
1  kd 111 805 546
0  
0  
1  ku 111 805 546
0  
1  kd 111 805 546
0  
0  
1  ku 111 805 546
0  
1  kd 111 805 546
0  
0  
1  ku 111 805 546
0  
1  kd 111 805 546
0  
0  
1  ku 111 805 546
0  
1  kd 111 805 546
0  
0  
1  ku 111 805 546
0  
1  kd 111 805 546
0  
0  
1  ku 111 805 546
0  
1  kd 111 805 546
0  
0  
1  ku 111 805 546
0  
1  kd 111 805 546
0  
1  mm 805 547
2  ku 111 844 572 mm 844 572
1  mm 896 579
2  kd 111 947 579 mm 947 579
1  mm 961 574
1  mm 963 567
2  ku 111 963 566 mm 963 566
1  mm 965 560
2  kd 111 969 554 mm 969 554
1  mm 975 551
0  
2  ku 111 941 550 mm 941 550
1  mm 889 542
2  kd 111 835 533 mm 835 533
1  mm 802 526
1  mm 795 525
1  mm 788 525
2  ku 111 775 525 mm 775 525
1  mm 773 525
1  kd 111 773 525
0  
0  
1  ku 111 773 525
0  
1  kd 111 773 525
0  
1  mm 769 526
2  ku 111 767 528 mm 767 528
1  mm 766 529
1  kd 111 766 529
0  
0  
1  mm 765 529
2  ku 111 765 531 mm 765 531
0  
1  kd 111 765 531
0  
0  
1  ku 111 765 531
0  
1  kd 111 765 531
0  
0  
2  ku 111 765 531 mb 3 1 765 531
0  
0  
0  
0  
2 T 1208079986.857000 mb 3 0 765 531
0  
0  
0  
0  
0  
0  
0  
0  
0  
0  
0  
0  
1  kd 111 765 531
0  
0  
1  ku 111 765 531
0  
1  kd 111 765 531
0  
0  
1  ku 111 765 531
0  
1  kd 111 765 531
0  
0  
1  ku 111 765 531
0  
1  kd 111 765 531
0  
0  
1  ku 111 765 531
0  
1  kd 111 765 531
0  
0  
1  ku 111 765 531
0  
1  kd 111 765 531
0  
0  
0  
1  ku 111 765 531
1  kd 111 765 531
0  
0  
1  ku 111 765 531
0  
1  kd 111 765 531
0  
1  mm 753 540
2  ku 111 731 560 mm 731 560
1  mm 714 572
2  kd 111 688 585 mm 688 585
1  mm 639 605
1  mm 581 628
1  mm 545 653
2  ku 111 515 667 mm 515 667
1  mm 486 671
2  kd 111 472 673 mm 472 673
1  mm 467 674
1  mm 451 685
2  ku 111 434 696 mm 434 696
1  mm 426 699
0  
1  kd 111 426 699
1  mb 1 1 426 699
0  
0  
3 F 0.000000 ku 111 426 699 mb 1 0 426 699
1 F 0.000000 
3 af 0 af 1 F 0.000000 
2 F 0.000000 kd 111 426 699
1 F 0.000000 
1 F 0.000000 
2 F 0.000000 ku 111 426 699
1 F 0.000000 
1 F 0.000000 
2 F 0.000000 kd 111 426 699
1 F 0.000000 
2 F 0.000000 ku 111 426 699
1 F 0.000000 
2 F 0.000000 mm 427 699
3 F 0.000000 kd 111 439 699 mm 439 699
2 F 0.000000 mm 447 696
2 F 0.000000 mm 450 696
3 F 0.000000 ku 111 454 695 mm 454 695
2 F 0.000000 mm 457 694
3 F 0.000000 kd 111 462 691 mm 462 691
2 F 0.000000 mm 464 690
1 F 0.000000 
2 F 0.000000 mm 465 689
3 F 0.000000 ku 111 469 686 mm 469 686
2 F 0.000000 mm 471 682
3 F 0.000000 kd 111 475 678 mm 475 678
2 F 0.000000 mm 475 677
1 F 0.000000 
2 F 0.000000 ku 111 475 677
1 F 0.000000 
2 F 0.000000 kd 111 475 677
2 T 1208079990.157000 F 0.000000 
2 F 0.000000 mm 476 675
3 F 0.000000 ku 111 478 673 mm 478 673
2 F 0.000000 mm 482 670
3 F 0.000000 kd 111 484 668 mm 484 668
2 F 0.000000 mm 486 664
2 F 0.000000 mm 488 661
2 F 0.000000 mm 489 658
3 F 0.000000 ku 111 491 655 mm 491 655
2 F 0.000000 mm 494 653
3 F 0.000000 kd 111 495 650 mm 495 650
2 F 0.000000 mm 499 645
1 F 0.000000 
3 F 0.000000 ku 111 502 643 mm 502 643
2 F 0.000000 mm 520 637
2 F 0.000000 mm 550 633
3 F 0.000000 kd 111 582 631 mm 582 631
2 F 0.000000 mm 627 631
2 F 0.000000 mm 673 633
3 F 0.000000 ku 111 718 656 mm 718 656
2 F 0.000000 mm 797 710
2 F 0.000000 mm 948 820
3 F 0.000000 kd 111 1037 901 mm 1037 901
2 F 0.000000 mm 1082 931
2 F 0.000000 mm 1115 954
3 F 0.000000 ku 111 1138 972 mm 1138 972
1 F 0.000000 
1 F 0.000000 
2 F 0.000000 kd 111 1138 972
2 F 0.000000 mm 1102 963
2 F 0.000000 mm 1041 930
3 F 0.000000 ku 111 995 909 mm 995 909
2 F 0.000000 mm 978 905
3 F 0.000000 kd 111 970 904 mm 970 904
2 F 0.000000 mm 963 903
2 F 0.000000 mm 961 902
2 F 0.000000 mm 959 902
2 F 0.000000 ku 111 959 902
2 F 0.000000 mb 1 1 959 902
1 F 0.000000 
1 F 0.000000 
1 F 0.000000 
3 T 1208079991.542000 T 1208079991.543000 mb 1 0 959 902
2 T 1208079991.576000 kd 111 959 902
1 T 1208079991.608000 
1 T 1208079991.642000 
2 T 1208079991.676000 ku 111 959 902
1 T 1208079991.708000 
1 T 1208079991.741000 
2 T 1208079991.774000 kd 111 959 902
1 T 1208079991.807000 
1 T 1208079991.840000 
3 T 1208079991.874000 ku 111 952 902 mm 952 902
2 T 1208079991.906000 mm 926 900
2 T 1208079991.939000 mm 872 893
3 T 1208079991.973000 kd 111 795 890 mm 795 890
2 T 1208079992.006000 mm 736 890
2 T 1208079992.039000 mm 687 897
3 T 1208079992.073000 ku 111 648 909 mm 648 909
2 T 1208079992.105000 mm 617 911
2 T 1208079992.138000 mm 590 911
3 T 1208079992.171000 kd 111 563 911 mm 563 911
2 T 1208079992.204000 mm 557 911
2 T 1208079992.237000 mm 554 911
2 T 1208079992.269000 ku 111 554 911
1 T 1208079992.302000 
3 T 1208079992.336000 kd 111 544 911 mm 544 911
2 T 1208079992.368000 mm 540 911
2 T 1208079992.401000 mm 539 910
3 T 1208079992.436000 ku 111 526 910 mm 526 910
2 T 1208079992.468000 mm 516 913
2 T 1208079992.501000 mm 510 916
3 T 1208079992.534000 kd 111 500 923 mm 500 923
2 T 1208079992.566000 mm 491 928
3 T 1208079992.600000 ku 111 478 934 mm 478 934
2 T 1208079992.633000 mm 463 943
2 T 1208079992.666000 mm 449 949
2  kd 111 443 952 mm 443 952
1  mm 439 955
1  mm 431 960
2  ku 111 426 962 mm 426 962
1  mm 425 964
1  kd 111 425 964
0  
0  
1  ku 111 425 964
0  
0  
2  kd 111 424 964 mm 424 964
0  
1  mm 427 961
2  ku 111 438 958 mm 438 958
1  mm 440 958
1  kd 111 440 958
0  
0  
1  ku 111 440 958
0  
0  
1  kd 111 440 958
3 T 1208079993.456000 T 1208079993.457000 mm 438 957
1  mm 433 957
2  ku 111 428 957 mm 428 957
1  mm 423 957
2  kd 111 420 957 mm 420 957
0  
0  
1  ku 111 420 957
1  mm 417 957
1  mm 415 957
2  kd 111 414 957 mm 414 957
0  
1  mm 413 957
2  ku 111 412 957 mm 412 957
0  
0  
1  kd 111 412 957
1  mm 451 960
1  mm 538 962
2  ku 111 735 977 mm 735 977
1  mm 882 993
1  mm 893 996
0  
0  
1  mm 890 996
1  mm 887 1007
1  mm 887 1012
1  mm 887 1014
0  
1  mm 887 1016
1  mm 887 1018
0  
0  
0  
1  mm 886 1022
1  mm 876 1036
1  mm 871 1042
0  
0  
1  mb 1 1 871 1042
0  
0  
0  
1  mb 1 0 871 1042
0  
0  
0  
1  mb 1 1 871 1042
0  
0  
1  mb 1 0 871 1042
0  
1  mb 1 1 871 1042
0  
0  
1  mb 1 0 871 1042
0  
1  mm 826 1030
1  mm 717 999
1  mm 625 979
1  mm 579 969
1  mm 549 965
1  mm 518 962
1  mm 470 958
1  mm 421 950
1  mm 404 948
0  
1  mm 403 948
0  
1  mm 402 948
1  mb 1 1 402 948
0  
0  
0  
1  mb 1 0 402 948
