1207920573 seed, 30 fps, 1920x1080, fullScreen=1, version73_mouseSpeed1.000000_musicOff0_musicLoudness1.000000_webRetrySeconds16 39F5D403D9734472EB90545B8404B1BC918AF16B
2 T 1207920574.373000 mm 960 540
0  
0  
0  
0  
0  
0  
0  
0  
0  
0  
0  
0  
0  
0  
0  
0  
0  
0  
0  
0  
0  
0  
0  
0  
0  
0  
0  
0  
0  
0  
0  
0  
0  
0  
0  
0  
0  
0  
0  
0  
0  
0  
0  
0  
0  
0  
0  
0  
0  
0  
0  
0  
0  
0  
0  
0  
0  
0  
0  
0  
0  
0  
0  
3 T 1207920577.974000 T 1207920577.977000 mm 1314 823
2 T 1207920578.006000 mm 1229 803
2 T 1207920578.040000 mm 1153 814
2 T 1207920578.073000 mm 1086 853
2 T 1207920578.106000 mm 1075 856
2 T 1207920578.139000 mm 1076 856
1 T 1207920578.173000 
1 T 1207920578.205000 
1 T 1207920578.238000 
1 T 1207920578.270000 
2 T 1207920578.304000 mm 1067 856
2 T 1207920578.338000 mm 908 838
2 T 1207920578.370000 mm 674 838
2 T 1207920578.403000 mm 444 853
2 T 1207920578.436000 mm 342 893
2 T 1207920578.469000 mm 307 916
2 T 1207920578.502000 mm 304 922
2 T 1207920578.536000 mm 305 920
2 T 1207920578.568000 mm 310 895
2 T 1207920578.602000 mm 292 885
2 T 1207920578.634000 mm 264 890
2 T 1207920578.667000 mm 241 934
2 T 1207920578.701000 mm 253 962
2 T 1207920578.734000 mm 303 980
2 T 1207920578.766000 mm 372 982
2 T 1207920578.799000 mm 396 982
2 T 1207920578.833000 mm 398 982
1 T 1207920578.865000 
2 T 1207920578.898000 mm 395 982
2 T 1207920578.932000 mm 392 982
1 T 1207920578.964000 
2 T 1207920578.998000 mm 378 981
2 T 1207920579.030000 mm 372 976
1 T 1207920579.063000 
2 T 1207920579.097000 mb 1 1 372 976
1 T 1207920579.128000 
0  
0  
1  mb 1 0 372 976
