1208762117 seed, 30 fps, 1920x1080, fullScreen=1, version80_mouseSpeed1.000000_musicOff0_musicLoudness0.000000_webRetrySeconds16 B27C62C18BA899E0D5AB09B7221F7741BCDBFCCC
2 T 1208762118.881000 mm 960 540
0  
0  
0  
0  
0  
0  
0  
0  
0  
0  
0  
0  
0  
0  
0  
0  
0  
0  
0  
0  
0  
0  
0  
0  
0  
0  
0  
0  
0  
0  
0  
0  
0  
0  
0  
0  
0  
0  
0  
0  
0  
0  
0  
0  
0  
0  
0  
0  
0  
0  
0  
0  
0  
0  
0  
0  
0  
0  
0  
1  mm 1031 494
1  mm 1095 392
1  mm 1089 388
0  
0  
0  
0  
1  mm 1086 508
3 T 1208762123.372000 T 1208762123.375000 mm 1116 545
1 T 1208762123.405000 
1 T 1208762123.438000 
1 T 1208762123.470000 
1 T 1208762123.504000 
1 T 1208762123.538000 
1 T 1208762123.571000 
1 T 1208762123.604000 
1 T 1208762123.636000 
1 T 1208762123.670000 
1 T 1208762123.703000 
2 T 1208762123.737000 mm 1074 560
2 T 1208762123.770000 mm 958 611
2 T 1208762123.803000 mm 797 662
2 T 1208762123.835000 mm 704 699
2 T 1208762123.868000 mm 625 725
2 T 1208762123.902000 mm 586 754
2 T 1208762123.934000 mm 576 775
2 T 1208762123.967000 mm 574 778
2 T 1208762124.001000 mm 561 815
2 T 1208762124.033000 mm 537 859
2 T 1208762124.066000 mm 483 923
2 T 1208762124.099000 mm 456 946
2 T 1208762124.132000 mm 433 949
2 T 1208762124.165000 mm 424 950
2 T 1208762124.199000 mm 417 949
2 T 1208762124.232000 mm 415 949
1 T 1208762124.264000 
1 T 1208762124.297000 
1 T 1208762124.330000 
2 T 1208762124.363000 mm 414 948
2 T 1208762124.396000 mm 409 948
1 T 1208762124.429000 
2 T 1208762124.464000 mb 1 1 409 948
1 T 1208762124.496000 
0  
1  mb 1 0 409 948
