1209383708 seed, 30 fps, 1920x1080, fullScreen=1, version87_mouseSpeed1.000000_musicOff0_musicLoudness0.000000_webRetrySeconds16 28FEA286B100CAA55E12954D240B5D248065381B
2 T 1209383708.942000 mm 43 0
0  
1  mb 1 1 66 9
1  md 66 14
1  md 66 44
1  md 66 71
1  md 64 95
1  md 59 126
1  md 56 152
1  md 56 163
1  md 56 178
1  md 55 237
1  md 55 262
1  md 55 308
1  md 55 310
0  
0  
1  mb 1 0 55 310
0  
0  
1  mm 55 302
1  mm 32 230
1  mm 0 155
1  mm 0 77
1  mm 0 0
0  
0  
0  
0  
0  
0  
1  mm 2 0
1  mm 10 0
0  
0  
1  mm 524 85
1  mm 956 212
1  mm 1207 329
1  mm 1295 466
1  mm 1295 528
1  mm 1286 557
1  mm 1286 558
0  
0  
1  mm 1278 552
1  mm 1276 549
0  
0  
0  
0  
0  
0  
0  
0  
0  
0  
0  
0  
0  
1  mm 1276 548
1  mm 1274 548
0  
0  
0  
2 T 1209383712.835000 T 1209383712.838000 
1 T 1209383712.867000 
1 T 1209383712.901000 
1 T 1209383712.933000 
1 T 1209383712.966000 
1 T 1209383713.000000 
1 T 1209383713.034000 
1 T 1209383713.066000 
1 T 1209383713.099000 
1 T 1209383713.132000 
1 T 1209383713.164000 
1 T 1209383713.197000 
1 T 1209383713.231000 
1 T 1209383713.263000 
1 T 1209383713.297000 
1 T 1209383713.330000 
1 T 1209383713.363000 
1 T 1209383713.396000 
1 T 1209383713.429000 
1 T 1209383713.462000 
1 T 1209383713.495000 
1 T 1209383713.528000 
1 T 1209383713.561000 
1 T 1209383713.593000 
1 T 1209383713.627000 
1 T 1209383713.660000 
1 T 1209383713.693000 
1 T 1209383713.726000 
1 T 1209383713.759000 
1 T 1209383713.792000 
1 T 1209383713.824000 
1 T 1209383713.858000 
1 T 1209383713.890000 
1 T 1209383713.924000 
1 T 1209383713.957000 
1 T 1209383713.990000 
0  
0  
0  
0  
0  
0  
0  
0  
0  
0  
0  
0  
0  
0  
0  
0  
0  
0  
0  
0  
0  
0  
0  
0  
0  
0  
0  
0  
0  
0  
0  
0  
0  
0  
0  
0  
0  
0  
0  
0  
0  
0  
0  
0  
0  
0  
0  
0  
0  
0  
0  
0  
0  
0  
0  
0  
0  
0  
0  
0  
0  
0  
0  
0  
0  
0  
0  
0  
0  
0  
0  
0  
0  
0  
0  
0  
0  
0  
0  
0  
0  
0  
0  
0  
0  
0  
0  
0  
0  
0  
0  
0  
0  
0  
0  
0  
0  
0  
0  
1 T 1209383717.289000 
0  
0  
0  
0  
0  
0  
0  
0  
0  
0  
0  
0  
1  mm 1234 1061
0  
0  
0  
0  
0  
0  
0  
1  mm 1236 1052
1  mm 1236 980
1  mm 1254 915
1  mm 1287 867
1  mm 1304 833
1  mm 1309 792
1  mm 1291 757
1  mm 1211 754
1  mm 1071 756
1  mm 931 765
1  mm 882 765
0  
1  mm 862 765
1  mm 784 776
1  mm 671 794
1  mm 559 840
1  mm 532 860
1  mm 529 863
0  
1  mm 522 878
1  mm 505 902
1  mm 478 923
1  mm 458 934
1  mm 439 937
1  mm 423 945
1  mm 413 951
1  mm 394 955
1  mm 371 962
1  mm 363 964
0  
0  
1  mb 1 1 363 964
0  
0  
1  mb 1 0 363 964
