1208894049 seed, 30 fps, 1920x1080, fullScreen=1, version84_mouseSpeed1.000000_musicOff0_musicLoudness0.000000_webRetrySeconds16 42465DEE661C4C80A66BFD33B6F8DBB5EF6ACF88
2 T 1208894050.413000 mm 492 528
0  
0  
0  
0  
0  
0  
0  
0  
1  mm 493 527
1  mm 481 521
1  mm 480 518
1  mm 481 509
1  mm 482 503
1  mm 484 502
1  mm 485 502
0  
0  
0  
1  mm 485 503
0  
0  
0  
0  
0  
1  mm 486 508
1  mm 486 513
1  mm 485 518
1  mm 485 522
0  
0  
0  
0  
0  
0  
0  
0  
0  
0  
0  
0  
0  
0  
0  
0  
0  
0  
0  
0  
0  
0  
0  
0  
0  
0  
0  
0  
0  
1  mm 485 524
1  mm 511 577
1  mm 594 735
1  mm 607 758
1  mb 1 1 607 758
2 T 1208894054.188000 T 1208894054.191000 
1 T 1208894054.220000 
1 T 1208894054.254000 
1 T 1208894054.286000 
1 T 1208894054.320000 
1 T 1208894054.353000 
1 T 1208894054.385000 
1 T 1208894054.419000 
1 T 1208894054.451000 
1 T 1208894054.485000 
1 T 1208894054.517000 
1 T 1208894054.551000 
1 T 1208894054.584000 
1 T 1208894054.616000 
2 T 1208894054.650000 mb 1 0 607 758
1 T 1208894054.682000 
2 T 1208894054.716000 mm 619 755
2 T 1208894054.748000 mm 660 738
2 T 1208894054.781000 mm 752 725
2 T 1208894054.814000 mm 908 704
2 T 1208894054.847000 mm 1184 651
2 T 1208894054.880000 mm 1308 622
2 T 1208894054.914000 mm 1338 614
2 T 1208894054.946000 mm 1375 604
2 T 1208894054.979000 mm 1406 593
2 T 1208894055.012000 mm 1435 580
2 T 1208894055.046000 mm 1468 562
2 T 1208894055.079000 mm 1489 544
2 T 1208894055.112000 mm 1490 541
1 T 1208894055.145000 
1 T 1208894055.178000 
2 T 1208894055.210000 mb 1 1 1490 541
1 T 1208894055.243000 
1 T 1208894055.277000 
2 T 1208894055.313000 mb 1 0 1490 541
0  
2 T 1208894055.378000 mb 1 1 1490 541
0  
0  
2 T 1208894055.482000 mb 1 0 1490 541
0  
4 T 1208894055.726000 mb 1 1 1490 541 mb 1 0 1490 541 mm 1467 541
2 T 1208894055.758000 mm 1313 591
2 T 1208894055.792000 mm 1052 671
2 T 1208894055.825000 mm 797 758
2 T 1208894055.857000 mm 616 816
2 T 1208894055.891000 mm 526 837
2 T 1208894055.923000 mm 496 844
2 T 1208894055.957000 mm 486 849
2 T 1208894055.989000 mm 481 851
2 T 1208894056.023000 mm 470 856
2 T 1208894056.055000 mm 447 868
2 T 1208894056.089000 mm 397 906
2 T 1208894056.121000 mm 346 951
2 T 1208894056.155000 mm 338 960
2 T 1208894056.187000 mb 1 1 338 960
1 T 1208894056.221000 
1 T 1208894056.254000 
1 T 1208894056.286000 
1 T 1208894056.320000 
2 T 1208894056.352000 mb 1 0 338 960
1 T 1208894056.386000 
2 T 1208894056.419000 mb 1 1 338 960
1 T 1208894056.451000 
5 T 1208894056.485000 xs 0 2 16 53485554444F574E0A362F3230300A23 xs 0 2 0 xs 0 0 7 T 1208894056.487000 
2 T 1208894056.517000 mb 1 0 338 960
2 T 1208894056.550000 mm 320 949
2 T 1208894056.583000 mm 308 938
1 T 1208894056.617000 
2 T 1208894056.649000 mb 1 1 308 938
1 T 1208894056.682000 
1 T 1208894056.715000 
1  mb 1 0 308 938
