1211120968 seed, 30 fps, 1920x1080, fullScreen=1, version30000_mouseSpeed1.000000_musicOff0_musicLoudness0.000000_webRetrySeconds16 B6F8F43F97F7D2FE50F3C1DF1E9C07E120042F41
2 T 1211120970.381000 mm 1718 327
0  
0  
0  
0  
0  
0  
0  
0  
0  
0  
0  
0  
0  
0  
0  
0  
0  
0  
0  
0  
0  
0  
0  
0  
0  
0  
0  
0  
0  
0  
0  
0  
0  
0  
0  
0  
0  
0  
0  
0  
0  
0  
0  
0  
0  
0  
0  
0  
0  
0  
0  
0  
0  
0  
0  
0  
0  
1  mm 1642 469
0  
1  mm 1673 474
0  
0  
0  
0  
3 T 1211120978.549000 T 1211120978.553000 mm 1650 502
2 T 1211120978.582000 mm 1646 508
2 T 1211120978.615000 mm 1644 512
2 T 1211120978.648000 mm 1634 528
1 T 1211120978.681000 
2 T 1211120978.714000 mm 1631 532
2 T 1211120978.747000 mm 1622 548
2 T 1211120978.779000 mm 1616 554
2 T 1211120978.813000 mm 1612 559
2 T 1211120978.846000 mm 1602 568
2 T 1211120978.879000 mm 1596 574
2 T 1211120978.912000 mm 1594 574
2 T 1211120978.946000 mm 1593 572
2 T 1211120978.978000 mm 1599 540
2 T 1211120979.011000 mm 1603 516
2 T 1211120979.044000 mm 1603 515
2 T 1211120979.077000 mm 1603 514
1 T 1211120979.110000 
1 T 1211120979.143000 
1 T 1211120979.177000 
2 T 1211120979.209000 mb 1 1 1603 514
1 T 1211120979.242000 
2 T 1211120979.275000 mb 1 0 1603 514
1 T 1211120979.307000 
1 T 1211120979.341000 
1 T 1211120979.374000 
2 T 1211120979.408000 mm 1599 517
2 T 1211120979.441000 mm 1591 526
1 T 1211120979.473000 
1 T 1211120979.506000 
1 T 1211120979.539000 
2 T 1211120979.572000 mb 1 1 1591 526
1 T 1211120979.605000 
1 T 1211120979.638000 
2 T 1211120979.670000 mb 1 0 1591 526
0  
0  
1  mb 1 1 1591 526
0  
2 T 1211120979.840000 mb 1 0 1591 526
0  
2 T 1211120979.991000 mb 1 1 1591 526
2 T 1211120980.026000 mb 1 0 1591 526
1 T 1211120980.058000 
1 T 1211120980.091000 
1 T 1211120980.124000 
1 T 1211120980.156000 
1 T 1211120980.190000 
1 T 1211120980.223000 
1 T 1211120980.257000 
1 T 1211120980.289000 
1 T 1211120980.322000 
1 T 1211120980.354000 
1 T 1211120980.389000 
1 T 1211120980.421000 
1 T 1211120980.454000 
1 T 1211120980.487000 
1 T 1211120980.520000 
1 T 1211120980.553000 
1 T 1211120980.585000 
1 T 1211120980.619000 
1 T 1211120980.652000 
1 T 1211120980.685000 
1 T 1211120980.718000 
1 T 1211120980.751000 
1 T 1211120980.783000 
1 T 1211120980.817000 
7 T 1211120980.850000 xs 0 2 19 534E0A312F3230300A35350A33303030300A23 xs 0 2 0 xs 0 0 7 T 1211120980.851000 xs 0 0 169 mm 1594 528
3 T 1211120980.884000 xs 0 2 0 mm 1608 532
3 T 1211120980.916000 xs 0 2 0 mm 1628 532
3 T 1211120980.949000 xs 0 2 0 mm 1634 532
2 T 1211120980.982000 xs 0 2 0 
4 T 1211120981.015000 xs 0 2 10 52454A45435445440A23 xs 0 3 -1 T 1211120981.016000 
1 T 1211120981.048000 
1 T 1211120981.082000 
1 T 1211120981.113000 
1 T 1211120981.147000 
1 T 1211120981.180000 
1 T 1211120981.213000 
1 T 1211120981.247000 
2 T 1211120981.279000 mm 1620 536
2 T 1211120981.313000 mm 1539 557
2 T 1211120981.345000 mm 1505 560
2 T 1211120981.379000 mm 1502 560
1 T 1211120981.411000 
1 T 1211120981.444000 
1 T 1211120981.477000 
2 T 1211120981.510000 mm 1485 576
2 T 1211120981.544000 mm 1426 610
2 T 1211120981.576000 mm 1312 640
2 T 1211120981.610000 mm 1188 638
2 T 1211120981.642000 mm 985 627
2 T 1211120981.675000 mm 882 637
2 T 1211120981.708000 mm 836 679
2 T 1211120981.741000 mm 806 727
2 T 1211120981.775000 mm 764 785
2 T 1211120981.807000 mm 719 821
2 T 1211120981.840000 mm 656 841
2 T 1211120981.873000 mm 604 859
2 T 1211120981.907000 mm 561 880
2 T 1211120981.939000 mm 510 902
2 T 1211120981.971000 mm 464 919
2 T 1211120982.005000 mm 443 922
2 T 1211120982.039000 mm 422 925
2 T 1211120982.070000 mm 405 928
2 T 1211120982.104000 mm 382 936
2 T 1211120982.137000 mm 366 944
0  
1  mb 1 1 366 944
0  
0  
1  mb 1 0 366 944
