1209491238 seed, 30 fps, 1920x1080, fullScreen=1, version88_mouseSpeed1.000000_musicOff0_musicLoudness0.000000_webRetrySeconds16 A02A45BA434E94DB1A201CC66DC4CA38BA55CCCB
2 T 1209491238.762000 mm 1043 360
0  
0  
0  
0  
0  
0  
0  
0  
0  
0  
0  
0  
0  
0  
0  
0  
0  
0  
0  
0  
0  
0  
0  
0  
1  mm 1050 359
1  mm 1056 359
0  
0  
0  
0  
0  
0  
0  
0  
0  
0  
0  
0  
0  
0  
0  
0  
0  
0  
0  
0  
0  
0  
0  
0  
0  
0  
0  
0  
0  
0  
0  
0  
0  
0  
0  
0  
0  
3 T 1209491242.472000 T 1209491242.475000 mm 1045 376
2 T 1209491242.505000 mm 1038 379
2 T 1209491242.537000 mm 994 419
2 T 1209491242.571000 mm 960 456
2 T 1209491242.604000 mm 937 492
2 T 1209491242.637000 mm 890 564
2 T 1209491242.669000 mm 843 626
2 T 1209491242.703000 mm 822 658
2 T 1209491242.735000 mm 810 686
2 T 1209491242.768000 mm 783 735
2 T 1209491242.802000 mm 737 787
2 T 1209491242.834000 mm 669 829
2 T 1209491242.867000 mm 607 857
2 T 1209491242.900000 mm 550 878
2 T 1209491242.933000 mm 509 893
2 T 1209491242.966000 mm 480 902
2 T 1209491243.000000 mm 473 906
2 T 1209491243.031000 mm 473 909
2 T 1209491243.065000 mm 510 925
2 T 1209491243.098000 mm 800 932
2 T 1209491243.132000 mm 1159 922
2 T 1209491243.163000 mm 1364 897
2 T 1209491243.197000 mm 1374 897
2 T 1209491243.229000 mm 1264 900
2 T 1209491243.263000 mm 1064 900
2 T 1209491243.296000 mm 908 900
2 T 1209491243.329000 mm 850 903
2 T 1209491243.362000 mm 810 923
2 T 1209491243.395000 mm 786 930
2 T 1209491243.429000 mm 751 936
2 T 1209491243.462000 mm 703 936
2 T 1209491243.494000 mm 651 932
2 T 1209491243.527000 mm 626 931
2 T 1209491243.560000 mm 596 931
2 T 1209491243.594000 mm 519 931
2 T 1209491243.627000 mm 474 931
1  mm 436 931
1  mm 381 934
1  mm 330 934
1  mm 327 934
0  
0  
0  
0  
0  
0  
1  mb 1 1 327 934
0  
0  
0  
1  mb 1 0 327 934
