1211118015 seed, 30 fps, 1920x1080, fullScreen=1, version30000_mouseSpeed1.000000_musicOff0_musicLoudness0.000000_webRetrySeconds16 B6F8F43F97F7D2FE50F3C1DF1E9C07E120042F41
2 T 1211118017.133000 mm 1330 505
0  
1  mm 1643 538
0  
0  
0  
0  
0  
0  
0  
0  
0  
0  
0  
0  
0  
1  mm 1619 540
1  mm 1618 540
0  
0  
0  
0  
0  
0  
0  
1  mm 1617 542
1  mm 1608 545
0  
0  
0  
0  
0  
0  
0  
1  mm 1594 562
1  mm 1578 583
0  
0  
0  
0  
0  
0  
0  
0  
0  
0  
0  
0  
0  
0  
0  
0  
0  
0  
1  mm 1530 592
1  mm 1423 593
1  mm 1265 607
1  mm 1170 623
1  mm 413 759
0  
1  mm 415 761
1  mm 416 761
0  
0  
0  
3 T 1211118026.102000 T 1211118026.105000 mm 448 807
1 T 1211118026.134000 
1 T 1211118026.167000 
1 T 1211118026.200000 
1 T 1211118026.233000 
1 T 1211118026.266000 
1 T 1211118026.299000 
1 T 1211118026.331000 
1 T 1211118026.365000 
1 T 1211118026.398000 
2 T 1211118026.431000 mm 441 808
2 T 1211118026.464000 mm 407 823
2 T 1211118026.498000 mm 350 846
2 T 1211118026.530000 mm 291 868
2 T 1211118026.565000 mm 260 890
2 T 1211118026.597000 mm 256 895
2 T 1211118026.629000 mm 255 915
2 T 1211118026.662000 mm 260 928
2 T 1211118026.696000 mm 282 944
2 T 1211118026.728000 mm 316 946
2 T 1211118026.762000 mm 339 946
2 T 1211118026.794000 mm 340 946
1 T 1211118026.828000 
2 T 1211118026.861000 mb 1 1 340 946
1 T 1211118026.893000 
1 T 1211118026.926000 
1  mb 1 0 340 946
