1208843623 seed, 30 fps, 1920x1080, fullScreen=1, version82_mouseSpeed1.000000_musicOff0_musicLoudness0.000000_webRetrySeconds16 3191237B42F84FB11134CB753993E9D689E3AED0
2 T 1208843624.542000 mm 960 540
0  
0  
0  
0  
0  
0  
0  
0  
0  
0  
0  
0  
0  
0  
0  
0  
0  
0  
0  
0  
0  
0  
0  
0  
0  
0  
0  
0  
0  
0  
0  
0  
0  
0  
0  
0  
0  
0  
0  
0  
0  
0  
0  
0  
0  
0  
0  
0  
0  
0  
0  
0  
0  
0  
0  
0  
0  
0  
0  
0  
0  
0  
0  
0  
0  
0  
0  
3 T 1208843628.623000 T 1208843628.626000 mm 1165 506
2 T 1208843628.656000 mm 1167 506
1 T 1208843628.690000 
1 T 1208843628.721000 
1 T 1208843628.755000 
2 T 1208843628.787000 mm 1168 506
2 T 1208843628.821000 mm 1159 520
2 T 1208843628.854000 mm 1133 542
2 T 1208843628.887000 mm 1046 598
2 T 1208843628.920000 mm 1001 616
2 T 1208843628.954000 mm 983 625
1 T 1208843628.986000 
2 T 1208843629.020000 mm 1001 625
2 T 1208843629.051000 mm 1100 604
2 T 1208843629.085000 mm 1236 584
2 T 1208843629.118000 mm 1300 578
2 T 1208843629.151000 mm 1304 578
1 T 1208843629.183000 
1 T 1208843629.216000 
2 T 1208843629.249000 mm 1317 576
2 T 1208843629.283000 mm 1352 574
2 T 1208843629.316000 mm 1441 574
2 T 1208843629.349000 mm 1505 574
2 T 1208843629.382000 mm 1530 573
1 T 1208843629.415000 
1 T 1208843629.448000 
1 T 1208843629.482000 
1 T 1208843629.516000 
1 T 1208843629.548000 
1 T 1208843629.581000 
1 T 1208843629.614000 
2 T 1208843629.646000 T 1208843629.647000 
1 T 1208843629.680000 
1 T 1208843629.713000 
1 T 1208843629.746000 
0  
0  
0  
0  
0  
0  
0  
0  
0  
0  
0  
0  
0  
0  
0  
0  
0  
0  
0  
1  mm 1520 576
1  mm 1336 652
1  mm 977 762
1  mm 744 824
1  mm 586 867
1  mm 537 888
1  mm 526 895
1  mm 508 905
1  mm 467 928
1  mm 429 950
1  mm 413 960
1  mm 408 962
0  
0  
0  
0  
0  
0  
0  
1  mb 1 1 408 962
0  
0  
0  
1  mb 1 0 408 962
