1209867297 seed, 30 fps, 1920x1080, fullScreen=1, version91_mouseSpeed1.000000_musicOff0_musicLoudness0.000000_webRetrySeconds16 9D45B0E2FBB967A2995A31505DB14EB418942ED9
3 T 1209867298.346000 mm 1107 387 mm 1908 670
1  mm 1849 720
1  mm 1150 279
0  
0  
0  
1  mm 1270 273
1  mm 1384 239
1  mm 1410 212
1  mm 1414 167
1  mm 1397 115
1  mm 1281 12
1  mm 1041 0
1  mm 600 0
1  mm 349 0
1  mm 209 0
1  mm 121 0
1  mm 21 0
1  mm 0 0
0  
0  
0  
1  mm 0 58
1  mm 105 112
1  mm 745 208
1  mm 1578 344
1  mm 1919 519
1  mm 1919 677
1  mm 1919 742
1  mm 1919 731
1  mm 1919 666
1  mm 1904 540
1  mm 1786 409
1  mm 1556 289
1  mm 1290 221
1  mm 1387 213
0  
0  
0  
0  
0  
0  
0  
0  
0  
0  
2  mm 1325 250 mm 1308 264
1  mm 1296 277
1  mm 1329 281
1  mm 1611 316
1  mm 1872 367
0  
0  
0  
0  
0  
0  
0  
0  
0  
0  
0  
0  
0  
0  
2 T 1209867302.449000 T 1209867302.452000 
1 T 1209867302.482000 
1 T 1209867302.515000 
1 T 1209867302.547000 
1 T 1209867302.580000 
1 T 1209867302.614000 
1 T 1209867302.646000 
1 T 1209867302.680000 
1 T 1209867302.712000 
1 T 1209867302.745000 
1 T 1209867302.779000 
1 T 1209867302.812000 
1 T 1209867302.845000 
1 T 1209867302.878000 
1 T 1209867302.910000 
1 T 1209867302.943000 
1 T 1209867302.976000 
1 T 1209867303.009000 
1 T 1209867303.043000 
1 T 1209867303.076000 
1 T 1209867303.108000 
1 T 1209867303.141000 
1 T 1209867303.175000 
1 T 1209867303.207000 
1 T 1209867303.240000 
1 T 1209867303.273000 
1 T 1209867303.306000 
1 T 1209867303.339000 
1 T 1209867303.373000 
1 T 1209867303.405000 
1 T 1209867303.438000 
1 T 1209867303.472000 
1 T 1209867303.505000 
1 T 1209867303.537000 
1 T 1209867303.571000 
0  
0  
0  
0  
0  
0  
0  
0  
0  
0  
0  
0  
0  
0  
0  
0  
0  
0  
0  
0  
0  
0  
0  
0  
0  
0  
0  
0  
0  
0  
0  
0  
0  
0  
0  
0  
0  
0  
0  
0  
0  
0  
0  
0  
0  
0  
0  
0  
0  
0  
0  
0  
0  
0  
0  
0  
0  
0  
0  
0  
0  
0  
0  
0  
0  
0  
0  
0  
0  
0  
0  
0  
0  
0  
0  
0  
0  
0  
0  
0  
0  
0  
0  
0  
0  
0  
0  
0  
0  
0  
0  
0  
0  
0  
0  
0  
0  
0  
0  
1 T 1209867306.871000 
0  
0  
0  
0  
0  
0  
0  
0  
0  
0  
0  
0  
0  
0  
0  
0  
0  
0  
0  
0  
0  
0  
0  
0  
0  
0  
0  
0  
0  
0  
0  
0  
0  
0  
0  
0  
0  
0  
0  
0  
0  
0  
0  
0  
0  
0  
0  
0  
0  
0  
0  
0  
0  
0  
0  
0  
0  
0  
0  
0  
0  
0  
0  
0  
0  
0  
0  
0  
0  
0  
0  
0  
0  
0  
0  
0  
0  
0  
0  
0  
0  
0  
0  
0  
0  
0  
0  
0  
0  
0  
0  
0  
0  
0  
0  
0  
0  
0  
0  
1 T 1209867310.202000 
0  
0  
0  
0  
0  
0  
0  
0  
0  
0  
0  
0  
0  
0  
0  
0  
0  
0  
0  
0  
0  
0  
0  
0  
0  
0  
0  
0  
0  
0  
0  
0  
0  
0  
0  
0  
0  
0  
0  
0  
0  
0  
0  
0  
0  
0  
0  
0  
0  
0  
0  
0  
0  
0  
0  
0  
0  
0  
0  
0  
0  
0  
0  
0  
0  
0  
0  
0  
0  
0  
0  
0  
0  
0  
0  
0  
0  
0  
0  
0  
0  
0  
0  
0  
0  
0  
0  
0  
0  
0  
0  
0  
0  
0  
0  
0  
0  
0  
0  
1 T 1209867313.502000 
0  
0  
0  
0  
0  
0  
1  mm 1919 1068
0  
0  
0  
0  
0  
1  mm 1850 1057
1  mm 1736 974
1  mm 1629 873
1  mm 1546 814
1  mm 1473 780
1  mm 1369 738
1  mm 1338 726
0  
1  mm 1338 723
1  mm 1408 680
1  mm 1482 635
1  mm 1504 618
1  mm 1508 616
0  
1  mm 1519 607
1  mm 1528 595
1  mm 1535 586
1  mm 1536 584
0  
1  mb 1 1 1536 584
0  
0  
2 T 1209867314.777000 mb 1 0 1536 584
0  
1 T 1209867314.839000 
1 T 1209867314.872000 
1 T 1209867314.906000 
1 T 1209867314.939000 
1 T 1209867314.971000 
1 T 1209867315.005000 
1 T 1209867315.037000 
1 T 1209867315.071000 
1 T 1209867315.104000 
1 T 1209867315.136000 
1 T 1209867315.170000 
1 T 1209867315.202000 
1 T 1209867315.236000 
1 T 1209867315.269000 
1 T 1209867315.302000 
1 T 1209867315.334000 
1 T 1209867315.368000 
1 T 1209867315.400000 
1 T 1209867315.434000 
1 T 1209867315.467000 
1 T 1209867315.499000 
1 T 1209867315.533000 
1 T 1209867315.565000 
1 T 1209867315.599000 
1 T 1209867315.631000 
1 T 1209867315.665000 
1 T 1209867315.698000 
1 T 1209867315.730000 
1 T 1209867315.764000 
6 T 1209867315.797000 xs 0 2 21 534E0A312F3230300A313431303134380A39320A23 xs 0 2 0 xs 0 0 7 T 1209867315.798000 T 1209867315.800000 
1 T 1209867315.830000 
1 T 1209867315.863000 
1 T 1209867315.897000 
1 T 1209867315.929000 
1 T 1209867315.962000 
1 T 1209867315.995000 
1 T 1209867316.028000 
1 T 1209867316.061000 
1 T 1209867316.094000 
1 T 1209867316.128000 
1 T 1209867316.161000 
1 T 1209867316.193000 
1 T 1209867316.226000 
1 T 1209867316.259000 
1 T 1209867316.292000 
1 T 1209867316.325000 
1 T 1209867316.358000 
1 T 1209867316.392000 
2 T 1209867316.425000 mm 1528 573
2 T 1209867316.459000 mm 1528 572
1 T 1209867316.491000 
1 T 1209867316.523000 
2 T 1209867316.557000 mm 1523 556
2 T 1209867316.590000 mm 1522 554
1 T 1209867316.622000 
1 T 1209867316.655000 
1 T 1209867316.688000 
1 T 1209867316.721000 
1 T 1209867316.754000 
1 T 1209867316.788000 
1 T 1209867316.821000 
1 T 1209867316.854000 
1 T 1209867316.886000 
2 T 1209867316.918000 T 1209867316.919000 
0  
0  
0  
0  
0  
0  
0  
0  
1  mm 1511 581
1  mm 1476 663
1  mm 1480 735
1  mm 1498 776
1  mm 1504 786
1  mm 1504 799
1  mm 1504 806
1  mm 1488 815
1  mm 1479 820
1  mm 1448 836
1  mm 1396 858
1  mm 1320 872
1  mm 1159 877
1  mm 963 869
1  mm 751 862
1  mm 633 864
1  mm 566 885
1  mm 529 898
1  mm 474 909
1  mm 428 910
1  mm 383 910
1  mm 354 912
1  mm 354 921
1  mm 354 950
1  mm 364 975
1  mm 368 983
0  
0  
0  
0  
0  
0  
0  
0  
0  
0  
0  
0  
0  
0  
0  
0  
0  
0  
0  
0  
0  
0  
0  
0  
0  
0  
0  
0  
0  
0  
0  
0  
0  
0  
0  
0  
0  
0  
0  
0  
0  
0  
0  
0  
0  
0  
0  
0  
0  
0  
0  
0  
1  mb 1 1 368 983
0  
0  
0  
1  mb 1 0 368 983
