1208927339 seed, 30 fps, 1920x1080, fullScreen=1, version84_mouseSpeed1.000000_musicOff0_musicLoudness0.000000_webRetrySeconds16 42465DEE661C4C80A66BFD33B6F8DBB5EF6ACF88
3 T 1208927340.356000 mm 515 675 mm 872 684
1  mm 937 667
1  mm 1075 634
0  
0  
0  
0  
0  
0  
0  
0  
0  
0  
0  
0  
0  
0  
0  
0  
0  
0  
0  
0  
0  
0  
0  
0  
0  
0  
0  
0  
0  
0  
0  
0  
0  
0  
0  
0  
0  
0  
0  
0  
0  
0  
0  
0  
0  
0  
0  
0  
0  
0  
0  
0  
0  
0  
0  
0  
0  
0  
0  
0  
2 T 1208927344.192000 T 1208927344.195000 
1 T 1208927344.225000 
1 T 1208927344.257000 
1 T 1208927344.291000 
1 T 1208927344.323000 
1 T 1208927344.356000 
1 T 1208927344.389000 
1 T 1208927344.422000 
1 T 1208927344.456000 
1 T 1208927344.489000 
1 T 1208927344.521000 
1 T 1208927344.554000 
1 T 1208927344.588000 
1 T 1208927344.621000 
1 T 1208927344.654000 
1 T 1208927344.686000 
1 T 1208927344.720000 
1 T 1208927344.753000 
1 T 1208927344.786000 
1 T 1208927344.819000 
1 T 1208927344.852000 
1 T 1208927344.885000 
1 T 1208927344.918000 
1 T 1208927344.951000 
1 T 1208927344.984000 
1 T 1208927345.017000 
1 T 1208927345.050000 
1 T 1208927345.083000 
1 T 1208927345.115000 
1 T 1208927345.149000 
1 T 1208927345.182000 
1 T 1208927345.215000 
1 T 1208927345.248000 
1 T 1208927345.281000 
1 T 1208927345.314000 
0  
1 T 1208927345.380000 
0  
0  
0  
0  
0  
0  
0  
0  
0  
0  
0  
0  
0  
0  
0  
0  
0  
0  
0  
0  
0  
0  
0  
1  mm 1074 632
1  mm 1118 609
1  mm 1163 597
1  mm 1210 597
1  mm 1276 599
1  mm 1354 602
1  mm 1390 602
1  mm 1403 602
0  
1  mm 1407 600
1  mm 1411 589
1  mm 1404 577
0  
1  mm 1406 576
1  mm 1447 576
1  mm 1480 566
1  mm 1493 562
1  mm 1506 562
1  mm 1532 557
1  mm 1564 541
1  mb 1 1 1567 541
0  
0  
0  
2 T 1208927346.967000 mb 1 0 1567 541
0  
1 T 1208927347.030000 
1 T 1208927347.063000 
1 T 1208927347.096000 
1 T 1208927347.129000 
1 T 1208927347.162000 
1 T 1208927347.194000 
1 T 1208927347.227000 
1 T 1208927347.261000 
1 T 1208927347.294000 
1 T 1208927347.326000 
1 T 1208927347.360000 
1 T 1208927347.393000 
1 T 1208927347.426000 
1 T 1208927347.459000 
1 T 1208927347.492000 
1 T 1208927347.524000 
1 T 1208927347.557000 
2 T 1208927347.590000 mm 1547 530
2 T 1208927347.624000 mm 1504 515
2 T 1208927347.657000 mm 1425 502
2 T 1208927347.691000 mm 1301 491
2 T 1208927347.723000 mm 1212 484
2 T 1208927347.756000 mm 1130 467
2 T 1208927347.789000 mm 1061 445
3 T 1208927347.822000 mm 1030 434 mm 1019 432
2 T 1208927347.856000 mm 995 428
2 T 1208927347.888000 mm 953 428
2 T 1208927347.921000 mm 889 432
2 T 1208927347.954000 mm 826 437
7 T 1208927347.987000 xs 0 2 20 534E0A332F3230300A3330373830300A38340A23 xs 0 2 0 xs 0 0 7 T 1208927347.991000 xs 0 0 169 mm 789 438
3 T 1208927348.020000 xs 0 2 0 mm 770 440
4 T 1208927348.052000 xs 0 2 0 T 1208927348.053000 mm 742 440
3 T 1208927348.086000 xs 0 2 0 mm 719 430
3 T 1208927348.119000 xs 0 2 0 mm 718 428
2 T 1208927348.151000 xs 0 2 0 
2 T 1208927348.185000 xs 0 2 0 
4 T 1208927348.218000 xs 0 2 10 52454A45435445440A23 xs 0 3 -1 T 1208927348.222000 
1 T 1208927348.252000 
1 T 1208927348.284000 
1 T 1208927348.317000 
1 T 1208927348.351000 
1 T 1208927348.383000 
1 T 1208927348.416000 
2 T 1208927348.450000 mm 717 428
1 T 1208927348.482000 
1 T 1208927348.515000 
1 T 1208927348.548000 
2 T 1208927348.582000 mm 708 425
2 T 1208927348.615000 mm 696 422
1 T 1208927348.647000 
3 T 1208927348.680000 T 1208927348.681000 mm 759 421
2 T 1208927348.714000 mm 920 417
2 T 1208927348.747000 mm 1157 417
2 T 1208927348.780000 mm 1250 422
2 T 1208927348.813000 mm 1319 442
2 T 1208927348.846000 mm 1372 454
2 T 1208927348.879000 mm 1422 455
2 T 1208927348.911000 mm 1438 455
1 T 1208927348.945000 
1 T 1208927348.977000 
2 T 1208927349.011000 mm 1439 456
2 T 1208927349.044000 mm 1438 500
2 T 1208927349.077000 mm 1444 553
2 T 1208927349.111000 mm 1456 572
1 T 1208927349.143000 
2 T 1208927349.175000 mm 1456 565
2 T 1208927349.207000 mm 1460 526
2 T 1208927349.241000 mm 1469 498
2 T 1208927349.274000 mm 1471 493
2 T 1208927349.308000 mm 1471 492
1 T 1208927349.339000 
0  
0  
0  
0  
1  mm 1427 489
1  mm 1238 477
1  mm 969 410
1  mm 922 391
1  mm 921 386
1  mm 931 372
1  mm 935 367
1  mm 935 366
0  
0  
0  
0  
1  mb 1 1 935 366
0  
0  
0  
1  mb 1 0 935 366
0  
0  
0  
0  
0  
0  
0  
0  
1  mm 936 367
1  mm 951 398
1  mm 961 421
1  mm 975 454
1  mm 987 491
1  mm 990 504
1  mm 990 505
0  
0  
1  mm 992 511
1  mm 992 519
1  mm 992 528
1  mm 992 537
0  
0  
1  mb 1 1 992 537
0  
0  
0  
1  mb 1 0 992 537
0  
0  
0  
0  
0  
1  mm 994 540
1  mm 997 544
1  mm 1002 549
1  mm 1016 554
1  mm 1027 556
1  mm 1032 556
0  
1  mm 1036 557
1  mm 1049 559
1  mm 1071 563
1  mm 1090 568
1  mm 1113 568
1  mm 1140 568
1  mm 1183 568
1  mm 1243 568
1  mm 1324 567
1  mm 1388 566
1  mm 1440 564
1  mm 1485 564
1  mm 1493 564
1  mm 1495 564
1  mm 1503 564
1  mm 1516 562
1  mm 1525 558
1  mm 1537 553
2 T 1208927351.980000 mm 1554 547
1  mm 1560 542
1  mm 1561 541
0  
0  
0  
0  
0  
0  
0  
1  mb 1 1 1561 541
0  
0  
0  
0  
0  
0  
2 T 1208927352.544000 mb 1 0 1561 541
0  
1 T 1208927352.607000 
1 T 1208927352.640000 
1 T 1208927352.674000 
1 T 1208927352.707000 
1 T 1208927352.740000 
1 T 1208927352.773000 
1 T 1208927352.805000 
1 T 1208927352.838000 
1 T 1208927352.871000 
1 T 1208927352.905000 
1 T 1208927352.938000 
1 T 1208927352.971000 
1 T 1208927353.003000 
1 T 1208927353.037000 
1 T 1208927353.069000 
1 T 1208927353.103000 
1 T 1208927353.135000 
1 T 1208927353.169000 
1 T 1208927353.202000 
1 T 1208927353.235000 
1 T 1208927353.267000 
1 T 1208927353.300000 
1 T 1208927353.334000 
1 T 1208927353.367000 
1 T 1208927353.399000 
1 T 1208927353.433000 
1 T 1208927353.466000 
1 T 1208927353.499000 
1 T 1208927353.532000 
2 T 1208927353.565000 xs 1 2 0 
2 T 1208927353.598000 xs 1 2 0 
2 T 1208927353.631000 xs 1 2 0 
2 T 1208927353.664000 xs 1 2 0 
2 T 1208927353.696000 xs 1 2 0 
2 T 1208927353.730000 xs 1 2 0 
2 T 1208927353.763000 xs 1 2 0 
2 T 1208927353.796000 xs 1 2 0 
2 T 1208927353.828000 xs 1 2 0 
2 T 1208927353.862000 xs 1 2 0 
2 T 1208927353.895000 xs 1 2 0 
2 T 1208927353.927000 xs 1 2 0 
2 T 1208927353.961000 xs 1 2 0 
2 T 1208927353.994000 xs 1 2 0 
4 T 1208927354.027000 xs 1 2 20 534E0A332F3230300A3330373830310A38340A23 xs 1 2 0 xs 1 0 169 
2 T 1208927354.059000 xs 1 2 0 
2 T 1208927354.093000 xs 1 2 0 
2 T 1208927354.126000 xs 1 2 0 
2 T 1208927354.159000 xs 1 2 0 
2 T 1208927354.191000 xs 1 2 0 
2 T 1208927354.225000 xs 1 2 0 
4 T 1208927354.258000 xs 1 2 10 52454A45435445440A23 xs 1 3 -1 T 1208927354.259000 
1 T 1208927354.290000 
1 T 1208927354.324000 
1 T 1208927354.357000 
1 T 1208927354.389000 
1 T 1208927354.423000 
1 T 1208927354.455000 
1 T 1208927354.489000 
1 T 1208927354.522000 
1 T 1208927354.555000 
1 T 1208927354.588000 
1 T 1208927354.621000 
1 T 1208927354.654000 
1 T 1208927354.687000 
1 T 1208927354.719000 
1 T 1208927354.753000 
1 T 1208927354.785000 
1 T 1208927354.819000 
1 T 1208927354.851000 
1 T 1208927354.885000 
1 T 1208927354.917000 
1 T 1208927354.950000 
1 T 1208927354.984000 
1 T 1208927355.016000 
1 T 1208927355.049000 
1 T 1208927355.082000 
1 T 1208927355.116000 
1 T 1208927355.148000 
2 T 1208927355.182000 mm 1411 558
2 T 1208927355.215000 mm 1136 600
2 T 1208927355.248000 mm 847 653
2 T 1208927355.281000 mm 575 739
2 T 1208927355.314000 mm 390 830
2 T 1208927355.347000 mm 319 877
2 T 1208927355.379000 mm 267 928
1  mm 230 956
1  mm 216 965
1  mm 208 981
1  mm 207 1005
1  mm 210 1018
1  mm 238 1020
1  mm 286 1011
1  mm 320 995
1  mm 323 993
0  
0  
0  
1  mm 329 987
1  mm 333 982
0  
0  
0  
0  
0  
0  
0  
0  
0  
0  
0  
0  
1  mm 337 950
1  mm 346 918
1  mm 351 902
1  mm 355 895
1  mm 358 889
1  mm 358 887
0  
1  mm 363 879
1  mm 365 872
1  mm 366 870
1  mm 366 869
0  
0  
1  mm 366 913
1  mm 366 949
1  mm 364 969
1  mm 364 971
1  mm 363 973
1  mm 363 976
0  
0  
0  
0  
0  
0  
0  
0  
0  
1  mb 1 1 363 976
0  
0  
1  mb 1 0 363 976
