1207863662 seed, 60 fps, 1612x907, fullScreen=0, version73_mouseSpeed1.000000_musicOff0_musicLoudness1.000000_webRetrySeconds16 39F5D403D9734472EB90545B8404B1BC918AF16B
2 T 1207863662.928000 mm 160 713
0  
0  
0  
0  
0  
0  
0  
0  
0  
0  
0  
0  
0  
0  
0  
0  
0  
0  
0  
0  
0  
0  
0  
0  
0  
0  
0  
0  
0  
0  
0  
0  
0  
0  
0  
0  
0  
0  
0  
0  
0  
0  
0  
0  
0  
0  
0  
0  
0  
0  
0  
0  
0  
0  
0  
0  
0  
0  
0  
0  
0  
0  
0  
0  
0  
0  
0  
0  
0  
0  
0  
0  
0  
0  
0  
0  
0  
0  
0  
0  
0  
0  
0  
0  
0  
0  
0  
0  
0  
0  
0  
0  
0  
0  
0  
0  
0  
0  
1 T 1207863665.375000 
0  
0  
0  
0  
0  
0  
0  
0  
0  
0  
0  
0  
0  
0  
3 T 1207863666.443000 T 1207863666.446000 mm 737 322
2 T 1207863666.457000 mm 736 320
2 T 1207863666.474000 mm 736 313
2 T 1207863666.491000 mm 732 295
2 T 1207863666.508000 mm 717 264
2 T 1207863666.524000 mm 686 214
2 T 1207863666.541000 mm 684 150
2 T 1207863666.558000 mm 709 106
2 T 1207863666.575000 mm 727 65
2 T 1207863666.591000 mm 741 39
2 T 1207863666.608000 mm 750 20
2 T 1207863666.625000 mm 753 2
1 T 1207863666.642000 
1 T 1207863666.658000 
1 T 1207863666.675000 
1 T 1207863666.691000 
1 T 1207863666.708000 
1 T 1207863666.725000 
1 T 1207863666.741000 
1 T 1207863666.758000 
1 T 1207863666.774000 
1 T 1207863666.791000 
1 T 1207863666.808000 
1 T 1207863666.824000 
1 T 1207863666.841000 
1 T 1207863666.858000 
1 T 1207863666.874000 
1 T 1207863666.891000 
1 T 1207863666.908000 
1 T 1207863666.924000 
1 T 1207863666.941000 
1 T 1207863666.958000 
1 T 1207863666.974000 
1 T 1207863666.991000 
1 T 1207863667.007000 
1 T 1207863667.024000 
1 T 1207863667.041000 
1 T 1207863668.045000 
0  
0  
0  
0  
0  
0  
0  
1  mm 762 6
1  mm 748 31
1  mm 729 58
1  mm 697 103
1  mm 652 163
1  mm 602 223
1  mm 561 278
1  mm 555 309
1  mm 555 324
1  mm 577 333
1  mm 616 333
1  mm 726 330
1  mm 829 312
1  mm 928 310
1  mm 974 310
1  mm 1027 323
1  mm 1067 337
1  mm 1095 351
1  mm 1115 359
1  mm 1129 364
1  mm 1140 365
1  mm 1146 365
1  mm 1157 365
1  mm 1167 365
1  mm 1174 365
1  mm 1177 363
1  mm 1180 361
1  mm 1182 358
1  mm 1187 354
1  mm 1192 351
1  mm 1203 348
1  mm 1213 343
1  mm 1220 339
1  mm 1221 338
0  
1  mm 1221 337
1  mm 1197 332
1  mm 1167 324
1  mm 1139 314
1  mm 1106 301
2 T 1207863668.823000 mm 1076 283
1  mm 1056 265
1  mm 1037 251
1  mm 1013 237
1  mm 988 223
1  mm 962 212
1  mm 935 203
1  mm 909 192
1  mm 881 184
1  mm 872 184
1  mm 864 184
1  mm 862 184
0  
0  
0  
0  
0  
1  mm 859 184
1  mm 847 182
1  mm 844 181
1  mm 842 181
0  
0  
1  mb 1 1 842 181
0  
0  
0  
0  
0  
0  
0  
0  
1  mb 1 0 842 181
