1210033492 seed, 30 fps, 1920x1080, fullScreen=1, version93_mouseSpeed1.000000_musicOff0_musicLoudness0.000000_webRetrySeconds16 2FF7EFE6CB93DEBA90A2E44446089C94A7BDACB5
2 T 1210033492.809000 mm 498 638
0  
1  mm 935 558
1  mm 962 567
1  mm 1013 575
1  mm 1035 575
1  mm 1036 575
0  
0  
1  mm 1036 590
1  mm 1036 599
0  
0  
0  
0  
0  
0  
0  
1  mm 1047 585
1  mm 1051 580
0  
0  
0  
0  
0  
0  
0  
1  mm 1076 583
1  mm 1167 594
1  mm 1223 597
1  mm 1230 597
0  
0  
1  mm 1231 597
1  mm 1238 597
2  mb 1 1 1240 597 mb 1 0 1240 597
0  
0  
0  
0  
0  
0  
0  
0  
0  
0  
0  
0  
0  
0  
0  
0  
0  
0  
0  
0  
0  
0  
0  
0  
0  
0  
0  
1  mm 1302 610
3 T 1210033496.644000 T 1210033496.647000 mm 1438 615
1 T 1210033496.677000 
1 T 1210033496.710000 
1 T 1210033496.743000 
1 T 1210033496.775000 
1 T 1210033496.809000 
1 T 1210033496.843000 
1 T 1210033496.875000 
1 T 1210033496.908000 
1 T 1210033496.941000 
1 T 1210033496.975000 
1 T 1210033497.006000 
1 T 1210033497.040000 
1 T 1210033497.073000 
1 T 1210033497.106000 
1 T 1210033497.138000 
1 T 1210033497.173000 
1 T 1210033497.205000 
1 T 1210033497.237000 
1 T 1210033497.271000 
2 T 1210033497.303000 mm 1432 622
2 T 1210033497.336000 mm 1405 663
2 T 1210033497.370000 mm 1400 674
2 T 1210033497.403000 mm 1400 675
1 T 1210033497.436000 
1 T 1210033497.469000 
2 T 1210033497.502000 mm 1351 684
2 T 1210033497.535000 mm 1194 709
2 T 1210033497.568000 mm 968 740
2 T 1210033497.601000 mm 727 781
2 T 1210033497.634000 mm 536 840
2 T 1210033497.666000 mm 474 871
2 T 1210033497.699000 mm 456 894
2 T 1210033497.733000 mm 439 915
2 T 1210033497.765000 mm 420 935
2 T 1210033497.799000 mm 389 944
1  mm 385 947
0  
0  
0  
0  
1  mb 1 1 385 947
0  
0  
1  mb 1 0 385 947
