1210638169 seed, 30 fps, 1920x1080, fullScreen=1, version96_mouseSpeed1.000000_musicOff0_musicLoudness0.000000_webRetrySeconds16 D7B0694EEF5ECFC8B3CCDCAF722279C3F19F6647
3 T 1210638169.922000 mm 1541 551 mm 1457 538
1  mm 1450 536
1  mm 1407 525
1  mm 1406 525
0  
0  
0  
1  mm 1406 524
1  mm 1407 524
0  
0  
0  
0  
1  mm 1406 524
0  
0  
0  
0  
0  
0  
0  
0  
0  
0  
0  
0  
0  
1  mm 1418 523
0  
0  
0  
0  
0  
0  
0  
0  
0  
0  
0  
0  
0  
0  
0  
0  
1  mm 1434 523
1  mm 1435 523
0  
0  
0  
0  
0  
0  
0  
0  
0  
0  
1  mm 1434 523
1  mm 1433 523
0  
1  mm 1431 523
1  mm 1430 523
1  mm 1425 523
0  
0  
0  
3 T 1210638173.847000 T 1210638173.850000 mm 1409 523
2 T 1210638173.879000 mm 1406 523
1 T 1210638173.912000 
2 T 1210638173.946000 mm 1405 523
1 T 1210638173.978000 
1 T 1210638174.011000 
2 T 1210638174.044000 mm 1403 523
1 T 1210638174.077000 
1 T 1210638174.110000 
1 T 1210638174.143000 
2 T 1210638174.177000 mm 1399 523
2 T 1210638174.208000 mm 1383 527
2 T 1210638174.243000 mm 1388 530
2 T 1210638174.274000 mm 1423 530
1 T 1210638174.309000 
1 T 1210638174.341000 
1 T 1210638174.374000 
1 T 1210638174.406000 
1 T 1210638174.441000 
1 T 1210638174.473000 
2 T 1210638174.507000 mm 1423 533
2 T 1210638174.539000 mm 1417 534
2 T 1210638174.572000 mm 1395 537
2 T 1210638174.605000 mm 1340 549
2 T 1210638174.637000 mm 1212 588
2 T 1210638174.671000 mm 1042 638
2 T 1210638174.704000 mm 840 708
2 T 1210638174.737000 mm 670 772
2 T 1210638174.770000 mm 530 843
2 T 1210638174.804000 mm 465 882
2 T 1210638174.836000 mm 434 898
2 T 1210638174.868000 mm 406 910
2 T 1210638174.902000 mm 392 913
2 T 1210638174.935000 mm 382 916
2 T 1210638174.968000 mm 380 917
1  mm 373 926
1  mm 366 936
1  mm 364 940
1  mm 363 941
1  mm 363 943
1  mm 363 945
0  
0  
0  
0  
0  
0  
0  
0  
0  
0  
0  
0  
0  
0  
0  
0  
0  
0  
0  
0  
0  
0  
0  
0  
0  
0  
0  
0  
0  
0  
0  
0  
0  
0  
0  
0  
0  
0  
0  
0  
0  
0  
0  
0  
0  
0  
0  
0  
0  
0  
0  
0  
0  
0  
0  
0  
0  
0  
0  
0  
0  
0  
0  
0  
0  
0  
0  
0  
0  
0  
0  
0  
0  
0  
0  
0  
0  
0  
0  
0  
0  
0  
0  
0  
0  
0  
0  
0  
0  
0  
0  
0  
0  
1 T 1210638178.268000 
0  
0  
0  
0  
0  
0  
0  
0  
0  
0  
0  
0  
0  
0  
0  
0  
0  
0  
0  
0  
0  
0  
0  
0  
0  
0  
0  
0  
0  
0  
0  
0  
0  
0  
0  
0  
0  
0  
0  
0  
0  
0  
0  
0  
0  
0  
1  mm 363 950
1  mm 362 952
1  mm 362 953
1  mm 362 957
0  
1  mm 362 958
0  
0  
0  
0  
0  
0  
0  
0  
0  
0  
0  
0  
0  
0  
0  
0  
0  
0  
0  
0  
0  
0  
0  
0  
0  
0  
0  
0  
0  
0  
0  
0  
0  
0  
0  
0  
0  
0  
0  
0  
0  
0  
0  
0  
0  
0  
0  
1 T 1210638181.568000 
0  
0  
0  
0  
0  
0  
0  
0  
0  
0  
0  
0  
0  
0  
0  
0  
1  mb 1 1 362 958
0  
0  
0  
1  mb 1 0 362 958
