1208379179 seed, 60 fps, 1920x1080, fullScreen=1, version75_mouseSpeed1.000000_musicOff0_musicLoudness1.000000_webRetrySeconds16 BC3D5E7F7F79892FF6B0487E89DDE795D6A445C6
0  
0  
0  
0  
0  
0  
0  
0  
0  
1 T 1208379182.336000 
0  
0  
0  
0  
0  
0  
0  
0  
0  
0  
0  
0  
0  
0  
0  
0  
0  
0  
0  
0  
0  
0  
0  
0  
0  
0  
0  
0  
0  
0  
0  
0  
0  
0  
0  
0  
0  
0  
0  
0  
0  
0  
0  
0  
0  
0  
0  
0  
0  
0  
0  
0  
0  
0  
0  
0  
0  
0  
0  
0  
0  
0  
0  
0  
0  
0  
0  
0  
0  
0  
0  
0  
0  
0  
0  
0  
0  
0  
0  
0  
0  
0  
0  
0  
0  
0  
0  
0  
0  
0  
0  
0  
0  
0  
0  
0  
0  
0  
0  
1 T 1208379184.349000 
0  
0  
0  
0  
0  
2 T 1208379190.921000 T 1208379190.924000 
0  
0  
1 T 1208379190.933000 
1 T 1208379190.949000 
1 T 1208379190.966000 
1 T 1208379190.983000 
1 T 1208379191.000000 
1 T 1208379191.017000 
1 T 1208379191.033000 
1 T 1208379191.050000 
1 T 1208379191.066000 
1 T 1208379191.083000 
1 T 1208379191.099000 
1 T 1208379191.116000 
1 T 1208379191.133000 
1 T 1208379191.149000 
1 T 1208379191.166000 
1 T 1208379191.183000 
1 T 1208379191.199000 
1 T 1208379191.216000 
1 T 1208379191.233000 
1 T 1208379191.249000 
1 T 1208379191.266000 
1 T 1208379191.283000 
1 T 1208379191.300000 
1 T 1208379191.316000 
1 T 1208379191.333000 
1 T 1208379191.350000 
1 T 1208379191.366000 
1 T 1208379191.383000 
1 T 1208379191.400000 
1 T 1208379191.416000 
1 T 1208379191.433000 
1 T 1208379191.450000 
1 T 1208379191.466000 
1 T 1208379191.482000 
1 T 1208379191.499000 
1 T 1208379191.516000 
1 T 1208379191.532000 
1 T 1208379191.549000 
1 T 1208379191.566000 
1 T 1208379191.583000 
1 T 1208379191.599000 
1 T 1208379191.616000 
1 T 1208379191.633000 
1 T 1208379191.649000 
1 T 1208379191.666000 
1 T 1208379191.683000 
1 T 1208379191.699000 
1 T 1208379191.716000 
1 T 1208379191.733000 
1 T 1208379191.749000 
1 T 1208379191.766000 
1 T 1208379191.783000 
1 T 1208379191.799000 
1 T 1208379191.816000 
1 T 1208379191.833000 
1 T 1208379191.849000 
1 T 1208379191.866000 
1 T 1208379191.883000 
1 T 1208379191.899000 
1 T 1208379191.916000 
1 T 1208379191.933000 
1 T 1208379191.949000 
1 T 1208379191.966000 
1 T 1208379191.983000 
1 T 1208379191.999000 
1 T 1208379192.016000 
1 T 1208379192.033000 
0  
0  
0  
0  
0  
0  
0  
0  
0  
0  
0  
0  
0  
0  
0  
0  
0  
0  
0  
0  
0  
0  
0  
0  
1 T 1208379192.449000 
0  
0  
0  
0  
0  
0  
0  
0  
0  
0  
0  
0  
0  
0  
0  
0  
0  
0  
0  
0  
0  
0  
0  
0  
0  
0  
0  
0  
0  
0  
0  
0  
0  
0  
0  
0  
0  
0  
0  
0  
0  
0  
0  
0  
0  
0  
0  
0  
0  
0  
0  
0  
0  
0  
0  
0  
0  
0  
0  
1  mm 1059 307
1  mm 1024 327
1  mm 1021 339
0  
0  
1  mm 1021 340
0  
0  
0  
1  mm 1006 361
1  mm 935 392
1  mm 819 419
1  mm 679 446
1  mm 605 465
1  mm 577 476
1  mm 552 495
1  mm 534 511
1  mm 521 522
1  mm 517 529
1  mm 513 539
1  mm 513 545
1  mm 513 554
1  mm 518 588
1  mm 518 617
1  mm 518 641
1  mm 516 653
1  mm 516 657
1  mm 516 658
0  
1  mm 515 659
1  mm 506 666
1  mm 498 669
1  mm 484 672
1  mm 471 674
1  mm 449 680
1  mm 431 689
1  mm 414 698
1  mm 400 704
1  mm 389 711
1  mm 384 714
2 T 1208379194.115000 mm 377 717
1  mm 373 719
1  mm 369 724
1  mm 365 726
0  
0  
0  
0  
1  mm 363 726
0  
0  
0  
0  
0  
0  
0  
0  
0  
0  
0  
0  
0  
0  
0  
0  
0  
0  
0  
0  
0  
0  
0  
0  
0  
0  
0  
0  
0  
0  
0  
0  
0  
0  
0  
0  
0  
0  
0  
1  mb 1 1 363 726
0  
0  
0  
0  
0  
0  
0  
2 F 0.000000 mb 1 0 363 726
1 F 0.000000 
3 af 0 af 1 F 0.000000 
1 F 0.000000 
1 F 0.000000 
1 F 0.000000 
1 F 0.000000 
1 F 0.000000 
1 F 0.000000 
1 F 0.000000 
1 F 0.000000 
1 F 0.000000 
1 F 0.000000 
1 F 0.000000 
1 F 0.000000 
1 F 0.000000 
1 F 0.000000 
1 F 0.000000 
1 F 0.000000 
1 F 0.000000 
2 F 0.000000 mm 365 726
2 F 0.000000 mm 403 726
2 F 0.000000 mm 452 722
2 F 0.000000 mm 513 705
2 F 0.000000 mm 582 683
2 F 0.000000 mm 635 663
2 F 0.000000 mm 684 637
2 F 0.000000 mm 730 613
2 F 0.000000 mm 778 588
2 F 0.000000 mm 830 572
2 F 0.000000 mm 878 550
2 F 0.000000 mm 924 531
2 F 0.000000 mm 960 514
2 F 0.000000 mm 991 495
2 F 0.000000 mm 1016 473
2 F 0.000000 mm 1044 437
2 F 0.000000 mm 1062 414
2 F 0.000000 mm 1076 392
2 F 0.000000 mm 1088 369
2 F 0.000000 mm 1096 353
2 F 0.000000 mm 1099 339
2 F 0.000000 mm 1101 327
2 F 0.000000 mm 1103 313
2 F 0.000000 mm 1108 297
3 T 1208379195.781000 F 0.000000 mm 1109 286
2 F 0.000000 mm 1110 280
2 F 0.000000 mm 1110 271
2 F 0.000000 mm 1110 265
2 F 0.000000 mm 1102 256
2 F 0.000000 mm 1092 248
2 F 0.000000 mm 1080 243
2 F 0.000000 mm 1064 235
2 F 0.000000 mm 1058 232
2 F 0.000000 mm 1057 232
1 F 0.000000 
1 F 0.000000 
1 F 0.000000 
1 F 0.000000 
1 F 0.000000 
1 F 0.000000 
1 F 0.000000 
1 F 0.000000 
2 F 0.000000 mm 1055 232
2 F 0.000000 mm 1054 239
2 F 0.000000 mm 1053 246
2 F 0.000000 mm 1053 260
2 F 0.000000 mm 1051 273
2 F 0.000000 mm 1045 290
2 F 0.000000 mm 1045 304
2 F 0.000000 mm 1045 313
2 F 0.000000 mm 1045 323
2 F 0.000000 mm 1050 338
2 F 0.000000 mm 1054 345
2 F 0.000000 mm 1066 378
2 F 0.000000 mm 1076 433
2 F 0.000000 mm 1086 495
2 F 0.000000 mm 1089 551
2 F 0.000000 mm 1089 595
2 F 0.000000 mm 1089 632
2 F 0.000000 mm 1089 665
2 F 0.000000 mm 1083 703
2 F 0.000000 mm 1077 736
2 F 0.000000 mm 1070 763
2 F 0.000000 mm 1065 792
2 F 0.000000 mm 1055 818
2 F 0.000000 mm 1046 838
2 F 0.000000 mm 1041 844
2 F 0.000000 mm 1034 854
2 F 0.000000 mm 1024 864
2 F 0.000000 mm 1018 868
2 F 0.000000 mm 1011 870
2 F 0.000000 mm 1005 874
2 F 0.000000 mm 1000 876
2 F 0.000000 mm 997 878
2 F 0.000000 mm 996 878
2 F 0.000000 mm 995 880
2 F 0.000000 mm 993 882
2 F 0.000000 mm 992 886
2 F 0.000000 mm 990 890
2 F 0.000000 mm 989 891
2 F 0.000000 mm 989 894
2 F 0.000000 mm 988 897
2 F 0.000000 mm 987 900
2 F 0.000000 mm 986 901
2 F 0.000000 mm 986 902
2 F 0.000000 mm 986 903
2 F 0.000000 mm 985 904
2 F 0.000000 mm 984 905
2 F 0.000000 mm 984 906
2 F 0.000000 mm 981 909
2 F 0.000000 mm 980 910
2 F 0.000000 mm 979 911
1 F 0.000000 
1 F 0.000000 
2 F 0.000000 mm 977 913
1 F 0.000000 
1 F 0.000000 
1 F 0.000000 
1 F 0.000000 
1 F 0.000000 
1 F 0.000000 
1 F 0.000000 
1 F 0.000000 
1 F 0.000000 
1 F 0.000000 
1 F 0.000000 
1 F 0.000000 
1 F 0.000000 
1 F 0.000000 
1 F 0.000000 
1 F 0.000000 
1 F 0.000000 
1 F 0.000000 
1 F 0.000000 
1 F 0.000000 
1 F 0.000000 
1 F 0.000000 
1 F 0.000000 
1 F 0.000000 
1 F 0.000000 
1 F 0.000000 
1 F 0.000000 
1 F 0.000000 
1 F 0.000000 
2 T 1208379197.447000 F 0.000000 
1 F 0.000000 
1 F 0.000000 
1 F 0.000000 
1 F 0.000000 
1 F 0.000000 
1 F 0.000000 
1 F 0.000000 
1 F 0.000000 
1 F 0.000000 
1 F 0.000000 
1 F 0.000000 
1 F 0.000000 
1 F 0.000000 
1 F 0.000000 
1 F 0.000000 
1 F 0.000000 
1 F 0.000000 
1 F 0.000000 
1 F 0.000000 
1 F 0.000000 
1 F 0.000000 
1 F 0.000000 
1 F 0.000000 
1 F 0.000000 
1 F 0.000000 
1 F 0.000000 
1 F 0.000000 
1 F 0.000000 
1 F 0.000000 
1 F 0.000000 
1 F 0.000000 
1 F 0.000000 
1 F 0.000000 
1 F 0.000000 
1 F 0.000000 
1 F 0.000000 
1 F 0.000000 
1 F 0.000000 
1 F 0.000000 
1 F 0.000000 
1 F 0.000000 
1 F 0.000000 
1 F 0.000000 
1 F 0.000000 
1 F 0.000000 
1 F 0.000000 
1 F 0.000000 
1 F 0.000000 
1 F 0.000000 
1 F 0.000000 
1 F 0.000000 
1 F 0.000000 
1 F 0.000000 
1 F 0.000000 
1 F 0.000000 
1 F 0.000000 
1 F 0.000000 
1 F 0.000000 
1 F 0.000000 
1 F 0.000000 
1 F 0.000000 
1 F 0.000000 
1 F 0.000000 
1 F 0.000000 
1 F 0.000000 
1 F 0.000000 
1 F 0.000000 
1 F 0.000000 
1 F 0.000000 
1 F 0.000000 
1 F 0.000000 
1 F 0.000000 
1 F 0.000000 
1 F 0.000000 
1 F 0.000000 
1 F 0.000000 
1 F 0.000000 
1 F 0.000000 
1 F 0.000000 
1 F 0.000000 
1 F 0.000000 
1 F 0.000000 
1 F 0.000000 
1 F 0.000000 
1 F 0.000000 
1 F 0.000000 
1 F 0.000000 
1 F 0.000000 
1 F 0.000000 
1 F 0.000000 
1 F 0.000000 
1 F 0.000000 
1 F 0.000000 
1 F 0.000000 
1 F 0.000000 
1 F 0.000000 
1 F 0.000000 
1 F 0.000000 
1 F 0.000000 
2 T 1208379199.113000 F 0.000000 
1 F 0.000000 
1 F 0.000000 
1 F 0.000000 
1 F 0.000000 
1 F 0.000000 
1 F 0.000000 
1 F 0.000000 
1 F 0.000000 
1 F 0.000000 
1 F 0.000000 
1 F 0.000000 
1 F 0.000000 
1 F 0.000000 
1 F 0.000000 
1 F 0.000000 
1 F 0.000000 
1 F 0.000000 
1 F 0.000000 
1 F 0.000000 
1 F 0.000000 
1 F 0.000000 
1 F 0.000000 
1 F 0.000000 
1 F 0.000000 
1 F 0.000000 
1 F 0.000000 
1 F 0.000000 
1 F 0.000000 
1 F 0.000000 
1 F 0.000000 
1 F 0.000000 
1 F 0.000000 
1 F 0.000000 
1 F 0.000000 
1 F 0.000000 
1 F 0.000000 
1 F 0.000000 
1 F 0.000000 
1 F 0.000000 
1 F 0.000000 
1 F 0.000000 
1 F 0.000000 
1 F 0.000000 
1 F 0.000000 
1 F 0.000000 
1 F 0.000000 
1 F 0.000000 
1 F 0.000000 
1 F 0.000000 
1 F 0.000000 
1 F 0.000000 
1 F 0.000000 
1 F 0.000000 
1 F 0.000000 
1 F 0.000000 
1 F 0.000000 
1 F 0.000000 
1 F 0.000000 
1 F 0.000000 
1 F 0.000000 
1 F 0.000000 
1 F 0.000000 
1 F 0.000000 
1 F 0.000000 
1 F 0.000000 
1 F 0.000000 
1 F 0.000000 
1 F 0.000000 
1 F 0.000000 
1 F 0.000000 
1 F 0.000000 
1 F 0.000000 
1 F 0.000000 
2 F 0.000000 mb 1 1 977 913
1 F 0.000000 
1 F 0.000000 
1 F 0.000000 
1 F 0.000000 
1 F 0.000000 
1 F 0.000000 
1 F 0.000000 
1 F 0.000000 
1 F 0.000000 
1 F 0.000000 
1 F 0.000000 
1 F 0.000000 
1 F 0.000000 
1 F 0.000000 
1 F 0.000000 
1 F 0.000000 
1 F 0.000000 
1 F 0.000000 
1 F 0.000000 
1 F 0.000000 
3 T 1208379200.696000 T 1208379200.697000 mb 1 0 977 913
1 T 1208379200.713000 
1 T 1208379200.730000 
1 T 1208379200.746000 
1 T 1208379200.763000 
2 T 1208379200.779000 T 1208379200.780000 
1 T 1208379200.796000 
1 T 1208379200.813000 
1 T 1208379200.830000 
1 T 1208379200.846000 
1 T 1208379200.863000 
1 T 1208379200.879000 
1 T 1208379200.896000 
1 T 1208379200.913000 
1 T 1208379200.930000 
1 T 1208379200.946000 
1 T 1208379200.962000 
1 T 1208379200.979000 
1 T 1208379200.997000 
1 T 1208379201.013000 
1 T 1208379201.029000 
1 T 1208379201.046000 
1 T 1208379201.062000 
1 T 1208379201.080000 
1 T 1208379201.096000 
1 T 1208379201.113000 
1 T 1208379201.129000 
1 T 1208379201.147000 
1 T 1208379201.162000 
1 T 1208379201.180000 
1 T 1208379201.196000 
2 T 1208379201.213000 mm 979 905
2 T 1208379201.230000 mm 1009 850
2 T 1208379201.246000 mm 1033 818
2 T 1208379201.263000 mm 1069 780
2 T 1208379201.280000 mm 1126 734
2 T 1208379201.296000 mm 1247 617
2 T 1208379201.313000 mm 1324 536
2 T 1208379201.329000 mm 1388 464
2 T 1208379201.346000 mm 1447 388
2 T 1208379201.363000 mm 1481 337
2 T 1208379201.380000 mm 1496 310
2 T 1208379201.396000 mm 1502 296
2 T 1208379201.414000 mm 1502 293
2 T 1208379201.429000 mm 1502 285
2 T 1208379201.447000 mm 1502 266
2 T 1208379201.463000 mm 1502 244
2 T 1208379201.480000 mm 1499 222
2 T 1208379201.497000 mm 1494 192
2 T 1208379201.513000 mm 1486 172
2 T 1208379201.529000 mm 1477 159
2 T 1208379201.547000 mm 1468 151
2 T 1208379201.563000 mm 1454 146
2 T 1208379201.580000 mm 1428 144
2 T 1208379201.596000 mm 1395 142
2 T 1208379201.613000 mm 1360 142
2 T 1208379201.630000 mm 1334 142
2 T 1208379201.648000 mm 1325 146
2 T 1208379201.663000 mm 1325 148
2 T 1208379201.680000 mm 1339 159
2 T 1208379201.696000 mm 1367 170
2 T 1208379201.714000 mm 1431 200
2 T 1208379201.729000 mm 1477 226
2 T 1208379201.746000 mm 1512 250
2 T 1208379201.762000 mm 1518 263
2 T 1208379201.780000 mm 1519 267
2 T 1208379201.796000 mm 1519 275
2 T 1208379201.814000 mm 1519 287
1  mm 1510 306
1  mm 1501 329
1  mm 1489 353
1  mm 1481 373
1  mm 1473 393
1  mm 1473 408
1  mm 1473 430
1  mm 1473 453
1  mm 1473 482
1  mm 1473 508
1  mm 1473 536
1  mm 1468 557
1  mm 1460 572
1  mm 1451 581
1  mm 1441 586
1  mm 1432 586
1  mm 1415 586
1  mm 1411 583
0  
0  
0  
0  
0  
0  
1  mm 1419 573
1  mm 1439 559
1  mm 1454 549
1  mm 1463 544
1  mm 1464 544
0  
0  
0  
0  
0  
0  
0  
0  
1 T 1208379202.445000 
0  
1  mm 1466 520
1  mm 1455 458
1  mm 1378 297
1  mm 1272 179
1  mm 1157 99
1  mm 1039 44
1  mm 950 29
1  mm 895 27
1  mm 881 27
0  
0  
1  mm 902 29
1  mm 933 37
1  mm 977 46
1  mm 1023 65
1  mm 1033 71
0  
0  
1  mm 1016 73
1  mm 987 77
1  mm 959 80
1  mm 929 82
1  mm 912 83
1  mm 906 84
1  mm 904 87
1  mm 904 88
1  mm 938 94
1  mm 963 98
1  mm 975 101
1  mm 977 102
0  
1  mm 976 104
1  mm 954 109
1  mm 927 113
1  mm 905 117
1  mm 895 121
1  mm 894 122
1  mm 893 123
1  mm 901 129
1  mm 925 133
1  mm 947 136
1  mm 953 137
0  
0  
0  
0  
0  
0  
0  
0  
0  
1  mm 954 137
1  mm 964 137
1  mm 973 137
1  mm 983 137
1  mm 994 137
1  mm 1004 137
1  mm 1012 137
1  mm 1013 137
0  
0  
0  
1  mm 1027 137
1  mm 1040 137
1  mm 1059 137
1  mm 1074 137
1  mm 1092 137
1  mm 1108 136
1  mm 1138 133
1  mm 1178 131
1  mm 1234 122
1  mm 1286 114
1  mm 1336 102
1  mm 1363 95
1  mm 1377 92
1  mm 1383 89
1  mm 1386 89
1  mm 1394 89
1  mm 1401 91
1  mm 1419 115
1  mm 1446 182
1  mm 1472 264
1  mm 1493 341
1  mm 1515 432
1  mm 1526 491
1  mm 1530 515
1  mm 1531 522
0  
0  
0  
0  
1  mm 1531 526
1  mm 1532 530
1  mm 1532 534
1  mm 1532 536
1  mm 1532 538
1  mm 1532 543
1  mm 1523 550
2 T 1208379204.112000 mm 1507 558
1  mm 1484 564
1  mm 1409 583
1  mm 1337 597
1  mm 1256 618
1  mm 1180 633
1  mm 1088 660
1  mm 1003 684
1  mm 931 707
1  mm 881 728
1  mm 852 738
1  mm 826 753
1  mm 804 767
1  mm 770 790
1  mm 751 804
1  mm 733 817
1  mm 717 826
1  mm 702 834
1  mm 690 841
1  mm 674 847
1  mm 651 855
1  mm 630 864
1  mm 608 869
1  mm 586 871
1  mm 559 875
1  mm 533 885
1  mm 523 890
1  mm 508 900
1  mm 494 910
1  mm 483 916
1  mm 469 923
1  mm 457 928
1  mm 448 929
1  mm 433 933
1  mm 423 934
1  mm 412 936
1  mm 403 936
1  mm 394 938
0  
1  mm 394 939
0  
0  
0  
1  mm 394 941
1  mm 392 944
1  mm 390 946
1  mm 389 946
1  mm 388 946
0  
0  
0  
1  mb 1 1 388 946
0  
0  
0  
0  
0  
0  
1  mb 1 0 388 946
