1207872038 seed, 60 fps, 1920x1080, fullScreen=1, version73_mouseSpeed1.000000_musicOff0_musicLoudness1.000000_webRetrySeconds16 39F5D403D9734472EB90545B8404B1BC918AF16B
0  
0  
0  
0  
0  
0  
0  
0  
0  
0  
0  
0  
0  
0  
0  
0  
0  
0  
1 T 1207872042.770000 
0  
0  
0  
0  
0  
0  
0  
0  
0  
0  
0  
0  
0  
0  
0  
0  
0  
0  
0  
0  
0  
0  
0  
0  
0  
0  
0  
0  
0  
0  
0  
0  
0  
0  
0  
0  
0  
0  
0  
0  
0  
0  
0  
0  
0  
0  
0  
1  mm 1138 280
0  
0  
1  mm 1136 282
0  
1  mm 1131 284
0  
0  
0  
0  
0  
0  
0  
0  
0  
0  
0  
0  
0  
0  
0  
0  
0  
1  mm 1130 284
0  
0  
0  
0  
0  
0  
0  
0  
0  
0  
0  
0  
0  
0  
0  
0  
0  
0  
0  
0  
0  
1  mm 1122 286
1  mm 1137 293
0  
0  
2 T 1207872046.918000 T 1207872046.920000 
1 T 1207872046.921000 
0  
1 T 1207872046.935000 
1 T 1207872046.970000 
1 T 1207872047.003000 
1 T 1207872047.036000 
1 T 1207872047.069000 
1 T 1207872047.103000 
1 T 1207872047.136000 
1 T 1207872047.169000 
1 T 1207872047.203000 
1 T 1207872047.236000 
2 T 1207872047.269000 mm 1132 296
2 T 1207872047.303000 mm 1032 331
2 T 1207872047.336000 mm 879 399
2 T 1207872047.369000 mm 749 475
2 T 1207872047.402000 mm 678 526
2 T 1207872047.436000 mm 634 569
2 T 1207872047.469000 mm 603 608
2 T 1207872047.502000 mm 561 648
2 T 1207872047.536000 mm 522 676
2 T 1207872047.569000 mm 506 684
2 T 1207872047.602000 mm 486 686
2 T 1207872047.636000 mm 449 686
2 T 1207872047.669000 mm 401 689
2 T 1207872047.702000 mm 377 701
2 T 1207872047.736000 mm 367 709
2 T 1207872047.769000 mm 365 711
2 T 1207872047.802000 mb 1 1 365 711
1 T 1207872047.836000 
1 T 1207872047.869000 
1 T 1207872047.902000 
2 F 0.000000 mb 1 0 365 711
1 F 0.000000 
3 af 0 af 1 F 0.000000 
1 F 0.000000 
1 F 0.000000 
1 F 0.000000 
1 F 0.000000 
1 F 0.000000 
1 F 0.000000 
1 F 0.000000 
1 F 0.000000 
1 F 0.000000 
1 F 0.000000 
1 F 0.000000 
1 F 0.000000 
1 F 0.000000 
1 F 0.000000 
1 F 0.000000 
1 F 0.000000 
1 F 0.000000 
1 F 0.000000 
1 F 0.000000 
1 F 0.000000 
1 F 0.000000 
1 F 0.000000 
1 F 0.000000 
1 F 0.000000 
1 F 0.000000 
1 F 0.000000 
1 F 0.000000 
1 F 0.000000 
1 F 0.000000 
1 F 0.000000 
2 F 0.000000 mm 371 712
2 F 0.000000 mm 399 706
2 F 0.000000 mm 419 702
2 F 0.000000 mm 438 699
2 F 0.000000 mm 460 698
2 F 0.000000 mm 485 698
2 F 0.000000 mm 531 700
2 F 0.000000 mm 598 718
2 F 0.000000 mm 670 752
2 F 0.000000 mm 736 792
2 F 0.000000 mm 787 826
2 F 0.000000 mm 832 856
2 F 0.000000 mm 858 870
2 F 0.000000 mm 893 879
2 F 0.000000 mm 906 885
2 F 0.000000 mm 912 886
2 F 0.000000 mm 919 889
2 F 0.000000 mm 927 890
2 F 0.000000 mm 937 891
2 F 0.000000 mm 946 891
2 F 0.000000 mm 948 891
1 F 0.000000 
1 F 0.000000 
1 F 0.000000 
1 F 0.000000 
1 F 0.000000 
1 F 0.000000 
1 F 0.000000 
1 F 0.000000 
2 F 0.000000 mm 954 902
2 F 0.000000 mm 956 907
2 F 0.000000 mm 957 911
2 F 0.000000 mm 958 916
2 F 0.000000 mm 959 917
1 F 0.000000 
1 F 0.000000 
1 F 0.000000 
3 T 1207872049.151000 F 0.000000 mb 1 1 959 917
1 F 0.000000 
1 F 0.000000 
1 F 0.000000 
1 F 0.000000 
1 F 0.000000 
1 F 0.000000 
1 F 0.000000 
1 F 0.000000 
3 T 1207872049.301000 T 1207872049.302000 mb 1 0 959 917
1 T 1207872049.318000 
1 T 1207872049.335000 
1 T 1207872049.351000 
1 T 1207872049.367000 
1 T 1207872049.385000 
1 T 1207872049.402000 
1 T 1207872049.418000 
1 T 1207872049.435000 
1 T 1207872049.451000 
1 T 1207872049.468000 
1 T 1207872049.485000 
1 T 1207872049.501000 
1 T 1207872049.518000 
1 T 1207872049.535000 
1 T 1207872049.551000 
1 T 1207872049.568000 
1 T 1207872049.585000 
1 T 1207872049.601000 
1 T 1207872049.618000 
1 T 1207872049.634000 
1 T 1207872049.651000 
1 T 1207872049.668000 
1 T 1207872049.685000 
2 T 1207872049.702000 mm 1014 921
2 T 1207872049.718000 mm 1075 921
2 T 1207872049.735000 mm 1134 923
2 T 1207872049.751000 mm 1173 923
2 T 1207872049.768000 mm 1211 924
2 T 1207872049.784000 mm 1225 925
2 T 1207872049.801000 mm 1237 929
2 T 1207872049.818000 mm 1245 937
2 T 1207872049.834000 mm 1252 940
2 T 1207872049.851000 mm 1256 942
1 T 1207872049.868000 
1 T 1207872049.884000 
1 T 1207872049.901000 
1 T 1207872049.918000 
1 T 1207872049.935000 
1 T 1207872049.951000 
1 T 1207872049.968000 
1 T 1207872049.985000 
1 T 1207872050.001000 
2 T 1207872050.018000 mm 1255 944
2 T 1207872050.035000 mm 1246 945
2 T 1207872050.051000 mm 1222 945
2 T 1207872050.069000 mm 1194 945
2 T 1207872050.085000 mm 1168 945
2 T 1207872050.102000 mm 1138 943
2 T 1207872050.118000 mm 1105 939
2 T 1207872050.135000 mm 1056 934
2 T 1207872050.151000 mm 967 921
2 T 1207872050.168000 mm 872 908
2 T 1207872050.185000 mm 769 889
2 T 1207872050.201000 mm 654 875
2 T 1207872050.218000 mm 568 869
2 T 1207872050.235000 mm 520 869
2 T 1207872050.251000 mm 475 869
2 T 1207872050.268000 mm 434 873
2 T 1207872050.285000 mm 405 882
2 T 1207872050.301000 mm 383 890
2 T 1207872050.318000 mm 373 897
2 T 1207872050.335000 mm 365 903
2 T 1207872050.351000 mm 354 914
2 T 1207872050.368000 mm 335 926
2 T 1207872050.385000 mm 328 928
2 T 1207872050.401000 mm 327 928
1 T 1207872050.418000 
0  
0  
1  mm 332 928
1  mm 347 928
1  mm 369 928
1  mm 384 930
1  mm 400 936
1  mm 410 941
1  mm 415 944
0  
0  
0  
1  mm 415 945
0  
0  
0  
0  
0  
1  mm 413 948
1  mm 407 953
1  mm 405 957
0  
1  mb 1 1 405 957
1 T 1207872050.817000 
0  
0  
0  
0  
0  
0  
0  
1  mb 1 0 405 957
