1207987832 seed, 60 fps, 1612x907, fullScreen=0, version73_mouseSpeed1.000000_musicOff0_musicLoudness1.000000_webRetrySeconds16 39F5D403D9734472EB90545B8404B1BC918AF16B
0  
0  
1  mm 1421 70
1  mm 1507 61
0  
0  
1  mm 1508 60
1  mm 1511 56
2 T 1207987835.617000 mm 1517 50
1  mm 1526 43
1  mm 1535 36
1  mm 1537 34
1  mm 1538 33
0  
0  
0  
1  mm 1545 27
1  mm 1549 22
1  mm 1552 17
1  mm 1554 15
1  mm 1557 14
0  
0  
1  mm 1557 13
1  mm 1560 9
1  mm 1563 4
0  
0  
0  
0  
0  
0  
0  
0  
0  
0  
0  
0  
0  
0  
0  
0  
0  
0  
0  
0  
0  
0  
0  
0  
0  
0  
0  
0  
0  
0  
0  
0  
0  
0  
0  
0  
0  
0  
0  
0  
1  mm 670 662
0  
1  mm 653 669
1  mm 645 670
1  mm 641 670
1  mm 639 670
1  mm 638 671
1  mm 634 671
1  mm 631 671
1  mm 628 671
1  mm 626 671
0  
0  
0  
0  
0  
0  
0  
0  
0  
0  
0  
0  
0  
0  
0  
0  
0  
0  
0  
0  
0  
0  
0  
0  
0  
0  
0  
0  
0  
0  
0  
1 T 1207987837.737000 
0  
0  
0  
0  
0  
0  
2 T 1207987838.532000 T 1207987838.535000 
1 T 1207987838.549000 
1 T 1207987838.566000 
1 T 1207987838.582000 
1 T 1207987838.599000 
1 T 1207987838.616000 
1 T 1207987838.633000 
1 T 1207987838.649000 
1 T 1207987838.666000 
1 T 1207987838.683000 
1 T 1207987838.700000 
1 T 1207987838.716000 
1 T 1207987838.733000 
1 T 1207987838.749000 
1 T 1207987838.766000 
1 T 1207987838.783000 
1 T 1207987838.800000 
1 T 1207987838.816000 
1 T 1207987838.833000 
1 T 1207987838.849000 
1 T 1207987838.866000 
2 T 1207987838.885000 mm 623 671
2 T 1207987838.901000 mm 602 672
2 T 1207987838.918000 mm 583 675
2 T 1207987838.934000 mm 559 682
2 T 1207987838.951000 mm 535 691
2 T 1207987838.968000 mm 507 704
2 T 1207987838.984000 mm 484 713
2 T 1207987839.001000 mm 466 721
2 T 1207987839.018000 mm 442 731
2 T 1207987839.034000 mm 430 740
2 T 1207987839.051000 mm 419 753
2 T 1207987839.068000 mm 416 757
2 T 1207987839.084000 mm 413 762
2 T 1207987839.101000 mm 404 771
2 T 1207987839.118000 mm 390 783
2 T 1207987839.134000 mm 380 790
2 T 1207987839.151000 mm 375 793
2 T 1207987839.168000 mm 367 795
2 T 1207987839.184000 mm 359 796
2 T 1207987839.201000 mm 345 798
2 T 1207987839.218000 mm 330 803
2 T 1207987839.234000 mm 321 806
2 T 1207987839.251000 mm 306 813
2 T 1207987839.268000 mm 302 814
2 T 1207987839.284000 mm 300 815
1 T 1207987839.301000 
1 T 1207987839.317000 
2 T 1207987839.334000 mb 1 1 300 815
1 T 1207987839.351000 
1 T 1207987839.367000 
1 T 1207987839.384000 
1 T 1207987839.401000 
1 T 1207987839.417000 
1  mb 1 0 300 815
