1211194978 seed, 30 fps, 1920x1080, fullScreen=1, version96_mouseSpeed1.000000_musicOff0_musicLoudness0.000000_webRetrySeconds16 D7B0694EEF5ECFC8B3CCDCAF722279C3F19F6647
2 T 1211194980.638000 mm 437 230
0  
1  mm 806 660
1  mm 823 660
1  mm 830 660
0  
0  
0  
0  
0  
0  
0  
0  
0  
0  
0  
0  
0  
0  
1  mm 840 664
1  mm 870 677
1  mm 918 693
1  mm 970 705
1  mm 1032 715
1  mm 1089 715
1  mm 1154 715
1  mm 1166 715
0  
0  
0  
0  
0  
1  mm 1167 715
1  mm 1163 720
1  mm 1147 730
1  mm 1145 730
0  
0  
0  
0  
0  
0  
0  
0  
0  
0  
0  
0  
0  
0  
0  
0  
0  
0  
0  
0  
0  
0  
0  
0  
0  
0  
0  
0  
0  
3 T 1211194985.613000 T 1211194985.616000 mm 1148 733
1 T 1211194985.708000 
1 T 1211194985.742000 
1 T 1211194985.775000 
1 T 1211194985.808000 
1 T 1211194985.842000 
1 T 1211194985.874000 
1 T 1211194985.907000 
1 T 1211194985.939000 
1 T 1211194985.973000 
2 T 1211194986.006000 mm 1142 733
2 T 1211194986.039000 mm 1069 733
2 T 1211194986.072000 mm 990 737
2 T 1211194986.105000 mm 887 759
2 T 1211194986.138000 mm 747 810
2 T 1211194986.171000 mm 649 853
2 T 1211194986.204000 mm 568 896
2 T 1211194986.236000 mm 513 921
2 T 1211194986.270000 mm 462 944
2 T 1211194986.303000 mm 421 967
2 T 1211194986.336000 mm 401 979
2 T 1211194986.369000 mm 396 983
1 T 1211194986.403000 
2 T 1211194986.435000 mm 393 983
2 T 1211194986.468000 mm 385 983
1 T 1211194986.500000 
1 T 1211194986.533000 
1 T 1211194986.567000 
1 T 1211194986.600000 
2 T 1211194986.633000 mb 1 1 385 983
1 T 1211194986.666000 
1 T 1211194986.699000 
1 T 1211194986.733000 
1  mb 1 0 385 983
