1209254429 seed, 30 fps, 1920x1080, fullScreen=1, version84_mouseSpeed1.000000_musicOff0_musicLoudness0.000000_webRetrySeconds16 42465DEE661C4C80A66BFD33B6F8DBB5EF6ACF88
2 T 1209254430.195000 mm 960 366
0  
0  
0  
0  
0  
0  
0  
0  
0  
0  
0  
0  
0  
0  
0  
0  
0  
0  
0  
0  
0  
0  
0  
0  
0  
0  
0  
0  
0  
0  
0  
0  
0  
0  
0  
0  
0  
0  
0  
0  
0  
0  
0  
0  
0  
0  
0  
0  
0  
0  
0  
0  
0  
0  
0  
0  
0  
0  
0  
0  
0  
0  
2 T 1209254434.051000 T 1209254434.055000 
1 T 1209254434.209000 
1 T 1209254434.210000 
1 T 1209254434.245000 
1 T 1209254434.277000 
1 T 1209254434.310000 
1 T 1209254434.343000 
1 T 1209254434.375000 
1 T 1209254434.901000 
1 T 1209254434.931000 
1 T 1209254434.964000 
1 T 1209254434.998000 
1 T 1209254435.031000 
1 T 1209254435.064000 
1 T 1209254435.097000 
1 T 1209254435.131000 
1 T 1209254435.163000 
0  
0  
0  
0  
0  
0  
0  
0  
0  
0  
0  
0  
0  
0  
0  
0  
0  
0  
0  
1 T 1209254435.829000 
0  
0  
0  
0  
0  
0  
0  
0  
0  
0  
0  
0  
0  
0  
0  
0  
0  
0  
0  
0  
0  
0  
0  
0  
0  
0  
0  
0  
0  
0  
0  
0  
0  
0  
0  
0  
0  
0  
0  
0  
0  
0  
0  
0  
0  
0  
0  
0  
0  
0  
0  
0  
0  
0  
0  
0  
0  
0  
0  
0  
0  
0  
0  
0  
0  
0  
0  
0  
0  
0  
0  
0  
0  
0  
0  
0  
0  
0  
0  
0  
0  
0  
0  
0  
0  
0  
0  
0  
0  
0  
0  
0  
0  
0  
0  
0  
0  
0  
0  
1 T 1209254439.129000 
0  
0  
0  
0  
0  
0  
0  
0  
0  
0  
0  
0  
0  
0  
0  
0  
0  
0  
0  
0  
0  
0  
0  
0  
0  
0  
0  
0  
0  
0  
0  
0  
0  
0  
0  
0  
0  
0  
0  
0  
0  
0  
0  
0  
0  
0  
0  
0  
0  
0  
0  
0  
0  
0  
0  
0  
0  
0  
0  
0  
0  
0  
0  
0  
0  
0  
0  
0  
0  
0  
0  
0  
0  
0  
0  
0  
0  
0  
0  
0  
0  
0  
0  
0  
0  
0  
0  
0  
0  
0  
0  
0  
0  
0  
0  
0  
0  
0  
0  
1 T 1209254442.429000 
0  
0  
0  
0  
0  
0  
0  
0  
0  
0  
0  
0  
0  
0  
0  
0  
0  
0  
0  
0  
0  
0  
0  
0  
0  
0  
0  
0  
0  
0  
0  
0  
0  
0  
0  
0  
0  
0  
0  
0  
0  
0  
0  
0  
0  
0  
0  
0  
0  
0  
0  
0  
0  
0  
0  
0  
0  
0  
0  
0  
0  
0  
0  
0  
0  
0  
0  
0  
0  
0  
0  
0  
0  
0  
0  
0  
0  
0  
0  
0  
0  
0  
0  
0  
0  
0  
0  
0  
0  
0  
0  
0  
0  
0  
0  
0  
0  
0  
0  
1 T 1209254445.731000 
0  
0  
0  
0  
0  
0  
0  
0  
0  
0  
0  
0  
0  
0  
0  
0  
0  
0  
0  
0  
0  
0  
0  
0  
0  
0  
0  
0  
0  
0  
0  
0  
0  
0  
0  
0  
0  
0  
0  
0  
0  
0  
0  
0  
0  
0  
0  
0  
0  
0  
0  
0  
0  
0  
0  
0  
0  
0  
0  
0  
0  
0  
0  
0  
0  
0  
0  
0  
0  
0  
0  
0  
0  
0  
0  
0  
0  
0  
0  
0  
0  
0  
0  
0  
0  
0  
0  
0  
0  
0  
0  
0  
0  
0  
0  
0  
0  
0  
0  
1 T 1209254449.030000 
0  
0  
0  
0  
0  
0  
0  
0  
0  
0  
0  
0  
0  
0  
0  
0  
0  
0  
0  
0  
0  
0  
0  
0  
0  
0  
0  
0  
0  
0  
0  
0  
0  
0  
0  
0  
0  
0  
0  
0  
0  
0  
0  
0  
0  
0  
0  
0  
0  
0  
0  
0  
0  
0  
0  
0  
0  
0  
0  
0  
0  
0  
0  
0  
0  
0  
0  
0  
0  
0  
0  
0  
0  
0  
0  
0  
0  
0  
0  
0  
0  
0  
0  
0  
0  
0  
0  
0  
0  
0  
0  
0  
0  
0  
0  
0  
0  
0  
0  
1 T 1209254452.332000 
0  
0  
0  
0  
0  
0  
0  
0  
0  
0  
0  
0  
0  
0  
0  
0  
0  
0  
0  
0  
0  
0  
0  
0  
0  
0  
0  
0  
0  
0  
0  
0  
0  
0  
0  
0  
0  
0  
0  
0  
0  
0  
0  
0  
0  
0  
0  
0  
0  
0  
0  
0  
0  
0  
0  
0  
0  
0  
0  
0  
0  
0  
0  
0  
0  
0  
0  
0  
0  
0  
0  
0  
0  
0  
0  
0  
0  
0  
0  
0  
0  
0  
0  
0  
0  
0  
0  
0  
0  
0  
0  
0  
0  
0  
0  
0  
0  
0  
0  
1 T 1209254455.632000 
0  
0  
0  
0  
0  
0  
0  
0  
0  
0  
0  
0  
0  
0  
0  
0  
0  
0  
0  
0  
0  
0  
0  
0  
0  
0  
0  
0  
0  
0  
0  
0  
0  
0  
0  
0  
0  
0  
0  
0  
0  
0  
0  
0  
0  
0  
0  
0  
0  
0  
0  
0  
0  
0  
0  
0  
0  
0  
0  
0  
0  
0  
0  
0  
0  
0  
0  
0  
0  
0  
0  
0  
0  
0  
0  
0  
0  
0  
0  
0  
0  
0  
0  
0  
0  
0  
0  
0  
0  
0  
0  
0  
0  
0  
0  
0  
0  
0  
0  
1 T 1209254458.932000 
0  
0  
0  
0  
0  
0  
0  
0  
0  
0  
0  
0  
0  
0  
0  
0  
0  
0  
0  
0  
0  
0  
0  
0  
0  
0  
0  
0  
0  
0  
0  
0  
0  
0  
0  
0  
0  
0  
0  
0  
0  
0  
0  
0  
0  
0  
0  
0  
0  
0  
0  
0  
0  
0  
0  
0  
0  
0  
0  
0  
0  
0  
0  
0  
0  
0  
0  
0  
0  
0  
0  
0  
0  
0  
0  
0  
0  
0  
0  
0  
0  
0  
0  
0  
0  
0  
0  
0  
0  
0  
0  
0  
0  
0  
0  
0  
0  
0  
0  
1 T 1209254462.232000 
0  
0  
0  
0  
0  
0  
0  
0  
0  
0  
0  
0  
0  
0  
0  
0  
0  
0  
0  
0  
0  
0  
0  
0  
0  
0  
0  
0  
0  
0  
0  
0  
0  
0  
0  
0  
0  
1  mm 1479 1061
0  
0  
0  
0  
1  mm 1476 1059
1  mm 1448 1017
1  mm 1420 971
1  mm 1372 891
1  mm 1306 773
1  mm 1292 721
1  mm 1292 704
1  mm 1308 675
1  mm 1345 626
1  mm 1381 581
1  mm 1408 555
1  mm 1413 552
1  mm 1414 552
0  
0  
0  
1  mm 1431 536
2  mm 1454 520 mm 1459 516
1  mm 1474 509
0  
0  
0  
0  
0  
0  
0  
0  
0  
0  
0  
1  mm 1462 509
1  mm 1304 535
1  mm 1164 577
1  mm 1041 651
1  mm 948 743
1  mm 867 814
1  mm 829 836
1  mm 787 850
1  mm 727 867
1  mm 691 877
1  mm 664 887
1  mm 615 906
1  mm 548 918
1  mm 520 925
0  
0  
0  
1  mm 510 913
1  mm 487 842
1  mm 480 805
1  mm 480 771
1  mm 480 770
0  
0  
0  
0  
1  mm 470 753
2 T 1209254465.671000 mm 453 739
1  mm 430 730
1  mm 420 729
0  
0  
0  
0  
0  
1  mb 1 1 420 729
0  
0  
2 F 0.000000 mb 1 0 420 729
1 F 0.000000 
3 af 0 af 1 F 0.000000 
1 F 0.000000 
1 F 0.000000 
1 F 0.000000 
1 F 0.000000 
2 F 0.000000 mm 460 717
2 F 0.000000 mm 578 690
2 F 0.000000 mm 709 686
2 F 0.000000 mm 757 701
2 F 0.000000 mm 780 744
2 F 0.000000 mm 800 803
2 F 0.000000 mm 822 836
2 F 0.000000 mm 827 842
2 F 0.000000 mm 832 842
2 F 0.000000 mm 845 848
2 F 0.000000 mm 863 862
2 F 0.000000 mm 873 881
2 F 0.000000 mm 896 918
2 F 0.000000 mm 917 930
2 F 0.000000 mm 933 930
2 F 0.000000 mm 937 929
1 F 0.000000 
2 F 0.000000 mb 1 1 937 929
1 F 0.000000 
1 F 0.000000 
3 T 1209254466.925000 T 1209254466.926000 mb 1 0 937 929
1 T 1209254466.958000 
1 T 1209254466.991000 
1 T 1209254467.023000 
1 T 1209254467.058000 
1 T 1209254467.090000 
2 T 1209254467.123000 mm 1030 844
2 T 1209254467.155000 mm 1142 722
2 T 1209254467.191000 mm 1234 612
2 T 1209254467.222000 mm 1291 529
2 T 1209254467.255000 mm 1356 449
2 T 1209254467.288000 mm 1397 432
2 T 1209254467.320000 mm 1417 431
2 T 1209254467.353000 mm 1447 449
2 T 1209254467.387000 mm 1491 478
2 T 1209254467.422000 mm 1522 498
2 T 1209254467.452000 mm 1523 500
1 T 1209254467.486000 
2 T 1209254467.519000 mm 1537 516
2 T 1209254467.551000 mm 1554 526
2 T 1209254467.584000 mm 1559 526
1 T 1209254467.618000 
1 T 1209254467.650000 
1 T 1209254467.685000 
1 T 1209254467.718000 
1 T 1209254467.751000 
1 T 1209254467.783000 
1 T 1209254467.817000 
1 T 1209254467.850000 
1 T 1209254467.882000 
1 T 1209254467.917000 
1 T 1209254467.949000 
1 T 1209254467.982000 
1 T 1209254468.015000 
1 T 1209254468.047000 
0  
0  
0  
0  
0  
0  
0  
0  
0  
0  
1  mb 1 1 1559 526
0  
0  
2 T 1209254468.515000 mb 1 0 1559 526
0  
1 T 1209254468.577000 
1 T 1209254468.608000 
1 T 1209254468.642000 
1 T 1209254468.675000 
1 T 1209254468.707000 
1 T 1209254468.741000 
1 T 1209254468.774000 
1 T 1209254468.806000 
1 T 1209254468.839000 
1 T 1209254468.873000 
1 T 1209254468.906000 
1 T 1209254468.939000 
1 T 1209254468.972000 
1 T 1209254469.005000 
1 T 1209254469.037000 
1 T 1209254469.071000 
1 T 1209254469.104000 
1 T 1209254469.136000 
1 T 1209254469.170000 
1 T 1209254469.202000 
1 T 1209254469.236000 
1 T 1209254469.268000 
1 T 1209254469.302000 
1 T 1209254469.335000 
1 T 1209254469.367000 
1 T 1209254469.401000 
1 T 1209254469.433000 
1 T 1209254469.467000 
1 T 1209254469.500000 
6 T 1209254469.532000 xs 0 2 16 534E0A302F3230300A31310A38340A23 xs 0 2 0 xs 0 0 7 T 1209254469.533000 xs 0 0 169 
5 T 1209254469.565000 xs 0 2 10 41434345505445440A23 xs 0 3 -1 T 1209254469.566000 T 1209254469.567000 
1 T 1209254469.598000 
1 T 1209254469.631000 
1 T 1209254469.664000 
1 T 1209254469.698000 
1 T 1209254469.731000 
1 T 1209254469.764000 
1 T 1209254469.797000 
1 T 1209254469.830000 
1 T 1209254469.863000 
1 T 1209254469.896000 
1 T 1209254469.929000 
1 T 1209254469.961000 
1 T 1209254469.994000 
1 T 1209254470.027000 
1 T 1209254470.060000 
1 T 1209254470.093000 
1 T 1209254470.127000 
1 T 1209254470.160000 
1 T 1209254470.194000 
1 T 1209254470.226000 
1 T 1209254470.258000 
1 T 1209254470.292000 
1 T 1209254470.325000 
1 T 1209254470.358000 
1 T 1209254470.391000 
1 T 1209254470.424000 
1 T 1209254470.456000 
2 T 1209254470.490000 mm 1551 522
2 T 1209254470.523000 mm 1488 526
2 T 1209254470.557000 mm 1458 530
2 T 1209254470.589000 mm 1456 530
1 T 1209254470.622000 
1 T 1209254470.655000 
2 T 1209254470.688000 mm 1416 554
1  mm 1380 558
1  mm 1332 558
1  mm 1284 547
1  mm 1234 532
1  mm 1180 519
1  mm 1139 502
1  mm 1100 481
2  mm 1072 442 mm 1066 433
1  mm 1050 401
1  mm 1036 362
1  mm 1024 339
1  mm 1017 324
1  mm 1006 306
1  mm 988 288
1  mm 961 261
1  mm 956 257
0  
0  
1  mm 995 256
1  mm 1114 285
1  mm 1247 359
1  mm 1352 430
1  mm 1404 464
1  mm 1417 475
1  mm 1422 480
1  mm 1425 483
1  mm 1426 483
0  
0  
1  mm 1432 488
1  mm 1443 498
1  mm 1449 502
1  mm 1452 503
0  
1  mm 1453 504
0  
1  mm 1458 506
1  mm 1460 507
1  mm 1463 507
0  
0  
0  
0  
0  
0  
0  
0  
1 T 1209254472.272000 
0  
0  
0  
0  
0  
0  
0  
0  
0  
0  
1  mm 1497 515
1  mm 1530 518
1  mm 1546 518
1  mm 1547 518
0  
0  
0  
0  
0  
1  mm 1477 456
1  mm 1350 364
1  mm 1239 302
1  mm 1212 289
1  mm 1196 280
1  mm 1172 269
1  mm 1131 251
1  mm 1102 243
1  mm 1082 238
1  mm 1075 237
0  
1  mm 1074 237
1  mm 1026 237
1  mm 970 237
1  mm 913 233
1  mm 903 233
0  
0  
0  
0  
0  
0  
0  
0  
0  
0  
0  
0  
0  
0  
0  
0  
0  
1  mm 903 226
0  
0  
0  
0  
0  
0  
0  
0  
0  
0  
0  
0  
0  
0  
1  mb 1 1 903 226
0  
0  
1  mb 1 0 903 226
