1209039712 seed, 30 fps, 1920x1080, fullScreen=1, version84_mouseSpeed1.000000_musicOff0_musicLoudness0.000000_webRetrySeconds16 42465DEE661C4C80A66BFD33B6F8DBB5EF6ACF88
2 T 1209039713.387000 mm 1131 511
0  
0  
0  
0  
0  
0  
0  
0  
0  
0  
0  
0  
0  
0  
0  
0  
0  
0  
0  
0  
0  
0  
0  
0  
0  
0  
0  
0  
0  
0  
0  
0  
0  
0  
0  
0  
0  
0  
0  
0  
0  
0  
0  
0  
0  
0  
0  
0  
0  
0  
0  
0  
0  
0  
0  
0  
0  
0  
0  
0  
0  
0  
2 T 1209039717.269000 T 1209039717.272000 
1 T 1209039717.302000 
1 T 1209039717.335000 
1 T 1209039717.368000 
1 T 1209039717.401000 
1 T 1209039717.434000 
1 T 1209039717.466000 
1 T 1209039717.500000 
1 T 1209039717.532000 
1 T 1209039717.566000 
1 T 1209039717.600000 
1 T 1209039717.631000 
1 T 1209039717.664000 
1 T 1209039717.698000 
1 T 1209039717.731000 
1 T 1209039717.764000 
1 T 1209039717.797000 
2 T 1209039717.831000 mm 1262 491
2 T 1209039717.864000 mm 1306 491
2 T 1209039717.897000 mm 1308 491
1 T 1209039717.929000 
1 T 1209039717.962000 
1 T 1209039717.994000 
1 T 1209039718.028000 
1 T 1209039718.061000 
1 T 1209039718.094000 
1 T 1209039718.127000 
1 T 1209039718.160000 
1 T 1209039718.193000 
2 T 1209039718.226000 mm 1309 515
2 T 1209039718.259000 mm 1315 544
2 T 1209039718.292000 mm 1336 616
2 T 1209039718.325000 mm 1338 674
2 T 1209039718.358000 mm 1339 690
2 T 1209039718.392000 mm 1301 709
1  mm 1120 739
2 T 1209039718.457000 mm 886 753
1  mm 706 763
1  mm 624 793
1  mm 526 835
1  mm 472 864
1  mm 459 867
1  mm 445 877
1  mm 431 899
1  mm 420 919
1  mm 399 938
1  mm 376 959
1  mm 356 982
1  mm 354 984
0  
0  
0  
0  
0  
1  mb 1 1 354 984
0  
0  
1  mb 1 0 354 984
