1209472382 seed, 30 fps, 1920x1080, fullScreen=1, version88_mouseSpeed1.000000_musicOff0_musicLoudness0.000000_webRetrySeconds16 A02A45BA434E94DB1A201CC66DC4CA38BA55CCCB
3 T 1209472383.931000 mm 923 646 mm 959 649
1  mm 959 648
1  mm 959 647
0  
0  
0  
0  
0  
0  
0  
0  
0  
0  
0  
0  
0  
0  
0  
0  
0  
0  
0  
0  
0  
0  
0  
0  
0  
0  
0  
0  
0  
0  
0  
0  
0  
0  
0  
0  
0  
0  
0  
0  
0  
0  
0  
0  
0  
0  
0  
0  
0  
0  
0  
0  
0  
0  
0  
0  
0  
0  
0  
0  
0  
2 T 1209472387.549000 T 1209472387.552000 
1 T 1209472387.581000 
1 T 1209472387.615000 
1 T 1209472387.648000 
1 T 1209472387.681000 
1 T 1209472387.714000 
1 T 1209472387.748000 
1 T 1209472387.780000 
1 T 1209472387.814000 
1 T 1209472387.845000 
1 T 1209472387.879000 
1 T 1209472387.912000 
1 T 1209472387.945000 
1 T 1209472387.978000 
1 T 1209472388.011000 
1 T 1209472388.043000 
1 T 1209472388.077000 
1 T 1209472388.109000 
1 T 1209472388.143000 
1 T 1209472388.177000 
1 T 1209472388.209000 
1 T 1209472388.242000 
1 T 1209472388.275000 
1 T 1209472388.308000 
1 T 1209472388.341000 
1 T 1209472388.373000 
1 T 1209472388.407000 
1 T 1209472388.440000 
1 T 1209472388.473000 
1 T 1209472388.505000 
1 T 1209472388.538000 
1 T 1209472388.571000 
1 T 1209472388.604000 
1 T 1209472388.638000 
1 T 1209472388.671000 
1 T 1209472388.704000 
0  
0  
0  
0  
0  
0  
0  
0  
0  
0  
0  
0  
0  
0  
0  
0  
0  
0  
0  
0  
0  
0  
0  
0  
0  
0  
0  
0  
0  
0  
0  
0  
0  
0  
0  
0  
0  
0  
0  
0  
0  
0  
0  
0  
0  
0  
0  
0  
0  
0  
0  
0  
0  
0  
0  
0  
0  
0  
0  
0  
0  
0  
0  
0  
0  
0  
0  
0  
0  
0  
0  
0  
0  
0  
0  
0  
0  
0  
0  
0  
0  
0  
0  
0  
0  
0  
0  
0  
0  
0  
0  
0  
0  
0  
0  
0  
0  
0  
0  
1 T 1209472392.004000 
0  
0  
0  
0  
0  
0  
0  
0  
0  
0  
0  
0  
0  
0  
0  
0  
0  
0  
0  
0  
0  
0  
0  
0  
0  
0  
0  
0  
0  
0  
0  
0  
0  
0  
0  
0  
0  
0  
0  
0  
0  
0  
0  
0  
0  
0  
0  
0  
0  
0  
1  mm 971 644
1  mm 1047 636
1  mm 1097 664
1  mm 1099 668
1  mm 1080 685
1  mm 1028 715
1  mm 908 758
1  mm 761 815
1  mm 572 922
1  mm 483 975
1  mm 471 979
1  mm 438 983
1  mm 428 986
1  mm 419 988
1  mm 408 989
1  mm 405 989
1  mm 404 986
1  mm 400 975
1  mm 391 966
1  mm 383 963
0  
1  mb 1 1 383 963
0  
0  
1  mb 1 0 383 963
