1209681707 seed, 30 fps, 1920x1080, fullScreen=1, version89_mouseSpeed1.000000_musicOff0_musicLoudness0.000000_webRetrySeconds16 051479CA4954BD38774A47614274DFCB41698172
2 T 1209681708.292000 mm 1133 398
0  
1  mm 1182 478
1  mm 1198 520
1  mm 1216 557
1  mm 1229 571
1  mm 1229 572
1  mm 1229 577
1  mm 1229 588
1  mm 1229 601
1  mm 1229 602
0  
0  
1  mm 1229 603
1  mm 1232 603
1  mm 1233 603
0  
0  
0  
0  
0  
0  
0  
0  
0  
0  
0  
0  
0  
0  
0  
0  
0  
0  
0  
1  mm 1243 598
0  
0  
0  
1  mm 1251 598
1  mm 1263 598
1  mm 1273 598
0  
0  
0  
0  
0  
0  
1  mm 1271 598
1  mm 1268 598
1  mm 1267 598
0  
0  
0  
0  
1  mm 1266 597
1  mm 1267 595
1  mm 1270 590
1  mm 1273 586
0  
1  mm 1271 587
0  
0  
0  
3 T 1209681711.943000 T 1209681711.947000 mm 1293 576
1 T 1209681711.976000 
1 T 1209681712.009000 
2 T 1209681712.042000 mm 1285 576
2 T 1209681712.075000 mm 1280 576
1 T 1209681712.109000 
1 T 1209681712.140000 
1 T 1209681712.174000 
1 T 1209681712.207000 
1 T 1209681712.240000 
1 T 1209681712.272000 
1 T 1209681712.306000 
1 T 1209681712.339000 
1 T 1209681712.372000 
1 T 1209681712.404000 
1 T 1209681712.438000 
1 T 1209681712.471000 
1 T 1209681712.504000 
1 T 1209681712.537000 
2 T 1209681712.570000 mm 1277 576
1 T 1209681712.603000 
1 T 1209681712.636000 
1 T 1209681712.669000 
1 T 1209681712.701000 
1 T 1209681712.736000 
1 T 1209681712.767000 
1 T 1209681712.801000 
1 T 1209681712.834000 
1 T 1209681712.868000 
1 T 1209681712.901000 
1 T 1209681712.933000 
2 T 1209681712.966000 mm 1262 577
2 T 1209681712.999000 mm 1243 580
2 T 1209681713.032000 mm 1236 581
2 T 1209681713.066000 mm 1230 584
2 T 1209681713.097000 mm 1225 588
1  mm 1225 593
1  mm 1231 608
1  mm 1255 624
1  mm 1290 633
1  mm 1320 633
1  mm 1343 627
1  mm 1387 599
1  mm 1415 575
1  mm 1457 524
1  mm 1462 489
1  mm 1458 458
1  mm 1448 451
1  mm 1416 450
1  mm 1379 450
1  mm 1366 454
1  mm 1379 492
1  mm 1480 574
1  mm 1558 586
1  mm 1579 585
1  mm 1587 577
1  mm 1594 570
1  mb 1 1 1594 570
0  
0  
0  
2 t 1209681713 mb 1 0 1594 570
1 wb 0 0 
2 wb 0 0 t 1209681714 
1 wb 0 0 
1 wb 0 0 
1 wb 0 0 
1 wb 0 0 
1 wb 0 0 
1 wb 0 0 
1 wb 0 0 
1 wb 0 0 
1 wb 0 0 
1 wb 0 0 
1 wb 0 0 
1 wb 0 0 
1 wb 0 0 
1 wb 0 0 
1 wb 0 0 
4 wb 0 1 wb 0 2 87 server1.onehouronelife.com
8005
89
http://onehouronelife.com/updateServer/server.php
OK wb 0 2 87 server1.onehouronelife.com
8005
89
http://onehouronelife.com/updateServer/server.php
OK T 1209681714.550000 
0  
1 T 1209681714.615000 
1 T 1209681714.649000 
1 T 1209681714.681000 
1 T 1209681714.715000 
1 T 1209681714.748000 
1 T 1209681714.780000 
1 T 1209681714.814000 
1 T 1209681714.847000 
1 T 1209681714.880000 
1 T 1209681714.912000 
1 T 1209681714.946000 
1 T 1209681714.979000 
1 T 1209681715.011000 
1 T 1209681715.044000 
1 T 1209681715.078000 
1 T 1209681715.110000 
1 T 1209681715.143000 
1 T 1209681715.177000 
1 T 1209681715.209000 
1 T 1209681715.242000 
2 T 1209681715.276000 mm 1583 567
2 T 1209681715.308000 mm 1545 559
2 T 1209681715.342000 mm 1501 550
2 T 1209681715.375000 mm 1467 546
2 T 1209681715.408000 mm 1447 546
2 T 1209681715.440000 mm 1417 546
2 T 1209681715.474000 mm 1360 544
2 T 1209681715.506000 mm 1296 533
2 T 1209681715.541000 mm 1264 529
7 T 1209681715.573000 xs 0 2 22 534E0A33392F3230300A313834313035370A38390A23 xs 0 2 0 xs 0 0 7 T 1209681715.574000 xs 0 0 169 mm 1261 528
3 T 1209681715.606000 xs 0 2 0 mm 1267 528
2 T 1209681715.639000 xs 0 2 0 
2 T 1209681715.672000 xs 0 2 0 
2 T 1209681715.705000 xs 0 2 0 
2 T 1209681715.739000 xs 0 2 0 
2 T 1209681715.771000 xs 0 2 0 
4 T 1209681715.805000 xs 0 2 10 52454A45435445440A23 xs 0 3 -1 T 1209681715.807000 
1 T 1209681715.837000 
2 T 1209681715.871000 mm 1267 527
2 T 1209681715.903000 mm 1265 528
2 T 1209681715.937000 mm 1258 534
2 T 1209681715.970000 mm 1256 535
2 T 1209681716.003000 mm 1255 536
2 T 1209681716.035000 mm 1253 538
2 T 1209681716.069000 mm 1252 538
1 T 1209681716.102000 
1 T 1209681716.136000 
1 T 1209681716.169000 
1 T 1209681716.202000 
2 T 1209681716.236000 mm 1294 528
2 T 1209681716.268000 mm 1352 514
2 T 1209681716.301000 mm 1387 503
2 T 1209681716.334000 mm 1397 500
1 T 1209681716.366000 
1 T 1209681716.400000 
1 T 1209681716.433000 
1 T 1209681716.465000 
2 T 1209681716.498000 mm 1389 500
2 T 1209681716.532000 mm 1338 508
2 T 1209681716.565000 mm 1283 523
2 T 1209681716.598000 mm 1172 553
2 T 1209681716.631000 mm 923 618
2 T 1209681716.664000 mm 617 717
2 T 1209681716.697000 mm 465 796
2 T 1209681716.731000 mm 423 846
2 T 1209681716.763000 mm 423 861
2 T 1209681716.795000 mm 432 867
2 T 1209681716.828000 mm 433 867
2 T 1209681716.862000 mm 437 870
2 T 1209681716.895000 mm 445 891
2 T 1209681716.928000 mm 449 922
1  mm 448 930
1  mm 424 942
2  mm 390 961 mm 381 966
1  mm 352 983
1  mm 350 985
0  
1  mb 1 1 350 985
0  
0  
0  
0  
0  
0  
0  
0  
0  
0  
0  
1  mb 1 0 350 985
