1210650463 seed, 30 fps, 1920x1080, fullScreen=1, version96_mouseSpeed1.000000_musicOff0_musicLoudness0.000000_webRetrySeconds16 D7B0694EEF5ECFC8B3CCDCAF722279C3F19F6647
2 T 1210650463.686000 mm 1272 187
0  
1  mm 1186 266
1  mm 1194 266
1  mm 1207 261
0  
0  
0  
0  
0  
0  
1  mm 1208 258
1  mm 1213 255
0  
0  
0  
0  
0  
0  
0  
0  
0  
0  
0  
0  
0  
0  
1  mm 1211 255
1  mm 1161 253
1  mm 1127 262
1  mm 1115 267
1  mm 1111 272
1  mm 1101 285
1  mm 1091 298
1  mm 1091 301
1  mm 1126 304
1  mm 1123 304
1  mm 1117 304
1  mm 1109 303
1  mm 1103 302
1  mm 1102 302
0  
0  
0  
0  
0  
0  
0  
0  
0  
0  
0  
1  mm 1100 302
1  mm 1096 302
0  
0  
1  mm 1084 307
1  mm 1081 311
0  
1  mm 1102 303
1  mm 1104 301
1  mm 1104 300
1  mm 1103 300
1  mm 1083 305
1  mm 1082 311
3 T 1210650467.616000 T 1210650467.620000 mm 1056 321
1 T 1210650467.649000 
2 T 1210650467.682000 mm 1056 320
1 T 1210650467.716000 
1 T 1210650467.748000 
1 T 1210650467.782000 
1 T 1210650467.814000 
1 T 1210650467.847000 
2 T 1210650467.880000 mm 1054 320
2 T 1210650467.913000 mm 1049 320
2 T 1210650467.947000 mm 1030 320
2 T 1210650467.979000 mm 1014 320
2 T 1210650468.013000 mm 994 318
2 T 1210650468.044000 mm 983 318
2 T 1210650468.078000 mm 948 309
2 T 1210650468.111000 mm 937 304
2 T 1210650468.144000 mm 935 302
2 T 1210650468.177000 mm 932 299
2 T 1210650468.210000 mm 928 293
2 T 1210650468.243000 mm 920 288
2 T 1210650468.276000 mm 911 283
2 T 1210650468.309000 mm 904 279
1 T 1210650468.342000 
1 T 1210650468.375000 
2 T 1210650468.408000 mm 899 279
2 T 1210650468.441000 mm 889 278
2 T 1210650468.475000 mm 857 287
2 T 1210650468.507000 mm 823 311
2 T 1210650468.541000 mm 784 331
2 T 1210650468.573000 mm 758 341
2 T 1210650468.606000 mm 754 347
2 T 1210650468.639000 mm 752 347
2 T 1210650468.672000 mm 754 347
2 T 1210650468.705000 mm 759 347
2 T 1210650468.738000 mm 761 346
1  mb 1 1 761 346
0  
0  
0  
1  mb 1 0 761 346
0  
1  mm 779 346
1  mm 824 346
1  mm 883 346
1  mm 900 346
0  
1  mm 901 346
1  mm 903 347
1  mm 906 350
1  mm 911 353
1  mm 911 354
1  mm 911 352
1  mm 903 349
1  mm 897 347
1  mm 896 347
0  
1  mm 895 347
1  mm 892 343
0  
0  
0  
0  
1  mm 887 343
1  mm 882 343
1  mm 880 343
0  
0  
0  
0  
1  mb 1 1 880 343
0  
0  
1  mb 1 0 880 343
0  
0  
0  
0  
0  
0  
0  
0  
0  
0  
0  
0  
0  
0  
0  
0  
0  
0  
0  
0  
0  
0  
0  
0  
0  
1  kd 8 880 343
0  
0  
1  ku 8 880 343
0  
1  kd 8 880 343
0  
0  
1  ku 8 880 343
0  
1  kd 8 880 343
0  
1  ku 8 880 343
0  
1  kd 8 880 343
0  
0  
1  ku 8 880 343
0  
1  kd 8 880 343
0  
0  
1  ku 8 880 343
1  kd 8 880 343
0  
0  
1  ku 8 880 343
0  
1  kd 8 880 343
0  
0  
1  ku 8 880 343
1  kd 8 880 343
0  
0  
1  ku 8 880 343
1 T 1210650472.039000 
1  kd 8 880 343
0  
0  
1  ku 8 880 343
0  
0  
0  
0  
0  
0  
0  
0  
0  
1  kd 119 880 343
0  
0  
0  
0  
1  ku 119 880 343
0  
1  kd 111 880 343
0  
0  
1  ku 111 880 343
0  
0  
1  kd 108 880 343
0  
0  
0  
1  ku 108 880 343
0  
0  
0  
0  
1  kd 118 880 343
0  
0  
0  
2  ku 118 880 343 kd 101 880 343
0  
0  
0  
2  ku 101 880 343 kd 110 880 343
0  
0  
0  
1  ku 110 880 343
0  
0  
1  kd 115 880 343
0  
0  
0  
1  ku 115 880 343
0  
0  
1  kd 99 880 343
0  
0  
0  
2  kd 97 880 343 ku 99 880 343
0  
0  
1  kd 114 880 343
1  ku 97 880 343
0  
0  
0  
1  ku 114 880 343
0  
0  
0  
0  
0  
0  
0  
0  
0  
0  
0  
0  
0  
0  
0  
0  
0  
0  
0  
0  
0  
0  
0  
0  
0  
0  
1  mm 878 408
1  mm 882 444
1  mm 886 451
2 T 1210650475.339000 mm 893 455
1  mm 902 465
1  mm 920 479
1  mm 928 484
1  mm 931 486
1  mm 931 490
1  mm 931 496
1  mm 930 507
1  mm 930 508
1  mm 929 511
1  mm 923 524
1  mm 920 534
1  mm 917 540
1  mm 915 543
1  mm 915 544
0  
0  
0  
0  
1  mb 1 1 915 544
0  
0  
1  mb 1 0 915 544
0  
0  
0  
0  
1  mm 933 546
1  mm 972 548
1  mm 1013 550
1  mm 1055 550
1  mm 1085 553
1  mm 1105 555
1  mm 1141 562
1  mm 1187 570
1  mm 1202 570
1  mm 1211 570
1  mm 1224 570
1  mm 1236 570
1  mm 1239 570
1  mm 1231 571
1  mm 1186 597
1  mm 1114 632
1  mm 1090 647
1  mm 1071 655
1  mm 1064 657
1  mm 1054 658
1  mm 1031 658
1  mm 1009 658
1  mm 995 659
1  mm 991 660
1  mm 980 661
1  mm 969 663
1  mm 966 663
0  
0  
1  mb 1 1 966 663
0  
0  
0  
1  mb 1 0 966 663
0  
0  
0  
0  
0  
0  
0  
0  
0  
0  
0  
0  
0  
0  
0  
0  
1  mm 965 663
1  mm 982 663
1  mm 1028 663
1  mm 1085 663
1  mm 1144 663
1  mm 1204 663
1  mm 1243 660
1  mm 1279 656
1  mm 1314 651
1  mm 1345 645
1  mm 1377 638
1  mm 1400 631
1  mm 1409 628
1  mm 1413 626
1  mm 1421 623
1  mm 1434 616
1  mm 1453 608
1  mm 1469 600
1  mm 1484 596
1  mm 1498 591
1  mm 1531 576
1  mm 1560 563
1  mm 1570 560
2 T 1210650478.640000 mm 1571 558
0  
1  mm 1572 557
1  mm 1576 556
0  
0  
0  
0  
0  
0  
0  
0  
0  
0  
0  
0  
0  
0  
0  
0  
0  
0  
0  
0  
0  
0  
0  
0  
0  
0  
0  
0  
0  
0  
0  
0  
0  
0  
0  
0  
0  
0  
0  
0  
0  
0  
0  
0  
0  
0  
0  
0  
0  
0  
0  
0  
0  
0  
0  
0  
0  
0  
0  
0  
0  
0  
0  
0  
0  
0  
0  
0  
3 T 1210650481.020000 mb 1 1 1576 556 mb 1 0 1576 556
0  
1 T 1210650481.104000 
1 T 1210650481.138000 
1 T 1210650481.170000 
1 T 1210650481.204000 
1 T 1210650481.237000 
1 T 1210650481.270000 
1 T 1210650481.303000 
1 T 1210650481.336000 
1 T 1210650481.368000 
1 T 1210650481.402000 
1 T 1210650481.435000 
1 T 1210650481.468000 
1 T 1210650481.501000 
1 T 1210650481.534000 
1 T 1210650481.566000 
1 T 1210650481.600000 
1 T 1210650481.633000 
1 T 1210650481.666000 
1 T 1210650481.699000 
1 T 1210650481.732000 
1 T 1210650481.764000 
1 T 1210650481.798000 
1 T 1210650481.831000 
1 T 1210650481.864000 
1 T 1210650481.897000 
1 T 1210650481.930000 
1 T 1210650481.963000 
1 T 1210650481.996000 
6 T 1210650482.029000 xs 0 2 20 534E0A352F3230300A3131353730300A39360A23 xs 0 2 0 xs 0 0 7 T 1210650482.030000 xs 0 0 169 
2 T 1210650482.062000 xs 0 2 0 
2 T 1210650482.095000 xs 0 2 0 
2 T 1210650482.128000 xs 0 2 0 
2 T 1210650482.160000 xs 0 2 0 
2 T 1210650482.194000 xs 0 2 0 
2 T 1210650482.227000 xs 0 2 0 
2 T 1210650482.260000 xs 0 2 0 
5 T 1210650482.293000 xs 0 2 10 52454A45435445440A23 xs 0 3 -1 T 1210650482.294000 mm 1585 556
2 T 1210650482.326000 mm 1592 556
1 T 1210650482.360000 
1 T 1210650482.618000 
1 T 1210650482.651000 
2 T 1210650482.684000 mm 1590 556
2 T 1210650482.717000 mm 1557 556
2 T 1210650482.751000 mm 1486 556
2 T 1210650482.783000 mm 1395 565
2 T 1210650482.816000 mm 1197 588
2 T 1210650482.848000 mm 1056 606
2 T 1210650482.883000 mm 1036 611
2 T 1210650482.915000 mm 1041 612
2 T 1210650482.948000 mm 1086 612
2 T 1210650482.982000 mm 1170 612
2 T 1210650483.015000 mm 1288 612
2 T 1210650483.047000 mm 1358 607
2 T 1210650483.080000 mm 1402 597
2 T 1210650483.113000 mm 1440 588
2 T 1210650483.147000 mm 1469 578
2 T 1210650483.179000 mm 1495 570
2 T 1210650483.212000 mm 1507 565
2 T 1210650483.244000 mm 1508 565
1 T 1210650483.278000 
2 T 1210650483.313000 mm 1510 564
2 T 1210650483.344000 mm 1510 563
2 T 1210650483.376000 mm 1499 562
2 T 1210650483.411000 mm 1438 562
1  mm 1308 562
1  mm 1185 562
1  mm 1128 556
1  mm 1127 556
0  
1  mm 1132 556
1  mm 1135 556
1  mm 1138 556
0  
0  
0  
0  
0  
0  
0  
0  
0  
0  
0  
0  
0  
0  
0  
0  
0  
0  
0  
0  
0  
0  
0  
0  
0  
0  
0  
0  
0  
0  
0  
0  
0  
0  
0  
0  
0  
0  
0  
0  
0  
0  
0  
0  
0  
0  
0  
0  
0  
0  
0  
0  
0  
0  
1 T 1210650485.488000 
0  
0  
0  
0  
0  
0  
0  
0  
0  
0  
0  
0  
0  
0  
0  
0  
0  
0  
0  
1  mm 1165 556
1  mm 1238 556
1  mm 1388 556
1  mm 1589 573
1  mm 1877 615
1  mm 1919 689
1  mm 1919 737
1  mm 1919 759
1  mm 1919 778
1  mm 1919 797
1  mm 1919 826
1  mm 1919 829
1  mm 1919 820
1  mm 1919 814
0  
0  
1  mm 1901 811
1  mm 1852 792
1  mm 1756 750
1  mm 1651 721
1  mm 1603 712
0  
0  
0  
0  
0  
0  
1  mm 1587 719
1  mm 1583 725
1  mm 1577 725
1  mm 1563 725
1  mm 1552 725
1  mm 1538 725
1  mm 1537 724
1  mm 1537 722
1  mm 1592 681
1  mm 1801 646
1  mm 1919 677
0  
0  
0  
0  
0  
0  
0  
0  
0  
0  
0  
0  
0  
0  
0  
0  
0  
0  
0  
0  
0  
0  
0  
0  
0  
0  
0  
0  
0  
0  
0  
0  
0  
0  
0  
0  
0  
0  
0  
0  
0  
0  
1 T 1210650488.878000 
0  
0  
0  
0  
0  
0  
0  
0  
0  
0  
0  
0  
0  
0  
0  
0  
0  
0  
0  
0  
0  
0  
0  
0  
0  
0  
0  
0  
0  
0  
0  
0  
0  
0  
0  
0  
0  
0  
0  
0  
0  
0  
0  
0  
0  
0  
0  
0  
0  
0  
0  
0  
0  
0  
0  
0  
0  
0  
0  
0  
0  
0  
0  
0  
0  
0  
0  
0  
0  
0  
0  
0  
0  
0  
0  
0  
0  
0  
0  
0  
0  
0  
0  
0  
0  
0  
0  
0  
0  
0  
0  
0  
0  
0  
0  
0  
0  
0  
0  
1 T 1210650492.178000 
0  
0  
0  
0  
0  
0  
0  
0  
0  
0  
0  
0  
0  
0  
0  
0  
0  
0  
0  
0  
0  
0  
0  
0  
0  
0  
0  
0  
0  
0  
0  
0  
0  
0  
0  
0  
0  
0  
0  
0  
0  
0  
0  
0  
0  
0  
0  
0  
0  
0  
0  
0  
0  
0  
0  
0  
0  
0  
0  
0  
0  
0  
0  
0  
0  
0  
0  
0  
0  
0  
0  
0  
0  
0  
0  
0  
0  
0  
0  
0  
0  
0  
0  
0  
0  
0  
0  
0  
0  
0  
0  
0  
0  
0  
0  
0  
0  
0  
0  
1 T 1210650495.478000 
0  
0  
0  
0  
0  
0  
0  
0  
0  
0  
0  
0  
0  
0  
0  
0  
0  
0  
0  
0  
0  
0  
0  
0  
0  
0  
0  
0  
0  
0  
0  
0  
0  
0  
0  
0  
0  
0  
0  
0  
0  
0  
0  
0  
0  
0  
0  
0  
0  
0  
0  
0  
0  
0  
0  
0  
0  
0  
0  
0  
0  
0  
0  
0  
0  
0  
0  
0  
0  
0  
0  
0  
0  
0  
0  
0  
0  
0  
0  
0  
0  
0  
0  
0  
0  
0  
0  
0  
0  
0  
0  
0  
0  
0  
0  
0  
0  
0  
0  
1 T 1210650498.778000 
0  
0  
0  
0  
0  
0  
0  
0  
0  
0  
0  
0  
0  
0  
0  
0  
0  
0  
0  
0  
0  
0  
0  
0  
0  
0  
0  
0  
0  
0  
0  
0  
0  
0  
0  
0  
0  
0  
0  
0  
0  
0  
0  
0  
0  
0  
0  
0  
0  
0  
0  
0  
0  
0  
0  
0  
0  
0  
0  
0  
0  
0  
0  
0  
0  
0  
0  
0  
0  
0  
0  
0  
0  
0  
0  
0  
0  
0  
0  
0  
0  
0  
0  
0  
0  
0  
0  
0  
0  
0  
0  
0  
0  
0  
0  
0  
0  
0  
0  
1 T 1210650502.078000 
0  
0  
0  
0  
0  
0  
0  
0  
0  
0  
0  
0  
0  
0  
0  
0  
0  
0  
0  
0  
0  
0  
0  
0  
0  
0  
0  
0  
0  
0  
0  
0  
0  
0  
0  
0  
0  
0  
0  
0  
0  
0  
0  
0  
0  
0  
0  
0  
0  
0  
0  
0  
0  
0  
0  
0  
0  
0  
0  
0  
0  
0  
0  
0  
0  
0  
0  
0  
0  
0  
0  
0  
0  
0  
0  
0  
0  
0  
0  
0  
0  
0  
0  
0  
0  
0  
0  
0  
0  
0  
0  
0  
0  
0  
0  
0  
0  
0  
0  
1 T 1210650505.378000 
0  
0  
0  
0  
0  
0  
0  
0  
0  
0  
0  
0  
0  
0  
0  
0  
0  
0  
0  
0  
0  
0  
0  
0  
0  
0  
0  
0  
0  
0  
0  
0  
0  
0  
0  
0  
0  
0  
0  
0  
0  
0  
0  
0  
0  
0  
0  
0  
0  
0  
0  
0  
0  
0  
0  
0  
0  
0  
0  
0  
0  
0  
0  
0  
0  
0  
0  
0  
0  
0  
0  
0  
0  
0  
0  
0  
0  
0  
0  
0  
0  
0  
0  
0  
0  
0  
0  
0  
0  
0  
0  
0  
0  
0  
0  
0  
0  
0  
0  
1 T 1210650508.679000 
0  
0  
0  
0  
0  
0  
0  
0  
0  
0  
0  
0  
0  
0  
0  
0  
0  
0  
0  
0  
0  
0  
0  
0  
0  
0  
0  
0  
0  
0  
0  
0  
0  
0  
0  
0  
0  
0  
0  
0  
0  
0  
0  
0  
0  
0  
0  
0  
0  
0  
0  
0  
0  
0  
0  
0  
0  
0  
0  
0  
0  
0  
0  
0  
0  
0  
0  
0  
0  
0  
0  
0  
0  
0  
0  
0  
0  
0  
0  
0  
0  
0  
0  
0  
0  
0  
0  
0  
0  
0  
0  
0  
0  
0  
0  
0  
0  
0  
0  
1 T 1210650511.978000 
0  
0  
0  
0  
0  
0  
0  
0  
0  
0  
0  
0  
0  
0  
0  
0  
0  
0  
0  
0  
0  
0  
0  
0  
0  
0  
0  
0  
0  
0  
0  
0  
0  
0  
0  
0  
0  
0  
0  
0  
0  
0  
0  
0  
0  
0  
0  
0  
0  
0  
0  
0  
0  
0  
0  
0  
0  
0  
0  
0  
0  
0  
0  
0  
0  
0  
0  
0  
0  
0  
0  
0  
0  
0  
0  
0  
0  
0  
0  
0  
0  
0  
0  
0  
0  
0  
0  
0  
0  
0  
0  
0  
0  
0  
0  
0  
0  
0  
0  
1 T 1210650515.278000 
0  
0  
0  
0  
0  
0  
0  
0  
0  
0  
0  
0  
0  
0  
0  
0  
0  
0  
0  
0  
0  
0  
0  
0  
0  
0  
0  
0  
0  
0  
0  
0  
0  
0  
0  
0  
0  
0  
0  
0  
0  
0  
0  
0  
0  
0  
0  
0  
0  
0  
0  
0  
0  
0  
0  
0  
0  
0  
0  
0  
0  
0  
0  
0  
0  
0  
0  
0  
0  
0  
0  
0  
0  
0  
0  
0  
0  
0  
0  
0  
0  
0  
0  
0  
0  
0  
0  
0  
0  
0  
0  
0  
0  
0  
0  
0  
0  
0  
0  
1 T 1210650518.578000 
0  
0  
0  
0  
0  
0  
0  
0  
0  
0  
1  mm 1422 1062
0  
0  
0  
0  
0  
0  
0  
0  
0  
0  
0  
0  
0  
0  
0  
0  
0  
0  
0  
0  
0  
0  
0  
0  
0  
0  
0  
1  mm 1369 922
1  mm 1229 688
1  mm 1054 442
1  mm 960 352
1  mm 893 306
1  mm 846 274
1  mm 814 236
1  mm 792 187
1  mm 775 136
1  mm 771 95
1  mm 771 80
0  
0  
0  
0  
0  
0  
0  
0  
0  
0  
0  
0  
0  
0  
0  
0  
0  
0  
0  
0  
0  
1  mm 783 89
1  mm 824 118
1  mm 863 141
1  mm 869 149
1  mm 869 169
1  mm 847 218
1  mm 812 273
1  mm 783 310
1  mm 751 347
1  mm 712 398
1  mm 664 465
1  mm 620 530
1  mm 592 579
1  mm 569 614
1  mm 551 634
1  mm 539 641
1  mm 518 648
1  mm 483 666
1  mm 454 685
1  mm 443 689
1  mm 434 694
1  mm 426 696
1  mm 421 698
1  mm 418 699
1  mm 414 702
1  mm 406 707
1  mm 401 710
1  mm 400 711
1  mm 398 713
1 T 1210650521.998000 
0  
0  
0  
0  
0  
0  
0  
0  
0  
0  
0  
0  
1  mb 1 1 398 713
0  
0  
2 F 0.000000 mb 1 0 398 713
1 F 0.000000 
3 af 0 af 1 F 0.000000 
1 F 0.000000 
1 F 0.000000 
1 F 0.000000 
1 F 0.000000 
1 F 0.000000 
2 F 0.000000 mm 405 713
2 F 0.000000 mm 417 714
2 F 0.000000 mm 435 718
2 F 0.000000 mm 463 724
2 F 0.000000 mm 512 732
2 F 0.000000 mm 574 744
2 F 0.000000 mm 637 769
2 F 0.000000 mm 693 800
2 F 0.000000 mm 747 832
2 F 0.000000 mm 798 859
2 F 0.000000 mm 835 871
2 F 0.000000 mm 862 888
2 F 0.000000 mm 882 903
2 F 0.000000 mm 890 908
2 F 0.000000 mm 892 908
2 F 0.000000 mm 897 908
2 F 0.000000 mm 909 908
2 F 0.000000 mm 912 908
2 F 0.000000 mb 1 1 912 908
1 F 0.000000 
1 F 0.000000 
3 T 1210650523.483000 T 1210650523.484000 mb 1 0 912 908
1 T 1210650523.517000 
1 T 1210650523.549000 
1 T 1210650523.582000 
1 T 1210650523.615000 
1 T 1210650523.649000 
2 T 1210650523.682000 mm 948 889
2 T 1210650523.714000 mm 1014 858
2 T 1210650523.747000 mm 1103 802
2 T 1210650523.780000 mm 1220 720
2 T 1210650523.814000 mm 1326 649
2 T 1210650523.846000 mm 1417 589
2 T 1210650523.879000 mm 1469 566
2 T 1210650523.912000 mm 1505 552
2 T 1210650523.946000 mm 1515 548
1 T 1210650523.979000 
1 T 1210650524.012000 
2 T 1210650524.046000 mm 1516 548
2 T 1210650524.077000 mm 1520 548
2 T 1210650524.110000 mm 1523 547
1 T 1210650524.142000 
1 T 1210650524.176000 
1 T 1210650524.209000 
1 T 1210650524.242000 
1 T 1210650524.275000 
1 T 1210650524.308000 
1 T 1210650524.342000 
1 T 1210650524.374000 
1 T 1210650524.407000 
1 T 1210650524.440000 
1 T 1210650524.473000 
1 T 1210650524.506000 
1 T 1210650524.539000 
1 T 1210650524.573000 
1 T 1210650524.604000 
0  
0  
0  
0  
0  
0  
0  
0  
0  
0  
0  
0  
0  
0  
0  
0  
0  
0  
0  
0  
1 T 1210650525.298000 
0  
0  
0  
0  
0  
0  
0  
0  
0  
0  
0  
0  
0  
0  
0  
0  
0  
0  
0  
0  
0  
0  
0  
0  
0  
0  
0  
0  
0  
0  
0  
0  
0  
0  
0  
0  
0  
0  
0  
0  
0  
0  
0  
0  
0  
0  
0  
0  
0  
0  
0  
0  
0  
0  
0  
0  
0  
0  
0  
0  
0  
0  
0  
0  
0  
0  
0  
0  
0  
0  
0  
0  
0  
0  
0  
0  
0  
0  
0  
0  
0  
0  
0  
0  
0  
0  
0  
0  
0  
0  
0  
0  
0  
0  
0  
0  
0  
0  
0  
1 T 1210650528.598000 
0  
0  
0  
0  
0  
0  
0  
0  
0  
0  
0  
0  
0  
0  
0  
0  
0  
0  
0  
0  
0  
0  
0  
0  
0  
0  
1  mb 1 1 1523 547
0  
0  
0  
0  
0  
0  
0  
0  
0  
2 T 1210650529.821000 mb 1 0 1523 547
0  
1 T 1210650529.885000 
1 T 1210650529.918000 
1 T 1210650529.951000 
1 T 1210650529.984000 
1 T 1210650530.017000 
1 T 1210650530.050000 
1 T 1210650530.083000 
1 T 1210650530.116000 
1 T 1210650530.148000 
1 T 1210650530.182000 
1 T 1210650530.215000 
1 T 1210650530.248000 
1 T 1210650530.281000 
1 T 1210650530.315000 
1 T 1210650530.347000 
1 T 1210650530.380000 
1 T 1210650530.413000 
1 T 1210650530.446000 
1 T 1210650530.479000 
1 T 1210650530.513000 
1 T 1210650530.545000 
1 T 1210650530.577000 
1 T 1210650530.611000 
1 T 1210650530.644000 
1 T 1210650530.677000 
1 T 1210650530.709000 
1 T 1210650530.743000 
1 T 1210650530.775000 
1 T 1210650530.809000 
6 T 1210650530.842000 xs 1 2 20 534E0A352F3230300A3131353730330A39360A23 xs 1 2 0 xs 1 0 7 xs 1 0 169 mm 1524 547
2 T 1210650530.875000 xs 1 2 0 
3 T 1210650530.908000 xs 1 2 0 mm 1524 546
2 T 1210650530.941000 xs 1 2 0 
2 T 1210650530.973000 xs 1 2 0 
2 T 1210650531.007000 xs 1 2 0 
2 T 1210650531.039000 xs 1 2 0 
2 T 1210650531.074000 xs 1 2 0 
4 T 1210650531.105000 xs 1 2 10 52454A45435445440A23 xs 1 3 -1 T 1210650531.106000 
1 T 1210650531.139000 
1 T 1210650531.173000 
1 T 1210650531.204000 
1 T 1210650531.239000 
1 T 1210650531.271000 
1 T 1210650531.303000 
1 T 1210650531.337000 
1 T 1210650531.370000 
1 T 1210650531.403000 
1 T 1210650531.436000 
1 T 1210650531.470000 
1 T 1210650531.502000 
1 T 1210650531.535000 
1 T 1210650531.567000 
1 T 1210650531.601000 
1 T 1210650531.634000 
1 T 1210650531.667000 
1 T 1210650531.699000 
1 T 1210650531.734000 
1 T 1210650531.766000 
1 T 1210650531.799000 
1 T 1210650531.832000 
1 T 1210650531.865000 
1 T 1210650531.898000 
1 T 1210650531.930000 
1 T 1210650531.965000 
1 T 1210650531.997000 
1 T 1210650532.030000 
1 T 1210650532.063000 
1 T 1210650532.096000 
1 T 1210650532.128000 
1 T 1210650532.162000 
1 T 1210650532.195000 
1 T 1210650532.228000 
0  
0  
0  
0  
0  
0  
0  
0  
0  
0  
0  
0  
0  
0  
0  
0  
0  
0  
0  
0  
0  
0  
0  
0  
0  
0  
0  
0  
0  
0  
0  
0  
0  
0  
0  
0  
0  
0  
0  
0  
0  
0  
0  
0  
0  
0  
0  
0  
0  
0  
0  
0  
0  
0  
0  
0  
0  
0  
0  
0  
0  
0  
0  
0  
0  
0  
0  
0  
0  
0  
0  
0  
0  
0  
0  
0  
0  
0  
0  
0  
0  
0  
0  
1  mb 1 1 1524 546
0  
0  
0  
0  
2 T 1210650535.168000 mb 1 0 1524 546
1 T 1210650535.198000 
1 T 1210650535.231000 
1 T 1210650535.264000 
1 T 1210650535.297000 
1 T 1210650535.330000 
1 T 1210650535.363000 
1 T 1210650535.396000 
1 T 1210650535.430000 
1 T 1210650535.462000 
1 T 1210650535.495000 
1 T 1210650535.528000 
1 T 1210650535.561000 
1 T 1210650535.594000 
1 T 1210650535.627000 
1 T 1210650535.659000 
1 T 1210650535.693000 
1 T 1210650535.726000 
1 T 1210650535.759000 
1 T 1210650535.792000 
1 T 1210650535.825000 
1 T 1210650535.858000 
1 T 1210650535.890000 
1 T 1210650535.924000 
1 T 1210650535.957000 
1 T 1210650535.989000 
1 T 1210650536.024000 
1 T 1210650536.056000 
1 T 1210650536.089000 
1 T 1210650536.122000 
1 T 1210650536.155000 
4 T 1210650536.188000 xs 2 2 20 534E0A352F3230300A3131353730340A39360A23 xs 2 2 0 xs 2 0 169 
2 T 1210650536.221000 xs 2 2 0 
2 T 1210650536.254000 xs 2 2 0 
2 T 1210650536.286000 xs 2 2 0 
2 T 1210650536.320000 xs 2 2 0 
2 T 1210650536.353000 xs 2 2 0 
2 T 1210650536.386000 xs 2 2 0 
2 T 1210650536.419000 xs 2 2 0 
2 T 1210650536.452000 xs 2 2 0 
4 T 1210650536.485000 xs 2 2 10 52454A45435445440A23 xs 2 3 -1 T 1210650536.488000 
1 T 1210650536.518000 
1 T 1210650536.551000 
1 T 1210650536.584000 
1 T 1210650536.617000 
1 T 1210650536.651000 
1 T 1210650536.683000 
1 T 1210650536.716000 
1 T 1210650536.749000 
1 T 1210650536.783000 
1 T 1210650536.816000 
1 T 1210650536.849000 
1 T 1210650536.880000 
1 T 1210650536.914000 
1 T 1210650536.947000 
1 T 1210650536.980000 
1 T 1210650537.013000 
1 T 1210650537.047000 
1 T 1210650537.078000 
1 T 1210650537.111000 
1 T 1210650537.146000 
1 T 1210650537.177000 
1 T 1210650537.212000 
1 T 1210650537.244000 
1 T 1210650537.278000 
1 T 1210650537.310000 
1 T 1210650537.343000 
1 T 1210650537.376000 
1 T 1210650537.408000 
1 T 1210650537.442000 
1 T 1210650537.474000 
1 T 1210650537.508000 
1 T 1210650537.540000 
1 T 1210650537.574000 
1 T 1210650537.606000 
0  
0  
0  
0  
0  
0  
0  
0  
0  
0  
0  
0  
0  
0  
0  
0  
0  
0  
0  
0  
1  mb 1 1 1524 546
0  
0  
0  
0  
0  
3 T 1210650538.499000 T 1210650538.500000 mb 1 0 1524 546
0  
1 T 1210650538.564000 
1 T 1210650538.597000 
1 T 1210650538.630000 
1 T 1210650538.662000 
1 T 1210650538.696000 
1 T 1210650538.729000 
1 T 1210650538.762000 
1 T 1210650538.795000 
1 T 1210650538.828000 
1 T 1210650538.861000 
1 T 1210650538.894000 
1 T 1210650538.927000 
1 T 1210650538.960000 
1 T 1210650538.993000 
1 T 1210650539.025000 
1 T 1210650539.059000 
1 T 1210650539.092000 
1 T 1210650539.125000 
1 T 1210650539.158000 
1 T 1210650539.191000 
1 T 1210650539.224000 
1 T 1210650539.257000 
1 T 1210650539.289000 
1 T 1210650539.323000 
1 T 1210650539.356000 
1 T 1210650539.389000 
1 T 1210650539.422000 
1 T 1210650539.455000 
1 T 1210650539.488000 
4 T 1210650539.521000 xs 3 2 20 534E0A352F3230300A3131353730350A39360A23 xs 3 2 0 xs 3 0 169 
2 T 1210650539.554000 xs 3 2 0 
2 T 1210650539.587000 xs 3 2 0 
2 T 1210650539.619000 xs 3 2 0 
2 T 1210650539.653000 xs 3 2 0 
2 T 1210650539.686000 xs 3 2 0 
2 T 1210650539.719000 xs 3 2 0 
2 T 1210650539.752000 xs 3 2 0 
4 T 1210650539.785000 xs 3 2 10 52454A45435445440A23 xs 3 3 -1 T 1210650539.787000 
1 T 1210650539.817000 
1 T 1210650539.850000 
1 T 1210650539.884000 
1 T 1210650539.917000 
1 T 1210650539.950000 
1 T 1210650539.984000 
1 T 1210650540.016000 
1 T 1210650540.049000 
1 T 1210650540.083000 
1 T 1210650540.115000 
1 T 1210650540.147000 
1 T 1210650540.181000 
1 T 1210650540.214000 
1 T 1210650540.248000 
1 T 1210650540.281000 
1 T 1210650540.312000 
1 T 1210650540.346000 
1 T 1210650540.380000 
1 T 1210650540.413000 
1 T 1210650540.445000 
1 T 1210650540.478000 
1 T 1210650540.511000 
1 T 1210650540.544000 
1 T 1210650540.577000 
1 T 1210650540.609000 
1 T 1210650540.643000 
1 T 1210650540.676000 
1 T 1210650540.709000 
1 T 1210650540.742000 
1 T 1210650540.775000 
1 T 1210650540.808000 
1 T 1210650540.841000 
1 T 1210650540.875000 
1 T 1210650540.907000 
0  
0  
0  
0  
0  
0  
0  
0  
0  
0  
0  
0  
1  mb 1 1 1524 546
0  
0  
0  
0  
2 T 1210650541.518000 mb 1 0 1524 546
0  
1 T 1210650541.566000 
1 T 1210650541.600000 
1 T 1210650541.633000 
1 T 1210650541.666000 
1 T 1210650541.699000 
1 T 1210650541.732000 
1 T 1210650541.765000 
1 T 1210650541.798000 
1 T 1210650541.830000 
1 T 1210650541.864000 
1 T 1210650541.897000 
1 T 1210650541.930000 
1 T 1210650541.963000 
1 T 1210650541.996000 
1 T 1210650542.029000 
1 T 1210650542.062000 
1 T 1210650542.095000 
1 T 1210650542.128000 
1 T 1210650542.161000 
1 T 1210650542.194000 
1 T 1210650542.226000 
1 T 1210650542.260000 
1 T 1210650542.293000 
1 T 1210650542.326000 
1 T 1210650542.359000 
1 T 1210650542.392000 
1 T 1210650542.425000 
1 T 1210650542.458000 
1 T 1210650542.491000 
4 T 1210650542.524000 xs 4 2 20 534E0A352F3230300A3131353730360A39360A23 xs 4 2 0 xs 4 0 169 
2 T 1210650542.557000 xs 4 2 0 
2 T 1210650542.589000 xs 4 2 0 
2 T 1210650542.623000 xs 4 2 0 
2 T 1210650542.656000 xs 4 2 0 
2 T 1210650542.689000 xs 4 2 0 
2 T 1210650542.722000 xs 4 2 0 
2 T 1210650542.755000 xs 4 2 0 
4 T 1210650542.788000 xs 4 2 10 52454A45435445440A23 xs 4 3 -1 T 1210650542.789000 
1 T 1210650542.821000 
1 T 1210650542.854000 
1 T 1210650542.887000 
1 T 1210650542.920000 
1 T 1210650542.952000 
1 T 1210650542.986000 
1 T 1210650543.019000 
1 T 1210650543.052000 
1 T 1210650543.085000 
1 T 1210650543.118000 
1 T 1210650543.151000 
1 T 1210650543.184000 
1 T 1210650543.216000 
1 T 1210650543.250000 
1 T 1210650543.284000 
1 T 1210650543.316000 
1 T 1210650543.349000 
1 T 1210650543.382000 
1 T 1210650543.415000 
1 T 1210650543.448000 
1 T 1210650543.482000 
1 T 1210650543.513000 
1 T 1210650543.547000 
1 T 1210650543.580000 
1 T 1210650543.613000 
1 T 1210650543.646000 
1 T 1210650543.679000 
1 T 1210650543.712000 
1 T 1210650543.745000 
1 T 1210650543.778000 
1 T 1210650543.811000 
1 T 1210650543.845000 
1 T 1210650543.877000 
1 T 1210650543.910000 
0  
0  
0  
0  
0  
0  
0  
0  
0  
0  
0  
0  
0  
0  
0  
0  
0  
0  
0  
0  
0  
0  
0  
0  
0  
0  
0  
0  
0  
0  
0  
0  
0  
0  
0  
1 T 1210650545.098000 
0  
0  
0  
0  
0  
0  
0  
0  
1  mb 1 1 1524 546
0  
0  
0  
0  
0  
2 T 1210650545.596000 mb 1 0 1524 546
0  
1 T 1210650545.660000 
1 T 1210650545.693000 
1 T 1210650545.725000 
1 T 1210650545.758000 
1 T 1210650545.791000 
1 T 1210650545.824000 
1 T 1210650545.857000 
1 T 1210650545.890000 
1 T 1210650545.922000 
1 T 1210650545.956000 
1 T 1210650545.990000 
1 T 1210650546.022000 
1 T 1210650546.055000 
1 T 1210650546.087000 
1 T 1210650546.121000 
2 T 1210650546.154000 mm 1526 546
2 T 1210650546.187000 mm 1528 546
1 T 1210650546.220000 
1 T 1210650546.253000 
1 T 1210650546.286000 
1 T 1210650546.319000 
1 T 1210650546.352000 
1 T 1210650546.385000 
1 T 1210650546.418000 
1 T 1210650546.451000 
1 T 1210650546.484000 
1 T 1210650546.517000 
1 T 1210650546.549000 
1 T 1210650546.583000 
4 T 1210650546.616000 xs 5 2 20 534E0A352F3230300A3131353730370A39360A23 xs 5 2 0 xs 5 0 169 
2 T 1210650546.648000 xs 5 2 0 
2 T 1210650546.682000 xs 5 2 0 
2 T 1210650546.716000 xs 5 2 0 
2 T 1210650546.748000 xs 5 2 0 
2 T 1210650546.780000 xs 5 2 0 
2 T 1210650546.815000 xs 5 2 0 
2 T 1210650546.847000 xs 5 2 0 
4 T 1210650546.880000 xs 5 2 10 52454A45435445440A23 xs 5 3 -1 T 1210650546.881000 
1 T 1210650546.913000 
1 T 1210650546.946000 
1 T 1210650546.980000 
1 T 1210650547.012000 
1 T 1210650547.045000 
1 T 1210650547.078000 
1 T 1210650547.111000 
1 T 1210650547.143000 
1 T 1210650547.177000 
1 T 1210650547.210000 
1 T 1210650547.243000 
1 T 1210650547.276000 
1 T 1210650547.309000 
1 T 1210650547.343000 
1 T 1210650547.374000 
1 T 1210650547.408000 
1 T 1210650547.441000 
1 T 1210650547.473000 
1 T 1210650547.507000 
1 T 1210650547.540000 
1 T 1210650547.573000 
1 T 1210650547.606000 
1 T 1210650547.640000 
1 T 1210650547.672000 
1 T 1210650547.705000 
1 T 1210650547.739000 
1 T 1210650547.770000 
1 T 1210650547.804000 
1 T 1210650547.836000 
1 T 1210650547.870000 
1 T 1210650547.903000 
1 T 1210650547.936000 
1 T 1210650547.969000 
1 T 1210650548.001000 
0  
0  
0  
0  
0  
0  
0  
0  
0  
0  
0  
1 T 1210650548.397000 
0  
0  
0  
0  
0  
0  
0  
0  
1  mm 1627 547
1  mm 1919 608
0  
0  
0  
0  
0  
0  
0  
0  
0  
0  
0  
0  
0  
0  
0  
0  
0  
0  
0  
0  
0  
0  
0  
0  
0  
0  
0  
0  
0  
0  
0  
0  
0  
0  
0  
0  
0  
0  
0  
0  
0  
0  
0  
0  
0  
0  
0  
0  
0  
0  
0  
0  
0  
0  
0  
0  
0  
0  
0  
0  
0  
0  
0  
0  
0  
0  
0  
0  
0  
0  
0  
0  
0  
0  
0  
0  
0  
0  
0  
0  
0  
0  
0  
0  
0  
0  
0  
0  
0  
1 T 1210650551.782000 
0  
0  
0  
0  
0  
0  
0  
0  
0  
0  
0  
0  
0  
0  
0  
0  
0  
0  
0  
0  
0  
0  
0  
0  
0  
0  
0  
0  
0  
0  
0  
0  
0  
0  
0  
0  
0  
0  
0  
0  
0  
0  
0  
0  
0  
0  
0  
0  
0  
0  
0  
0  
0  
0  
0  
0  
0  
0  
0  
0  
0  
0  
0  
0  
0  
0  
0  
0  
0  
0  
0  
0  
0  
0  
0  
0  
0  
0  
0  
0  
0  
0  
0  
0  
0  
0  
0  
0  
0  
0  
0  
0  
0  
0  
0  
0  
0  
0  
0  
1 T 1210650555.082000 
0  
0  
0  
0  
0  
0  
0  
0  
0  
0  
0  
0  
0  
0  
0  
0  
0  
0  
0  
0  
0  
0  
0  
0  
0  
0  
0  
0  
0  
0  
0  
0  
0  
0  
0  
0  
0  
0  
0  
0  
0  
0  
0  
0  
0  
0  
0  
0  
0  
0  
0  
0  
0  
0  
0  
0  
0  
0  
0  
0  
0  
0  
0  
0  
0  
0  
0  
0  
0  
0  
0  
0  
0  
0  
0  
0  
0  
0  
0  
0  
0  
0  
0  
0  
0  
0  
0  
0  
0  
0  
0  
0  
0  
0  
0  
0  
0  
0  
0  
1 T 1210650558.383000 
0  
0  
0  
0  
0  
0  
0  
0  
0  
0  
0  
0  
0  
0  
0  
0  
0  
0  
0  
0  
0  
0  
0  
0  
0  
0  
0  
0  
0  
0  
0  
0  
0  
0  
0  
0  
0  
0  
0  
0  
0  
0  
0  
0  
0  
0  
0  
0  
0  
0  
0  
0  
0  
0  
0  
0  
0  
0  
0  
0  
0  
0  
0  
0  
0  
0  
0  
0  
0  
0  
0  
0  
0  
0  
0  
0  
0  
0  
0  
0  
0  
0  
0  
0  
0  
0  
0  
0  
0  
0  
0  
0  
0  
0  
0  
0  
0  
0  
0  
1 T 1210650561.683000 
0  
0  
0  
0  
0  
0  
0  
0  
0  
0  
0  
0  
0  
0  
0  
0  
0  
0  
0  
0  
0  
0  
0  
0  
0  
0  
0  
0  
0  
0  
0  
0  
0  
0  
0  
0  
0  
0  
0  
0  
0  
0  
0  
0  
0  
0  
0  
0  
0  
0  
0  
0  
0  
0  
0  
0  
0  
0  
0  
0  
0  
0  
0  
0  
0  
0  
0  
0  
0  
0  
0  
0  
0  
0  
0  
0  
0  
0  
0  
0  
0  
0  
0  
0  
0  
0  
0  
0  
0  
0  
0  
0  
0  
0  
0  
0  
0  
0  
0  
1 T 1210650564.983000 
0  
0  
0  
0  
0  
0  
0  
0  
1  mm 1405 1060
0  
0  
0  
0  
0  
0  
1  mm 1374 880
1  mm 1288 631
1  mm 1190 451
1  mm 1142 391
1  mm 1125 382
1  mm 1116 382
1  mm 1091 383
1  mm 1041 398
1  mm 1011 417
1  mm 992 450
1  mm 984 504
1  mm 984 520
0  
0  
0  
0  
1  mb 1 1 984 520
0  
0  
0  
1  mb 1 0 984 520
0  
0  
0  
0  
0  
0  
0  
0  
0  
1  mm 984 486
1  mm 984 461
1  mm 979 443
1  mm 975 431
1  mm 970 419
1  mm 969 413
1  mm 969 412
1  mm 968 403
1  mm 968 392
1  mm 968 384
1  mm 968 379
0  
1  mb 1 1 968 379
0  
0  
1  mb 1 0 968 379
0  
0  
0  
0  
0  
0  
0  
0  
0  
0  
0  
0  
0  
0  
1  mm 968 386
1  mm 968 388
0  
0  
0  
0  
0  
0  
0  
0  
0  
0  
0  
0  
0  
0  
0  
0  
0  
1  mm 974 389
1  mm 983 389
1  mm 991 389
1  mm 992 389
0  
1 T 1210650568.401000 
0  
0  
0  
1  mm 993 389
0  
0  
0  
0  
0  
0  
0  
0  
0  
0  
0  
0  
0  
0  
0  
0  
0  
0  
0  
0  
0  
0  
0  
0  
0  
0  
0  
0  
0  
0  
0  
0  
0  
0  
0  
0  
0  
0  
0  
0  
0  
0  
0  
0  
0  
0  
0  
0  
0  
0  
0  
0  
0  
0  
0  
0  
0  
0  
0  
0  
0  
0  
0  
0  
0  
0  
0  
0  
0  
0  
0  
0  
0  
0  
0  
0  
0  
0  
0  
0  
0  
0  
0  
0  
0  
0  
0  
0  
0  
0  
0  
0  
0  
0  
0  
1 T 1210650571.701000 
0  
0  
0  
0  
0  
0  
0  
0  
0  
0  
0  
0  
0  
0  
1  mm 1106 403
1  mm 1293 441
1  mm 1503 504
1  mm 1687 596
1  mm 1867 714
1  mm 1919 821
1  mm 1919 844
1  mm 1919 853
0  
1  mm 1919 848
1  mm 1919 845
1  mm 1919 862
1  mm 1919 890
1  mm 1919 907
1  mm 1919 908
1  mm 1919 924
1  mm 1919 953
1  mm 1919 975
1  mm 1919 979
1  mm 1919 971
1  mm 1919 964
1  mm 1919 963
0  
0  
1  mm 1887 954
1  mm 1825 941
0  
0  
0  
0  
0  
0  
0  
1  mm 1824 941
0  
1  mm 1823 941
0  
0  
0  
0  
0  
0  
0  
0  
0  
0  
1  mm 1830 941
1  mm 1833 941
0  
0  
0  
0  
1  mm 1747 920
1  mm 1717 910
1  mm 1756 891
0  
0  
0  
0  
0  
0  
0  
0  
0  
0  
0  
0  
0  
0  
0  
0  
0  
0  
0  
0  
0  
0  
0  
0  
0  
0  
0  
0  
0  
0  
1 T 1210650575.119000 
0  
0  
0  
0  
0  
0  
0  
0  
0  
0  
0  
0  
0  
0  
0  
0  
0  
0  
0  
0  
0  
0  
0  
0  
0  
0  
0  
0  
0  
0  
0  
0  
0  
0  
0  
0  
0  
0  
0  
0  
0  
0  
0  
0  
0  
0  
0  
0  
0  
0  
0  
0  
0  
0  
0  
0  
0  
0  
0  
0  
0  
0  
0  
0  
0  
0  
0  
0  
0  
0  
0  
0  
0  
0  
0  
0  
0  
0  
0  
0  
0  
0  
0  
0  
0  
0  
0  
0  
0  
0  
0  
0  
0  
0  
0  
0  
0  
0  
0  
1 T 1210650578.541000 
0  
0  
0  
0  
0  
0  
0  
0  
0  
0  
0  
0  
0  
0  
0  
0  
0  
0  
0  
0  
0  
0  
1  mm 1418 789
0  
1  mm 1412 795
0  
1  mm 1412 796
1  mm 1404 802
1  mm 1388 816
1  mm 1374 824
1  mm 1366 828
1  mm 1365 828
1  mm 1361 829
1  mm 1355 829
1  mm 1351 829
1  mm 1348 829
1  mm 1347 829
1  mm 1323 808
1  mm 1282 756
1  mm 1255 722
1  mm 1244 706
1  mm 1236 689
1  mm 1225 648
1  mm 1220 594
1  mm 1226 550
1  mm 1262 527
1  mm 1320 519
1  mm 1385 515
1  mm 1415 525
1  mm 1436 549
1  mm 1476 624
1  mm 1528 682
1  mm 1581 712
1  mm 1628 716
1  mm 1644 696
1  mm 1650 670
1  mm 1650 649
1  mm 1634 628
1  mm 1609 609
1  mm 1591 595
1  mm 1587 591
1  mm 1584 581
1  mm 1584 569
1  mm 1583 560
1  mm 1582 554
0  
1  mb 1 1 1582 554
0  
0  
0  
2 T 1210650580.887000 mb 1 0 1582 554
0  
1 T 1210650580.950000 
1 T 1210650580.984000 
1 T 1210650581.017000 
1 T 1210650581.050000 
1 T 1210650581.083000 
1 T 1210650581.116000 
1 T 1210650581.148000 
1 T 1210650581.183000 
1 T 1210650581.215000 
1 T 1210650581.248000 
1 T 1210650581.282000 
1 T 1210650581.315000 
1 T 1210650581.347000 
2 T 1210650581.380000 mm 1506 552
2 T 1210650581.413000 mm 1359 552
2 T 1210650581.446000 mm 1219 562
2 T 1210650581.479000 mm 1058 587
2 T 1210650581.512000 mm 981 612
2 T 1210650581.546000 mm 934 638
2 T 1210650581.578000 mm 901 657
2 T 1210650581.611000 mm 888 666
2 T 1210650581.644000 mm 887 669
2 T 1210650581.677000 mm 914 670
2 T 1210650581.710000 mm 915 670
1 T 1210650581.744000 
1 T 1210650581.776000 
1 T 1210650581.809000 
1 T 1210650581.842000 
1 T 1210650581.874000 
6 T 1210650581.908000 xs 6 2 20 534E0A362F3230300A3131353731310A39360A23 xs 6 2 0 xs 6 0 7 xs 6 0 169 mm 918 670
3 T 1210650581.941000 xs 6 2 0 mm 922 670
3 T 1210650581.974000 xs 6 2 0 mm 925 670
3 T 1210650582.007000 xs 6 2 0 mm 926 670
2 T 1210650582.040000 xs 6 2 0 
2 T 1210650582.073000 xs 6 2 0 
2 T 1210650582.106000 xs 6 2 0 
2 T 1210650582.139000 xs 6 2 0 
4 T 1210650582.172000 xs 6 2 10 52454A45435445440A23 xs 6 3 -1 T 1210650582.173000 
1 T 1210650582.206000 
1 T 1210650582.238000 
1 T 1210650582.271000 
1 T 1210650582.303000 
1 T 1210650582.338000 
1 T 1210650582.370000 
1 T 1210650582.403000 
2 T 1210650582.436000 mm 907 672
2 T 1210650582.470000 mm 834 694
2 T 1210650582.502000 mm 728 736
2 T 1210650582.535000 mm 648 773
2 T 1210650582.568000 mm 566 813
2 T 1210650582.600000 mm 505 856
2 T 1210650582.634000 mm 458 892
2 T 1210650582.667000 mm 428 917
2 T 1210650582.701000 mm 409 933
2 T 1210650582.734000 mm 396 949
2 T 1210650582.765000 mm 377 968
2 T 1210650582.799000 mm 370 978
1 T 1210650582.832000 
1 T 1210650582.865000 
1 T 1210650582.897000 
2 T 1210650582.932000 mb 1 1 370 978
1 T 1210650582.965000 
1 T 1210650582.997000 
1 T 1210650583.030000 
1  mb 1 0 370 978
