1209338509 seed, 30 fps, 1920x1080, fullScreen=1, version85_mouseSpeed1.000000_musicOff0_musicLoudness0.000000_webRetrySeconds16 F17B59E58BBFD43B1B61AA3C6B99740C46E72D6B
2 T 1209338510.163000 mm 1023 532
0  
0  
0  
0  
0  
0  
0  
0  
0  
0  
0  
0  
0  
0  
0  
0  
0  
0  
0  
0  
0  
0  
0  
0  
0  
0  
0  
0  
0  
0  
0  
0  
0  
0  
0  
0  
0  
0  
0  
0  
0  
0  
0  
0  
0  
0  
0  
0  
0  
0  
0  
0  
0  
0  
0  
0  
0  
0  
0  
0  
0  
0  
0  
2 T 1209338514.156000 T 1209338514.160000 
1 T 1209338514.188000 
1 T 1209338514.222000 
1 T 1209338514.255000 
1 T 1209338514.288000 
1 T 1209338514.321000 
1 T 1209338514.354000 
1 T 1209338514.387000 
1 T 1209338514.420000 
1 T 1209338514.453000 
1 T 1209338514.486000 
1 T 1209338514.519000 
1 T 1209338514.551000 
1 T 1209338514.584000 
1 T 1209338514.617000 
1 T 1209338514.651000 
1 T 1209338514.684000 
1 T 1209338514.717000 
1 T 1209338514.751000 
2 T 1209338514.783000 mm 933 535
2 T 1209338514.818000 mm 746 556
2 T 1209338514.849000 mm 640 595
2 T 1209338514.882000 mm 586 641
2 T 1209338514.916000 mm 541 682
2 T 1209338514.948000 mm 509 711
2 T 1209338514.982000 mm 477 729
2 T 1209338515.015000 mm 442 761
2 T 1209338515.047000 mm 412 803
2 T 1209338515.081000 mm 398 841
2 T 1209338515.113000 mm 394 870
2 T 1209338515.146000 mm 390 896
2 T 1209338515.179000 mm 386 916
2 T 1209338515.213000 mm 381 937
2 T 1209338515.245000 mm 372 962
2 T 1209338515.278000 mm 372 970
1 T 1209338515.311000 
0  
0  
0  
0  
0  
0  
0  
0  
0  
0  
1  mb 1 1 372 970
0  
0  
1  mb 1 0 372 970
