1209681761 seed, 30 fps, 1920x1080, fullScreen=1, version89_mouseSpeed1.000000_musicOff0_musicLoudness0.000000_webRetrySeconds16 051479CA4954BD38774A47614274DFCB41698172
3 T 1209681762.296000 mm 440 650 mm 440 649
0  
0  
0  
0  
0  
0  
0  
0  
0  
0  
0  
0  
0  
0  
0  
1  mm 437 651
0  
0  
1  mm 440 645
1  mm 442 641
1  mm 445 636
0  
0  
0  
0  
0  
1  mm 473 636
1  mm 527 636
1  mm 625 626
1  mm 745 590
1  mm 908 526
1  mm 1038 474
1  mm 1091 456
1  mm 1120 438
1  mm 1121 419
0  
0  
0  
0  
0  
0  
0  
0  
0  
0  
0  
0  
0  
0  
0  
0  
0  
0  
0  
1  mm 1127 420
1  mm 1214 425
1  mm 1335 423
1  mm 1348 421
1  mm 1383 431
0  
0  
0  
1  mm 1383 434
3 T 1209681765.959000 T 1209681765.962000 mm 1397 445
2 T 1209681765.992000 mm 1409 449
2 T 1209681766.025000 mm 1421 450
2 T 1209681766.058000 mm 1444 453
2 T 1209681766.092000 mm 1471 456
2 T 1209681766.124000 mm 1476 456
1 T 1209681766.157000 
1 T 1209681766.189000 
1 T 1209681766.224000 
1 T 1209681766.257000 
2 T 1209681766.289000 mm 1476 457
2 T 1209681766.322000 mm 1479 465
2 T 1209681766.355000 mm 1483 484
2 T 1209681766.388000 mm 1486 506
2 T 1209681766.422000 mm 1487 510
1 T 1209681766.454000 
1 T 1209681766.487000 
1 T 1209681766.520000 
1 T 1209681766.553000 
1 T 1209681766.586000 
1 T 1209681766.619000 
1 T 1209681766.652000 
1 T 1209681766.684000 
1 T 1209681766.717000 
1 T 1209681766.750000 
2 T 1209681766.784000 mm 1516 516
2 T 1209681766.817000 mm 1543 525
2 T 1209681766.850000 mm 1551 529
2 T 1209681766.883000 mm 1552 530
1 T 1209681766.916000 
1 T 1209681766.949000 
1 T 1209681766.982000 
2 T 1209681767.015000 mb 1 1 1552 530
1 T 1209681767.048000 
1 T 1209681767.081000 
2 T 1209681767.113000 mb 1 0 1552 530
0  
1  mb 1 1 1552 530
0  
0  
2 t 1209681767 mb 1 0 1552 530
1 wb 0 0 
1 wb 0 0 
1 wb 0 0 
1 wb 0 0 
1 wb 0 0 
1 wb 0 0 
1 wb 0 0 
1 wb 0 0 
1 wb 0 0 
1 wb 0 0 
1 wb 0 0 
1 wb 0 0 
1 wb 0 0 
1 wb 0 0 
1 wb 0 0 
1 wb 0 0 
1 wb 0 0 
4 wb 0 1 wb 0 2 87 server1.onehouronelife.com
8005
89
http://onehouronelife.com/updateServer/server.php
OK wb 0 2 87 server1.onehouronelife.com
8005
89
http://onehouronelife.com/updateServer/server.php
OK T 1209681767.873000 
0  
1 T 1209681767.939000 
1 T 1209681767.972000 
1 T 1209681768.005000 
1 T 1209681768.038000 
1 T 1209681768.071000 
1 T 1209681768.103000 
1 T 1209681768.136000 
1 T 1209681768.170000 
1 T 1209681768.202000 
1 T 1209681768.236000 
1 T 1209681768.268000 
1 T 1209681768.302000 
1 T 1209681768.335000 
1 T 1209681768.368000 
1 T 1209681768.401000 
1 T 1209681768.433000 
1 T 1209681768.467000 
1 T 1209681768.500000 
1 T 1209681768.533000 
1 T 1209681768.566000 
1 T 1209681768.598000 
1 T 1209681768.632000 
1 T 1209681768.665000 
1 T 1209681768.698000 
1 T 1209681768.730000 
2 T 1209681768.764000 mm 1542 530
2 T 1209681768.797000 mm 1540 530
2 T 1209681768.829000 mm 1538 530
1 T 1209681768.862000 
6 T 1209681768.895000 xs 0 2 22 534E0A33382F3230300A313834313038370A38390A23 xs 0 2 0 xs 0 0 7 T 1209681768.896000 xs 0 0 169 
2 T 1209681768.929000 xs 0 2 0 
2 T 1209681768.962000 xs 0 2 0 
2 T 1209681768.995000 xs 0 2 0 
2 T 1209681769.027000 xs 0 2 0 
2 T 1209681769.062000 xs 0 2 0 
2 T 1209681769.094000 xs 0 2 0 
2 T 1209681769.127000 xs 0 2 0 
6 T 1209681769.160000 xs 0 2 10 52454A45435445440A23 xs 0 3 -1 T 1209681769.161000 T 1209681769.162000 mm 1528 532
2 T 1209681769.193000 mm 1527 532
1 T 1209681769.226000 
1 T 1209681769.259000 
1 T 1209681769.292000 
1 T 1209681769.325000 
1 T 1209681769.359000 
1 T 1209681769.391000 
1 T 1209681769.424000 
1 T 1209681769.457000 
1 T 1209681769.489000 
1 T 1209681769.523000 
1 T 1209681769.555000 
1 T 1209681769.589000 
1 T 1209681769.623000 
1 T 1209681769.654000 
1 T 1209681769.689000 
1 T 1209681769.720000 
1 T 1209681769.754000 
1 T 1209681769.787000 
1 T 1209681769.820000 
1 T 1209681769.852000 
1 T 1209681769.886000 
1 T 1209681769.919000 
1 T 1209681769.952000 
1 T 1209681769.985000 
1 T 1209681770.018000 
1 T 1209681770.050000 
1 T 1209681770.085000 
2 T 1209681770.117000 mm 1444 493
2 T 1209681770.151000 mm 1199 377
2 T 1209681770.183000 mm 946 232
2 T 1209681770.216000 mm 864 175
2 T 1209681770.250000 mm 858 165
2 T 1209681770.282000 mm 870 157
1  mm 885 145
1  mm 902 128
1  mm 922 92
2 T 1209681770.414000 mm 922 90
0  
0  
0  
0  
0  
0  
0  
1  mb 1 1 922 90
0  
0  
0  
0  
1  mb 1 0 922 90
0  
0  
0  
0  
0  
0  
0  
0  
0  
0  
0  
0  
1  mm 916 133
1  mm 868 246
1  mm 780 359
1  mm 701 447
1  mm 668 503
1  mm 655 537
1  mm 639 560
1  mm 620 575
1  mm 580 603
1  mm 546 625
1  mm 526 637
1  mm 512 647
1  mm 494 662
1  mm 475 673
1  mm 457 683
1  mm 438 693
1  mm 422 701
1  mm 409 707
1  mm 402 712
1  mm 401 712
0  
0  
1  mm 459 703
1  mm 657 668
1  mm 989 614
1  mm 1252 562
1  mm 1387 556
1  mm 1438 548
1  mm 1447 545
1  mm 1460 540
1  mm 1472 534
0  
0  
0  
1  mm 1484 533
1  mm 1506 533
1  mm 1543 533
1  mm 1561 532
1  mm 1563 531
0  
0  
0  
0  
0  
0  
0  
0  
0  
0  
0  
0  
0  
0  
0  
0  
0  
0  
0  
0  
0  
0  
0  
0  
0  
0  
0  
0  
0  
0  
0  
0  
0  
0  
0  
1 T 1209681773.716000 
0  
0  
0  
0  
0  
0  
0  
0  
0  
0  
0  
0  
0  
0  
0  
0  
0  
0  
0  
0  
0  
0  
0  
0  
0  
0  
0  
0  
0  
1  mb 1 1 1563 531
0  
0  
0  
2 t 1209681774 mb 1 0 1563 531
1 wb 1 0 
1 wb 1 0 
1 wb 1 0 
1 wb 1 0 
2 wb 1 0 t 1209681775 
1 wb 1 0 
1 wb 1 0 
1 wb 1 0 
1 wb 1 0 
1 wb 1 0 
1 wb 1 0 
1 wb 1 0 
1 wb 1 0 
1 wb 1 0 
1 wb 1 0 
1 wb 1 0 
1 wb 1 0 
1 wb 1 0 
4 wb 1 1 wb 1 2 87 server1.onehouronelife.com
8005
89
http://onehouronelife.com/updateServer/server.php
OK wb 1 2 87 server1.onehouronelife.com
8005
89
http://onehouronelife.com/updateServer/server.php
OK T 1209681775.465000 
0  
1 T 1209681775.531000 
1 T 1209681775.563000 
1 T 1209681775.597000 
1 T 1209681775.629000 
1 T 1209681775.663000 
1 T 1209681775.696000 
1 T 1209681775.729000 
1 T 1209681775.761000 
1 T 1209681775.795000 
1 T 1209681775.828000 
1 T 1209681775.861000 
1 T 1209681775.893000 
1 T 1209681775.928000 
1 T 1209681775.959000 
1 T 1209681775.993000 
1 T 1209681776.026000 
1 T 1209681776.058000 
1 T 1209681776.093000 
1 T 1209681776.124000 
1 T 1209681776.158000 
1 T 1209681776.191000 
1 T 1209681776.223000 
1 T 1209681776.257000 
1 T 1209681776.290000 
1 T 1209681776.322000 
1 T 1209681776.356000 
1 T 1209681776.388000 
1 T 1209681776.422000 
1 T 1209681776.454000 
4 T 1209681776.488000 xs 1 2 22 534E0A33392F3230300A313834313039310A38390A23 xs 1 2 0 xs 1 0 169 
2 T 1209681776.521000 xs 1 2 0 
2 T 1209681776.554000 xs 1 2 0 
3 T 1209681776.586000 xs 1 2 0 T 1209681776.587000 
2 T 1209681776.619000 xs 1 2 0 
2 T 1209681776.653000 xs 1 2 0 
2 T 1209681776.685000 xs 1 2 0 
2 T 1209681776.719000 xs 1 2 0 
5 T 1209681776.751000 xs 1 2 10 52454A45435445440A23 xs 1 3 -1 T 1209681776.752000 T 1209681776.753000 
1 T 1209681776.785000 
1 T 1209681776.817000 
1 T 1209681776.851000 
2 T 1209681776.883000 mm 1563 530
2 T 1209681776.917000 mm 1561 528
1 T 1209681776.950000 
1 T 1209681776.983000 
1 T 1209681777.015000 
1 T 1209681777.049000 
1 T 1209681777.081000 
1 T 1209681777.115000 
1 T 1209681777.148000 
1 T 1209681777.181000 
1 T 1209681777.214000 
1 T 1209681777.247000 
1 T 1209681777.279000 
1 T 1209681777.313000 
1 T 1209681777.345000 
1 T 1209681777.378000 
1 T 1209681777.412000 
1 T 1209681777.445000 
1 T 1209681777.478000 
1 T 1209681777.510000 
1 T 1209681777.544000 
1 T 1209681777.577000 
1 T 1209681777.610000 
1 T 1209681777.643000 
1 T 1209681777.676000 
1 T 1209681777.708000 
2 T 1209681777.741000 mm 1559 528
2 T 1209681777.774000 mm 1495 545
2 T 1209681777.808000 mm 1221 606
2 T 1209681777.840000 mm 930 666
2 T 1209681777.874000 mm 746 725
1  mm 609 780
1  mm 531 819
1  mm 508 829
1  mm 494 832
1  mm 484 839
1  mm 455 863
1  mm 432 886
1  mm 403 915
1  mm 391 927
1  mm 389 929
0  
0  
0  
1  mm 383 935
1  mm 375 943
1  mm 371 947
1  mm 368 950
0  
1  mm 368 952
0  
0  
0  
0  
0  
0  
0  
0  
0  
0  
0  
0  
0  
1  mm 375 946
1  mm 397 935
1  mm 497 908
1  mm 615 886
1  mm 807 867
1  mm 1055 845
1  mm 1238 832
1  mm 1315 832
1  mm 1366 834
1  mm 1402 841
1  mm 1431 854
1  mm 1461 861
1  mm 1469 865
1  mm 1470 865
1  mm 1472 868
1  mm 1478 902
1  mm 1484 931
1  mm 1486 937
1  mm 1488 946
1  mm 1492 957
1  mm 1493 961
1  mm 1494 963
0  
1  mb 1 1 1494 963
0  
0  
0  
2 t 1209681779 mb 1 0 1494 963
1 wb 2 0 
1 wb 2 0 
1 wb 2 0 
1 wb 2 0 
2 wb 2 0 t 1209681780 
1 wb 2 0 
1 wb 2 0 
1 wb 2 0 
1 wb 2 0 
1 wb 2 0 
1 wb 2 0 
1 wb 2 0 
1 wb 2 0 
2 T 1209681780.316000 wb 2 0 
1 wb 2 0 
1 wb 2 0 
1 wb 2 0 
4 wb 2 1 wb 2 2 87 server1.onehouronelife.com
8005
89
http://onehouronelife.com/updateServer/server.php
OK wb 2 2 87 server1.onehouronelife.com
8005
89
http://onehouronelife.com/updateServer/server.php
OK T 1209681780.448000 
0  
1 T 1209681780.513000 
1 T 1209681780.547000 
1 T 1209681780.579000 
1 T 1209681780.613000 
1 T 1209681780.646000 
1 T 1209681780.678000 
1 T 1209681780.712000 
1 T 1209681780.744000 
1 T 1209681780.778000 
1 T 1209681780.810000 
1 T 1209681780.844000 
1 T 1209681780.877000 
1 T 1209681780.910000 
1 T 1209681780.942000 
1 T 1209681780.976000 
1 T 1209681781.008000 
1 T 1209681781.042000 
1 T 1209681781.074000 
1 T 1209681781.108000 
2 T 1209681781.141000 mm 1477 953
2 T 1209681781.173000 mm 1449 936
2 T 1209681781.206000 mm 1428 920
2 T 1209681781.240000 mm 1406 899
2 T 1209681781.273000 mm 1386 855
2 T 1209681781.306000 mm 1350 787
2 T 1209681781.339000 mm 1299 700
2 T 1209681781.372000 mm 1278 660
2 T 1209681781.405000 mm 1273 637
2 T 1209681781.437000 mm 1276 617
6 T 1209681781.470000 xs 2 2 22 534E0A34302F3230300A313834313039370A38390A23 xs 2 2 0 T 1209681781.471000 xs 2 0 169 mm 1291 596
3 T 1209681781.505000 xs 2 2 0 mm 1307 573
2 T 1209681781.537000 xs 2 2 0 
2 T 1209681781.570000 xs 2 2 0 
2 T 1209681781.603000 xs 2 2 0 
2 T 1209681781.635000 xs 2 2 0 
2 T 1209681781.669000 xs 2 2 0 
4 T 1209681781.702000 xs 2 2 10 52454A45435445440A23 xs 2 3 -1 T 1209681781.703000 
1 T 1209681781.734000 
1 T 1209681781.767000 
1 T 1209681781.800000 
1 T 1209681781.834000 
1 T 1209681781.867000 
1 T 1209681781.899000 
1 T 1209681781.932000 
1 T 1209681781.966000 
1 T 1209681781.998000 
1 T 1209681782.032000 
1 T 1209681782.065000 
1 T 1209681782.097000 
1 T 1209681782.131000 
1 T 1209681782.164000 
1 T 1209681782.196000 
1 T 1209681782.230000 
1 T 1209681782.263000 
1 T 1209681782.295000 
2 T 1209681782.329000 mm 1285 572
2 T 1209681782.361000 mm 1202 578
2 T 1209681782.394000 mm 1012 618
2 T 1209681782.428000 mm 771 694
2 T 1209681782.461000 mm 590 771
2 T 1209681782.494000 mm 495 828
2 T 1209681782.526000 mm 456 866
2 T 1209681782.559000 mm 434 886
2 T 1209681782.593000 mm 423 895
2 T 1209681782.625000 mm 420 906
2 T 1209681782.658000 mm 414 922
2 T 1209681782.692000 mm 407 934
2 T 1209681782.724000 mm 400 944
2 T 1209681782.757000 mm 395 950
2 T 1209681782.791000 mm 393 952
2 T 1209681782.823000 mm 392 955
1  mm 390 958
1  mm 386 961
1  mm 384 962
1  mm 382 964
0  
0  
0  
0  
0  
0  
0  
0  
0  
0  
0  
0  
0  
0  
0  
0  
0  
0  
0  
1 T 1209681783.616000 
0  
0  
0  
0  
0  
0  
0  
0  
0  
0  
0  
0  
0  
0  
0  
0  
0  
0  
0  
0  
0  
0  
0  
0  
0  
0  
0  
0  
0  
0  
0  
0  
0  
0  
0  
0  
0  
0  
0  
0  
0  
0  
0  
0  
0  
0  
0  
0  
0  
0  
0  
0  
0  
0  
0  
0  
0  
0  
0  
0  
0  
0  
0  
0  
0  
0  
0  
0  
0  
0  
0  
0  
0  
0  
0  
0  
0  
0  
0  
0  
0  
0  
0  
0  
0  
0  
0  
0  
0  
0  
0  
0  
0  
0  
0  
0  
0  
0  
0  
1 T 1209681786.924000 
0  
0  
0  
0  
0  
0  
0  
0  
0  
0  
0  
0  
0  
0  
0  
0  
0  
0  
0  
0  
0  
0  
0  
0  
0  
0  
0  
0  
0  
0  
0  
0  
0  
0  
0  
0  
0  
0  
0  
0  
0  
0  
0  
0  
0  
0  
0  
0  
0  
0  
0  
0  
0  
0  
0  
0  
0  
0  
0  
0  
0  
0  
0  
0  
0  
0  
0  
0  
0  
0  
0  
0  
0  
0  
0  
0  
0  
0  
0  
0  
0  
0  
0  
0  
0  
1  mm 358 964
1  mm 261 918
1  mm 310 826
1  mm 356 762
1  mm 363 740
1  mm 371 732
1  mm 379 718
1  mm 364 708
0  
1  mm 432 717
1  mm 569 719
1  mm 688 706
1  mm 734 681
1  mm 764 661
2 T 1209681790.225000 mm 803 638
1  mm 845 623
1  mm 875 612
1  mm 897 598
1  mm 932 587
1  mm 946 580
1  mm 948 579
1  mb 1 1 948 579
0  
0  
1  mb 1 0 948 579
0  
0  
0  
0  
0  
0  
0  
1  mm 950 576
1  mm 961 565
1  mm 962 564
1  mb 1 1 962 564
0  
0  
0  
1  mb 1 0 962 564
1  mm 983 537
1  mm 1011 501
1  mm 1039 458
1  mm 1044 431
1  mm 1044 396
1  mm 1044 384
1  mm 1044 380
1  mm 1045 368
1  mm 1046 364
1  mm 1046 361
1  mm 1048 354
1  mm 1051 350
1  mm 1052 347
0  
0  
0  
1  mb 1 1 1052 347
0  
0  
1  mb 1 0 1052 347
0  
0  
0  
0  
0  
0  
0  
1  mm 1080 352
1  mm 1202 370
1  mm 1371 418
1  mm 1544 482
1  mm 1613 512
1  mm 1614 512
1  mm 1614 518
1  mm 1621 535
1  mm 1631 550
1  mm 1634 556
0  
1  mm 1630 557
1  mm 1584 550
1  mm 1532 525
1  mm 1518 520
1  mm 1517 518
0  
0  
0  
1  mm 1517 517
1  mm 1517 512
1  mm 1517 509
1  mm 1517 508
0  
0  
1  mm 1518 511
1  mm 1525 522
1  mm 1527 523
0  
1  mb 1 1 1527 523
0  
0  
2 t 1209681793 mb 1 0 1527 523
1 wb 3 0 
1 wb 3 0 
1 wb 3 0 
1 wb 3 0 
1 wb 3 0 
1 wb 3 0 
1 wb 3 0 
1 wb 3 0 
1 wb 3 0 
1 wb 3 0 
1 wb 3 0 
1 wb 3 0 
1 wb 3 0 
1 wb 3 0 
2 T 1209681793.525000 wb 3 0 
1 wb 3 0 
1 wb 3 0 
1 wb 3 0 
1 wb 3 0 
1 wb 3 0 
1 wb 3 0 
1 wb 3 0 
1 wb 3 0 
1 wb 3 0 
1 wb 3 0 
1 wb 3 0 
1 wb 3 0 
1 wb 3 0 
1 wb 3 0 
2 wb 3 0 t 1209681794 
1 wb 3 0 
1 wb 3 0 
1 wb 3 0 
1 wb 3 0 
1 wb 3 0 
1 wb 3 0 
1 wb 3 0 
1 wb 3 0 
1 wb 3 0 
1 wb 3 0 
1 wb 3 0 
1 wb 3 0 
1 wb 3 0 
1 wb 3 0 
1 wb 3 0 
1 wb 3 0 
1 wb 3 0 
1 wb 3 0 
1 wb 3 0 
1 wb 3 0 
1 wb 3 0 
1 wb 3 0 
1 wb 3 0 
1 wb 3 0 
1 wb 3 0 
1 wb 3 0 
1 wb 3 0 
1 wb 3 0 
1 wb 3 0 
2 wb 3 0 t 1209681795 
1 wb 3 0 
1 wb 3 0 
1 wb 3 0 
2 wb 3 0 mm 1520 525
2 wb 3 0 mm 1512 525
2 wb 3 0 mm 1511 525
1 wb 3 0 
1 wb 3 0 
1 wb 3 0 
1 wb 3 0 
1 wb 3 0 
1 wb 3 0 
1 wb 3 0 
1 wb 3 0 
1 wb 3 0 
1 wb 3 0 
1 wb 3 0 
1 wb 3 0 
2 wb 3 0 mm 1508 527
2 wb 3 0 mm 1491 534
2 wb 3 0 mm 1485 538
1 wb 3 0 
1 wb 3 0 
1 wb 3 0 
1 wb 3 0 
1 wb 3 0 
1 wb 3 0 
2 wb 3 0 mm 1462 544
2 wb 3 0 mm 1435 549
2 wb 3 0 mm 1411 556
3 wb 3 0 t 1209681796 mm 1384 559
2 wb 3 0 mm 1350 565
2 wb 3 0 mm 1319 568
2 wb 3 0 mm 1294 570
2 wb 3 0 mm 1271 571
2 wb 3 0 mm 1248 575
2 wb 3 0 mm 1227 576
2 wb 3 0 mm 1208 576
2 wb 3 0 mm 1187 576
2 wb 3 0 mm 1185 576
2 wb 3 0 mm 1184 576
1 wb 3 0 
1 wb 3 0 
1 wb 3 0 
1 wb 3 0 
1 wb 3 0 
4 wb 3 1 wb 3 2 87 server1.onehouronelife.com
8005
89
http://onehouronelife.com/updateServer/server.php
OK wb 3 2 87 server1.onehouronelife.com
8005
89
http://onehouronelife.com/updateServer/server.php
OK T 1209681796.562000 
0  
1 T 1209681796.626000 
1 T 1209681796.659000 
1 T 1209681796.692000 
1 T 1209681796.727000 
1 T 1209681796.758000 
1 T 1209681796.792000 
1 T 1209681796.825000 
1 T 1209681796.858000 
1 T 1209681796.891000 
1 T 1209681796.925000 
1 T 1209681796.956000 
1 T 1209681796.990000 
1 T 1209681797.023000 
1 T 1209681797.056000 
1 T 1209681797.090000 
2 T 1209681797.122000 mm 1172 581
2 T 1209681797.156000 mm 1169 583
1 T 1209681797.188000 
1 T 1209681797.222000 
1 T 1209681797.255000 
1 T 1209681797.288000 
1 T 1209681797.322000 
1 T 1209681797.355000 
1 T 1209681797.387000 
1 T 1209681797.420000 
1 T 1209681797.453000 
1 T 1209681797.485000 
1 T 1209681797.519000 
1 T 1209681797.553000 
6 T 1209681797.585000 xs 3 2 22 534E0A34312F3230300A313834313130380A38390A23 xs 3 2 0 xs 3 0 7 T 1209681797.587000 xs 3 0 169 
2 T 1209681797.617000 xs 3 2 0 
2 T 1209681797.652000 xs 3 2 0 
2 T 1209681797.683000 xs 3 2 0 
3 T 1209681797.719000 xs 3 2 0 mm 1148 596
3 T 1209681797.750000 xs 3 2 0 mm 1141 600
3 T 1209681797.783000 xs 3 2 0 mm 1138 604
6 T 1209681797.818000 xs 3 2 10 52454A45435445440A23 xs 3 3 -1 T 1209681797.822000 mm 1132 610 mm 1131 610
2 T 1209681797.850000 mm 1125 616
2 T 1209681797.882000 mm 1124 618
1 T 1209681797.915000 
1 T 1209681797.947000 
1 T 1209681797.981000 
1 T 1209681798.013000 
1 T 1209681798.047000 
1 T 1209681798.079000 
1 T 1209681798.113000 
1 T 1209681798.146000 
1 T 1209681798.179000 
1 T 1209681798.213000 
1 T 1209681798.245000 
1 T 1209681798.278000 
1 T 1209681798.311000 
1 T 1209681798.344000 
1 T 1209681798.377000 
1 T 1209681798.410000 
1 T 1209681798.444000 
1 T 1209681798.477000 
2 T 1209681798.510000 mm 1065 627
2 T 1209681798.542000 mm 921 647
2 T 1209681798.575000 mm 774 671
2 T 1209681798.608000 mm 649 704
2 T 1209681798.642000 mm 550 745
2 T 1209681798.675000 mm 497 776
2 T 1209681798.707000 mm 466 806
2 T 1209681798.741000 mm 453 829
2 T 1209681798.774000 mm 446 851
2 T 1209681798.807000 mm 444 880
2 T 1209681798.840000 mm 435 909
2 T 1209681798.872000 mm 424 938
2 T 1209681798.905000 mm 412 959
2 T 1209681798.939000 mm 400 976
1  mm 393 979
1  mm 387 980
1  mm 374 980
1  mm 366 980
0  
0  
1  mb 1 1 366 980
0  
0  
0  
0  
0  
0  
0  
0  
0  
0  
0  
0  
0  
0  
0  
0  
1  mb 1 0 366 980
