1207956212 seed, 60 fps, 1920x1080, fullScreen=1, version73_mouseSpeed1.000000_musicOff0_musicLoudness1.000000_webRetrySeconds16 39F5D403D9734472EB90545B8404B1BC918AF16B
2 T 1207956214.164000 mm 960 540
0  
0  
0  
0  
0  
0  
0  
0  
0  
0  
0  
0  
0  
0  
0  
0  
0  
0  
0  
0  
0  
0  
0  
0  
0  
0  
0  
0  
0  
0  
0  
0  
0  
0  
0  
0  
0  
0  
0  
0  
0  
0  
0  
0  
0  
0  
0  
0  
0  
0  
0  
0  
0  
0  
0  
0  
0  
0  
0  
0  
0  
0  
0  
0  
0  
0  
0  
0  
0  
0  
0  
0  
0  
0  
0  
0  
0  
0  
0  
0  
0  
0  
0  
0  
0  
0  
0  
0  
0  
0  
0  
0  
0  
0  
0  
0  
0  
0  
1 T 1207956216.586000 
0  
0  
0  
0  
0  
0  
0  
0  
0  
0  
0  
0  
0  
0  
2 T 1207956217.510000 T 1207956217.511000 
0  
0  
1 T 1207956217.519000 
1 T 1207956217.536000 
1 T 1207956217.552000 
1 T 1207956217.569000 
1 T 1207956217.586000 
1 T 1207956217.602000 
1 T 1207956217.620000 
1 T 1207956217.636000 
1 T 1207956217.653000 
1 T 1207956217.669000 
1 T 1207956217.686000 
1 T 1207956217.703000 
1 T 1207956217.720000 
1 T 1207956217.736000 
1 T 1207956217.753000 
1 T 1207956217.770000 
1 T 1207956217.786000 
1 T 1207956217.803000 
1 T 1207956217.820000 
1 T 1207956217.836000 
1 T 1207956217.852000 
1 T 1207956217.869000 
1 T 1207956217.886000 
1 T 1207956217.903000 
1 T 1207956217.919000 
1 T 1207956217.936000 
1 T 1207956217.953000 
1 T 1207956217.970000 
1 T 1207956217.986000 
1 T 1207956218.003000 
1 T 1207956218.020000 
1 T 1207956218.036000 
1 T 1207956218.053000 
1 T 1207956218.069000 
1 T 1207956218.086000 
1 T 1207956218.103000 
1 T 1207956218.119000 
1 T 1207956218.136000 
1 T 1207956218.153000 
1 T 1207956218.169000 
1 T 1207956218.186000 
1 T 1207956218.203000 
1 T 1207956218.219000 
1 T 1207956218.236000 
1 T 1207956218.253000 
1 T 1207956218.269000 
1 T 1207956218.286000 
1 T 1207956218.303000 
1 T 1207956218.319000 
1 T 1207956218.336000 
1 T 1207956218.353000 
1 T 1207956218.369000 
1 T 1207956218.386000 
1 T 1207956218.403000 
1 T 1207956218.419000 
1 T 1207956218.436000 
1 T 1207956218.453000 
1 T 1207956218.469000 
1 T 1207956218.486000 
1 T 1207956218.503000 
1 T 1207956218.520000 
1 T 1207956218.536000 
1 T 1207956218.553000 
1 T 1207956218.569000 
1 T 1207956218.586000 
1 T 1207956218.603000 
1 T 1207956218.620000 
0  
0  
0  
0  
0  
0  
0  
0  
0  
0  
0  
0  
0  
0  
0  
1 T 1207956218.885000 
0  
0  
0  
0  
0  
0  
0  
0  
0  
0  
0  
0  
0  
0  
0  
0  
0  
0  
0  
0  
0  
0  
0  
0  
0  
0  
0  
0  
0  
0  
0  
0  
0  
0  
0  
0  
0  
0  
0  
0  
0  
0  
0  
0  
0  
0  
0  
0  
0  
0  
0  
0  
0  
0  
0  
0  
0  
0  
0  
0  
0  
0  
0  
0  
0  
0  
1  mm 996 536
1  mm 1132 523
1  mm 1234 523
1  mm 1311 530
1  mm 1346 536
1  mm 1359 537
1  mm 1360 537
0  
1  mm 1367 537
1  mm 1392 540
1  mm 1435 545
1  mm 1480 551
1  mm 1517 554
1  mm 1570 558
1  mm 1591 559
1  mm 1598 559
0  
0  
0  
0  
1  mm 1592 559
1  mm 1582 559
1  mm 1564 561
1  mm 1551 567
1  mm 1546 568
0  
0  
0  
0  
1  mm 1545 567
1  mm 1545 566
1  mm 1545 563
1  mm 1545 562
2 T 1207956220.552000 mm 1545 561
0  
0  
0  
0  
0  
0  
0  
0  
0  
0  
0  
0  
0  
0  
0  
0  
0  
0  
0  
0  
0  
0  
1  mm 1545 557
0  
0  
1  mm 1544 557
1  mm 1543 556
0  
1  mm 1533 554
1  mm 1517 550
1  mm 1501 545
1  mm 1486 538
1  mm 1475 533
1  mm 1471 532
1  mm 1467 531
1  mm 1457 529
1  mm 1443 525
1  mm 1427 523
1  mm 1406 516
1  mm 1372 507
1  mm 1306 479
1  mm 1264 455
1  mm 1214 428
1  mm 1178 411
1  mm 1147 397
1  mm 1120 390
1  mm 1092 379
1  mm 1066 371
1  mm 1050 367
1  mm 1044 364
1  mm 1043 364
1  mm 1042 364
0  
0  
0  
0  
0  
0  
0  
0  
0  
0  
0  
0  
0  
1  mb 1 1 1042 364
0  
0  
0  
0  
0  
0  
0  
1  mb 1 0 1042 364
0  
0  
0  
0  
0  
0  
0  
0  
0  
0  
0  
0  
0  
0  
1  mm 1041 365
1  mm 1041 368
1  mm 1041 370
1  mm 1041 371
1  mm 1041 372
0  
0  
0  
0  
0  
0  
1 T 1207956222.218000 
0  
0  
0  
0  
0  
0  
1  mm 1041 373
4  kd 102 1039 380 kd 100 1039 380 kd 115 1039 380 mm 1039 380
0  
1  mm 1035 384
1  mm 1025 389
2  ku 115 1017 394 mm 1017 394
3  ku 100 1015 396 ku 102 1015 396 mm 1015 396
1  mm 1009 400
1  mm 1003 401
3  kd 102 1002 402 kd 100 1002 402 mm 1002 402
0  
1  mm 1001 402
1  mm 997 403
2  ku 100 996 404 mm 996 404
1  mm 994 404
1  mm 992 407
2  ku 102 987 409 mm 987 409
1  mm 981 414
1  mm 978 419
2  kd 102 971 431 mm 971 431
2  kd 103 962 441 mm 962 441
1  mm 956 447
1  mm 950 454
1  mm 947 458
1  mm 941 463
2  ku 103 937 467 mm 937 467
2  ku 102 932 471 mm 932 471
1  mm 924 482
1  mm 918 487
1  mm 914 493
1  mm 908 498
1  mm 905 500
4  kd 98 905 500 kd 103 905 500 kd 102 905 500 kd 100 905 500
1  mm 902 501
1  mm 899 504
1  mm 899 507
1  mm 897 510
4  ku 98 894 515 ku 103 894 515 ku 100 894 515 mm 894 515
2  ku 102 891 519 mm 891 519
1  mm 887 527
1  mm 886 532
1  mm 885 534
0  
0  
0  
1  mm 884 537
1  mm 884 539
1  mm 883 541
1  mm 883 542
0  
0  
1  mb 1 1 883 542
0  
0  
0  
0  
0  
1  mb 1 0 883 542
1  kd 103 883 542
2  kd 100 883 542 kd 102 883 542
0  
1  mm 883 543
1  mm 888 545
2  ku 102 904 546 mm 904 546
1  mm 926 550
3  ku 100 956 554 ku 103 956 554 mm 956 554
1  mm 984 555
1  mm 1008 558
1  mm 1037 559
2  kd 100 1049 559 mm 1049 559
3  kd 103 1058 559 kd 102 1058 559 mm 1058 559
1  mm 1061 559
1  mm 1067 559
1  mm 1076 559
2  ku 102 1088 559 mm 1088 559
2  ku 103 1105 559 mm 1105 559
3  kd 103 1120 559 kd 102 1120 559 mm 1120 559
1  mm 1130 559
1  mm 1137 559
1  mm 1154 559
1  mm 1171 559
3  ku 100 1186 561 ku 102 1186 561 mm 1186 561
2  ku 103 1206 562 mm 1206 562
1  mm 1221 565
1  mm 1231 565
4  kd 103 1240 565 kd 100 1240 565 kd 102 1240 565 mm 1240 565
1  mm 1243 565
1  mm 1244 565
0  
1  mm 1246 565
1  mm 1251 565
4  ku 103 1260 565 ku 100 1260 565 ku 102 1260 565 mm 1260 565
1  mm 1263 565
2 T 1207956223.884000 mm 1274 565
1  mm 1284 565
4  kd 103 1298 565 kd 102 1298 565 kd 100 1298 565 mm 1298 565
1  mm 1306 565
1  mm 1316 565
1  mm 1325 565
1  mm 1334 566
4  ku 102 1342 566 ku 100 1342 566 ku 103 1342 566 mm 1342 566
1  mm 1344 566
1  mm 1345 566
1  mm 1347 566
1  mm 1352 566
4  kd 103 1356 566 kd 102 1356 566 kd 100 1356 566 mm 1356 566
1  mm 1359 566
1  mm 1366 566
1  mm 1373 566
1  mm 1385 566
2  ku 100 1393 566 mm 1393 566
3  ku 103 1408 566 ku 102 1408 566 mm 1408 566
1  mm 1423 566
1  mm 1442 567
1  mm 1456 569
1  mm 1465 570
1  mm 1470 570
1  mm 1472 570
0  
1  mm 1473 570
1  mm 1477 570
1  mm 1480 567
1  mm 1489 563
1  mm 1495 560
1  mm 1505 558
1  mm 1511 556
1  mm 1516 556
1  mm 1519 556
1  mm 1522 556
1  mm 1526 556
1  mm 1533 556
1  mm 1536 555
1  mm 1543 553
1  mm 1545 551
1  mm 1546 551
1  mm 1548 550
0  
0  
0  
0  
0  
0  
0  
0  
0  
0  
0  
0  
0  
0  
1  mb 1 1 1548 550
0  
0  
0  
0  
2 T 1207956224.970000 mb 1 0 1548 550
0  
0  
2  kd 27 1548 550 ku 27 1548 550
0  
0  
1  sd 113 1548 550
4  sd 5 1539 550 su 5 1539 550 su 113 1539 550 mm 1539 550
0  
0  
0  
2  sd 113 1539 550 kd 37 1539 550
