1210649494 seed, 30 fps, 1920x1080, fullScreen=1, version96_mouseSpeed1.000000_musicOff0_musicLoudness0.000000_webRetrySeconds16 D7B0694EEF5ECFC8B3CCDCAF722279C3F19F6647
2 T 1210649494.830000 mm 1290 173
0  
1  mm 1250 591
0  
0  
0  
0  
0  
0  
0  
0  
0  
0  
0  
0  
0  
0  
0  
0  
0  
0  
0  
0  
0  
0  
1  mm 1261 591
1  mm 1263 591
1  mm 1264 591
0  
0  
0  
0  
0  
0  
1  mm 1263 592
1  mm 1262 592
0  
0  
0  
0  
0  
0  
0  
1  mm 1267 592
1  mm 1275 593
1  mm 1279 593
1  mm 1282 593
1  mm 1285 593
0  
0  
0  
0  
0  
0  
1  mm 1285 592
0  
0  
0  
0  
0  
0  
0  
0  
0  
1  mm 1304 592
3 T 1210649499.302000 T 1210649499.305000 mm 1294 569
2 T 1210649499.334000 mm 1295 568
2 T 1210649499.368000 mm 1297 568
2 T 1210649499.401000 mm 1297 567
1 T 1210649499.434000 
1 T 1210649499.466000 
2 T 1210649499.498000 mm 1299 566
2 T 1210649499.533000 mm 1300 566
2 T 1210649499.565000 mm 1310 565
2 T 1210649499.599000 mm 1328 563
2 T 1210649499.630000 mm 1354 562
2 T 1210649499.665000 mm 1399 559
2 T 1210649499.697000 mm 1440 557
2 T 1210649499.730000 mm 1480 557
2 T 1210649499.762000 mm 1523 557
2 T 1210649499.796000 mm 1545 557
2 T 1210649499.829000 mm 1550 557
1 T 1210649499.862000 
1 T 1210649499.895000 
1 T 1210649499.928000 
1 T 1210649499.961000 
1 T 1210649499.994000 
1 T 1210649500.027000 
1 T 1210649500.060000 
1 T 1210649500.093000 
1 T 1210649500.126000 
1 T 1210649500.159000 
1 T 1210649500.191000 
1 T 1210649500.226000 
1 T 1210649500.258000 
1 T 1210649500.291000 
1 T 1210649500.324000 
1 T 1210649500.357000 
1 T 1210649500.390000 
1 T 1210649500.424000 
0  
0  
0  
0  
0  
0  
0  
1  mb 1 1 1550 557
0  
0  
0  
2 t 1210649500 mb 1 0 1550 557
1 wb 0 0 
1 wb 0 0 
1 wb 0 0 
1 wb 0 0 
1 wb 0 0 
2 wb 0 0 t 1210649501 
1 wb 0 0 
1 wb 0 0 
1 wb 0 0 
1 wb 0 0 
1 wb 0 0 
1 wb 0 0 
1 wb 0 0 
1 wb 0 0 
1 wb 0 0 
1 wb 0 0 
1 wb 0 0 
1 wb 0 0 
1 wb 0 0 
4 wb 0 1 wb 0 2 87 server1.onehouronelife.com
8005
96
http://onehouronelife.com/updateServer/server.php
OK wb 0 2 87 server1.onehouronelife.com
8005
96
http://onehouronelife.com/updateServer/server.php
OK T 1210649501.479000 
0  
1 T 1210649501.545000 
1 T 1210649501.578000 
1 T 1210649501.611000 
1 T 1210649501.643000 
1 T 1210649501.677000 
1 T 1210649501.710000 
1 T 1210649501.743000 
1 T 1210649501.776000 
1 T 1210649501.809000 
1 T 1210649501.842000 
1 T 1210649501.875000 
1 T 1210649501.908000 
1 T 1210649501.941000 
1 T 1210649501.974000 
1 T 1210649502.007000 
1 T 1210649502.040000 
1 T 1210649502.073000 
1 T 1210649502.106000 
1 T 1210649502.139000 
1 T 1210649502.172000 
1 T 1210649502.205000 
1 T 1210649502.238000 
1 T 1210649502.270000 
1 T 1210649502.304000 
1 T 1210649502.337000 
1 T 1210649502.370000 
1 T 1210649502.403000 
1 T 1210649502.436000 
1 T 1210649502.468000 
6 T 1210649502.502000 xs 0 2 21 534E0A32392F3230300A3139333038300A39360A23 xs 0 2 0 xs 0 0 7 T 1210649502.503000 xs 0 0 169 
2 T 1210649502.536000 xs 0 2 0 
2 T 1210649502.568000 xs 0 2 0 
2 T 1210649502.601000 xs 0 2 0 
2 T 1210649502.634000 xs 0 2 0 
2 T 1210649502.667000 xs 0 2 0 
2 T 1210649502.700000 xs 0 2 0 
2 T 1210649502.733000 xs 0 2 0 
2 T 1210649502.766000 xs 0 2 0 
2 T 1210649502.799000 xs 0 2 0 
2 T 1210649502.831000 xs 0 2 0 
4 T 1210649502.865000 xs 0 2 10 52454A45435445440A23 xs 0 3 -1 T 1210649502.867000 
1 T 1210649502.898000 
1 T 1210649502.931000 
1 T 1210649502.964000 
1 T 1210649502.997000 
1 T 1210649503.031000 
1 T 1210649503.063000 
1 T 1210649503.095000 
1 T 1210649503.129000 
1 T 1210649503.163000 
1 T 1210649503.194000 
1 T 1210649503.229000 
1 T 1210649503.261000 
1 T 1210649503.294000 
1 T 1210649503.327000 
1 T 1210649503.359000 
1 T 1210649503.394000 
1 T 1210649503.425000 
1 T 1210649503.460000 
1 T 1210649503.491000 
1 T 1210649503.525000 
1 T 1210649503.558000 
1 T 1210649503.591000 
1 T 1210649503.625000 
1 T 1210649503.657000 
1 T 1210649503.690000 
1 T 1210649503.723000 
1 T 1210649503.756000 
1 T 1210649503.789000 
1 T 1210649503.822000 
1 T 1210649503.855000 
1 T 1210649503.888000 
1 T 1210649503.920000 
1 T 1210649503.954000 
1 T 1210649503.987000 
0  
0  
0  
1  mm 1544 557
1  mm 1404 557
1  mm 1278 557
1  mm 1188 557
1  mm 1129 557
1  mm 1113 557
1  mm 1112 557
0  
1  mm 1114 557
1  mm 1166 554
1  mm 1248 543
1  mm 1322 539
1  mm 1365 539
1  mm 1376 539
0  
0  
0  
1  mm 1360 539
1  mm 1269 569
1  mm 1145 610
1  mm 996 660
1  mm 834 705
1  mm 712 749
1  mm 657 773
1  mm 631 790
1  mm 617 799
1  mm 615 800
0  
0  
0  
1  mm 626 793
1  mm 641 785
1  mm 646 782
0  
1  mm 654 775
1  mm 679 755
1  mm 734 719
1  mm 844 673
1  mm 998 635
1  mm 1215 588
1  mm 1394 567
1  mm 1498 562
1  mm 1535 562
1  mm 1547 564
1  mm 1552 566
0  
0  
0  
0  
0  
0  
0  
0  
0  
0  
0  
0  
0  
0  
0  
0  
0  
0  
0  
0  
0  
0  
0  
0  
0  
0  
0  
0  
0  
0  
0  
1  mm 1547 566
1  mm 1494 566
1  mm 1379 566
1  mm 1269 562
1  mm 1211 558
1  mm 1193 558
0  
0  
1  mb 1 1 1193 558
0  
0  
0  
1 T 1210649507.023000 
1  mb 1 0 1193 558
0  
0  
0  
0  
0  
1  mm 1184 548
1  mm 1171 521
1  mm 1154 489
1  mm 1132 451
1  mm 1118 428
1  mm 1105 405
1  mm 1095 385
1  mm 1088 368
1  mm 1082 353
1  mm 1079 346
1  mm 1079 344
0  
0  
0  
1  mb 1 1 1079 344
0  
0  
0  
1  mb 1 0 1079 344
0  
0  
0  
0  
0  
1  mm 1088 344
1  mm 1102 344
1  mm 1132 348
1  mm 1188 370
1  mm 1245 398
1  mm 1311 420
1  mm 1368 448
1  mm 1413 470
1  mm 1433 486
1  mm 1444 499
1  mm 1452 508
1  mm 1464 521
1  mm 1477 529
1  mm 1496 535
1  mm 1512 541
1  mm 1518 542
0  
0  
1  mm 1523 542
1  mm 1528 542
1  mm 1531 542
0  
0  
1  mb 1 1 1531 542
0  
0  
0  
0  
2 t 1210649508 mb 1 0 1531 542
2 t 1210649509 wb 1 0 
1 wb 1 0 
1 wb 1 0 
1 wb 1 0 
1 wb 1 0 
1 wb 1 0 
1 wb 1 0 
1 wb 1 0 
1 wb 1 0 
1 wb 1 0 
1 wb 1 0 
1 wb 1 0 
1 wb 1 0 
1 wb 1 0 
1 wb 1 0 
4 wb 1 1 wb 1 2 87 server1.onehouronelife.com
8005
96
http://onehouronelife.com/updateServer/server.php
OK wb 1 2 87 server1.onehouronelife.com
8005
96
http://onehouronelife.com/updateServer/server.php
OK T 1210649509.498000 
0  
1 T 1210649509.564000 
1 T 1210649509.597000 
1 T 1210649509.630000 
1 T 1210649509.664000 
1 T 1210649509.696000 
1 T 1210649509.729000 
1 T 1210649509.762000 
1 T 1210649509.795000 
1 T 1210649509.829000 
1 T 1210649509.860000 
1 T 1210649509.894000 
1 T 1210649509.927000 
1 T 1210649509.960000 
1 T 1210649509.993000 
1 T 1210649510.026000 
1 T 1210649510.059000 
1 T 1210649510.092000 
1 T 1210649510.125000 
1 T 1210649510.158000 
1 T 1210649510.191000 
1 T 1210649510.224000 
1 T 1210649510.257000 
1 T 1210649510.290000 
1 T 1210649510.323000 
1 T 1210649510.356000 
1 T 1210649510.389000 
1 T 1210649510.422000 
1 T 1210649510.455000 
1 T 1210649510.488000 
4 T 1210649510.521000 xs 1 2 21 534E0A32392F3230300A3139333038340A39360A23 xs 1 2 0 xs 1 0 169 
2 T 1210649510.554000 xs 1 2 0 
2 T 1210649510.587000 xs 1 2 0 
2 T 1210649510.620000 xs 1 2 0 
2 T 1210649510.653000 xs 1 2 0 
2 T 1210649510.686000 xs 1 2 0 
2 T 1210649510.718000 xs 1 2 0 
2 T 1210649510.753000 xs 1 2 0 
2 T 1210649510.785000 xs 1 2 0 
2 T 1210649510.818000 xs 1 2 0 
2 T 1210649510.851000 xs 1 2 0 
2 T 1210649510.884000 xs 1 2 0 
2 T 1210649510.917000 xs 1 2 0 
2 T 1210649510.951000 xs 1 2 0 
2 T 1210649510.983000 xs 1 2 0 
2 T 1210649511.015000 xs 1 2 0 
2 T 1210649511.049000 xs 1 2 0 
4 T 1210649511.083000 xs 1 2 10 52454A45435445440A23 xs 1 3 -1 T 1210649511.084000 
1 T 1210649511.115000 
1 T 1210649511.147000 
1 T 1210649511.181000 
1 T 1210649511.214000 
1 T 1210649511.247000 
1 T 1210649511.280000 
1 T 1210649511.313000 
1 T 1210649511.346000 
1 T 1210649511.378000 
1 T 1210649511.412000 
1 T 1210649511.445000 
1 T 1210649511.478000 
1 T 1210649511.511000 
1 T 1210649511.544000 
1 T 1210649511.577000 
1 T 1210649511.610000 
1 T 1210649511.643000 
1 T 1210649511.676000 
1 T 1210649511.709000 
1 T 1210649511.742000 
2 T 1210649511.776000 kd 27 1531 542
1 T 1210649511.808000 
1 T 1210649511.841000 
1 T 1210649511.874000 
1 T 1210649511.906000 
2 T 1210649511.940000 ku 27 1531 542
1 T 1210649511.973000 
1 T 1210649512.006000 
1 T 1210649512.039000 
1 T 1210649512.073000 
1 T 1210649512.105000 
1 T 1210649512.138000 
1 T 1210649512.171000 
1 T 1210649512.204000 
0  
0  
1  sd 113 1531 542
0  
0  
0  
0  
0  
0  
0  
0  
0  
0  
0  
0  
0  
0  
0  
0  
0  
1  kd 37 1531 542
