1209301549 seed, 30 fps, 1920x1080, fullScreen=1, version84_mouseSpeed1.000000_musicOff0_musicLoudness0.000000_webRetrySeconds16 42465DEE661C4C80A66BFD33B6F8DBB5EF6ACF88
2 T 1209301551.259000 mm 1054 492
0  
0  
0  
0  
0  
0  
0  
0  
0  
0  
0  
0  
0  
0  
0  
0  
0  
0  
0  
0  
0  
1  mm 1122 539
1  mm 1364 529
1  mm 1534 510
1  mm 1565 508
1  mm 1580 497
1  mm 1581 497
0  
0  
0  
0  
0  
1  mm 1580 497
1  mm 1571 497
0  
0  
0  
0  
0  
0  
0  
0  
0  
0  
0  
0  
0  
0  
0  
0  
0  
0  
0  
0  
0  
0  
0  
0  
0  
0  
0  
0  
3 T 1209301555.147000 T 1209301555.150000 mm 1578 497
2 T 1209301555.180000 mm 1575 497
2 T 1209301555.213000 mm 1573 497
1 T 1209301555.246000 
1 T 1209301555.279000 
1 T 1209301555.311000 
1 T 1209301555.344000 
1 T 1209301555.379000 
1 T 1209301555.411000 
1 T 1209301555.444000 
1 T 1209301555.477000 
1 T 1209301555.510000 
1 T 1209301555.543000 
1 T 1209301555.576000 
1 T 1209301555.608000 
1 T 1209301555.642000 
1 T 1209301555.675000 
2 T 1209301555.708000 mm 1554 502
2 T 1209301555.740000 mm 1553 502
1 T 1209301555.774000 
1 T 1209301555.808000 
1 T 1209301555.841000 
2 T 1209301555.874000 mm 1552 503
2 T 1209301555.907000 mm 1545 511
2 T 1209301555.940000 mm 1538 519
2 T 1209301555.972000 mm 1538 521
1 T 1209301556.005000 
1 T 1209301556.039000 
1 T 1209301556.072000 
2 T 1209301556.105000 mm 1538 522
2 T 1209301556.139000 mm 1536 527
2 T 1209301556.171000 mm 1534 528
2 T 1209301556.204000 mm 1534 529
1 T 1209301556.237000 
1 T 1209301556.271000 
1  mm 1534 530
2 T 1209301556.335000 mm 1534 531
1  mm 1534 533
1  mm 1534 536
0  
1  mm 1535 538
0  
1  mm 1535 540
0  
0  
1  mm 1536 541
1  mm 1541 544
1  mm 1544 544
1  mm 1544 545
1  mm 1545 546
0  
1  mm 1550 549
1  mm 1554 550
0  
0  
0  
0  
0  
0  
0  
0  
0  
0  
0  
0  
0  
0  
0  
0  
0  
0  
0  
1  mb 1 1 1554 550
0  
0  
0  
2 T 1209301557.662000 mb 1 0 1554 550
0  
1 T 1209301557.723000 
1 T 1209301557.757000 
1 T 1209301557.789000 
1 T 1209301557.823000 
1 T 1209301557.857000 
1 T 1209301557.888000 
1 T 1209301557.922000 
1 T 1209301557.955000 
1 T 1209301557.988000 
1 T 1209301558.021000 
1 T 1209301558.054000 
1 T 1209301558.087000 
1 T 1209301558.120000 
1 T 1209301558.152000 
1 T 1209301558.186000 
1 T 1209301558.219000 
1 T 1209301558.252000 
1 T 1209301558.285000 
1 T 1209301558.317000 
1 T 1209301558.350000 
1 T 1209301558.383000 
1 T 1209301558.416000 
1 T 1209301558.450000 
1 T 1209301558.482000 
1 T 1209301558.515000 
1 T 1209301558.550000 
1 T 1209301558.581000 
1 T 1209301558.614000 
1 T 1209301558.648000 
6 T 1209301558.680000 xs 0 2 16 534E0A302F3230300A31310A38350A23 xs 0 2 0 xs 0 0 7 T 1209301558.681000 T 1209301558.683000 
1 T 1209301558.714000 
1 T 1209301559.023000 
1 T 1209301559.056000 
1 T 1209301559.089000 
1 T 1209301559.122000 
1 T 1209301559.155000 
1 T 1209301559.188000 
1 T 1209301559.221000 
1 T 1209301559.254000 
1 T 1209301559.287000 
1 T 1209301559.319000 
1 T 1209301559.353000 
1 T 1209301559.386000 
1 T 1209301559.420000 
1 T 1209301559.453000 
1 T 1209301559.486000 
1 T 1209301559.518000 
1 T 1209301559.552000 
1 T 1209301559.585000 
1 T 1209301559.618000 
1 T 1209301559.651000 
1 T 1209301559.684000 
1 T 1209301559.716000 
1 T 1209301559.750000 
1 T 1209301559.783000 
0  
0  
0  
1 T 1209301559.914000 
0  
0  
0  
0  
0  
0  
0  
0  
0  
0  
0  
0  
0  
0  
0  
0  
0  
0  
0  
0  
0  
0  
0  
0  
0  
0  
0  
0  
0  
0  
0  
0  
0  
0  
0  
0  
0  
0  
0  
0  
0  
0  
0  
0  
0  
0  
0  
0  
0  
0  
0  
0  
0  
0  
0  
0  
0  
0  
0  
0  
0  
0  
0  
0  
0  
0  
0  
0  
0  
0  
1  mm 1542 551
1  mm 1333 571
1  mm 1057 594
1  mm 825 634
1  mm 668 692
1  mm 603 708
1  mm 576 717
1  mm 572 718
1  mm 568 720
1  mm 567 720
1  mm 563 720
1  mm 545 725
1  mm 514 745
1  mm 503 768
1  mm 497 793
1  mm 478 834
1  mm 453 872
1  mm 443 895
1  mm 443 901
1  mm 441 907
1  mm 439 913
1  mm 430 924
1  mm 421 937
1  mm 414 946
1  mm 398 959
1  mm 384 970
0  
0  
0  
1 T 1209301563.328000 
0  
0  
0  
0  
0  
0  
0  
0  
0  
0  
0  
0  
1  mb 1 1 384 970
0  
0  
1  mb 1 0 384 970
