1207954410 seed, 30 fps, 1920x1080, fullScreen=1, version73_mouseSpeed1.000000_musicOff0_musicLoudness1.000000_webRetrySeconds16 39F5D403D9734472EB90545B8404B1BC918AF16B
2 T 1207954412.081000 mm 960 540
0  
1  mm 1786 361
1  mm 1855 351
1  mm 1883 348
1  mm 1886 348
1  mm 1887 347
0  
0  
0  
1  mm 1886 347
1  mm 1877 352
1  mm 1856 360
1  mm 1841 360
1  mm 1833 361
1  mm 1830 361
1  mm 1824 362
1  mm 1818 363
2  mm 1796 371 mm 1790 372
1  mm 1778 374
1  mm 1762 376
1  mm 1756 377
1  mm 1739 379
1  mm 1718 381
1  mm 1698 382
1  mm 1682 382
1  mm 1671 383
1  mm 1662 385
1  mm 1656 386
1  mm 1644 389
1  mm 1633 391
1  mm 1624 394
1  mm 1604 400
1  mm 1548 414
1  mm 1504 426
1  mm 1491 463
0  
0  
0  
0  
0  
0  
0  
0  
0  
0  
1  mm 1490 465
0  
0  
0  
0  
0  
0  
0  
0  
0  
0  
0  
0  
0  
0  
0  
0  
0  
2 T 1207954415.557000 T 1207954415.560000 
1 T 1207954415.589000 
1 T 1207954415.623000 
1 T 1207954415.656000 
1 T 1207954415.688000 
1 T 1207954415.722000 
1 T 1207954415.754000 
1 T 1207954415.788000 
2 T 1207954415.821000 mm 1489 465
2 T 1207954415.854000 mm 1491 466
1 T 1207954415.887000 
1 T 1207954415.920000 
1 T 1207954415.953000 
1 T 1207954415.986000 
1 T 1207954416.019000 
1 T 1207954416.052000 
1 T 1207954416.085000 
2 T 1207954416.118000 mm 1496 461
2 T 1207954416.151000 mm 1501 456
1 T 1207954416.184000 
2 T 1207954416.218000 mm 1501 455
1 T 1207954416.250000 
1 T 1207954416.283000 
1 T 1207954416.316000 
1 T 1207954416.349000 
2 T 1207954416.383000 mm 1501 454
2 T 1207954416.415000 mm 1501 453
1 T 1207954416.448000 
1 T 1207954416.481000 
1 T 1207954416.514000 
1 T 1207954416.546000 
1 T 1207954416.581000 
1 T 1207954416.613000 
1 T 1207954416.646000 
1 T 1207954416.679000 
1 T 1207954416.711000 
0  
0  
0  
0  
0  
0  
0  
0  
0  
0  
0  
0  
0  
0  
0  
0  
1  mm 1499 452
1  mm 1495 452
0  
0  
0  
0  
0  
0  
0  
0  
0  
0  
0  
0  
0  
0  
0  
0  
0  
0  
0  
0  
0  
0  
0  
0  
1  mm 1494 452
1  mm 1492 452
1  mm 1488 461
1  mm 1486 473
1  mm 1484 481
1  mm 1483 487
1  mm 1483 512
1  mm 1483 534
1  mm 1483 546
1  mm 1484 551
1  mm 1488 555
1  mm 1491 558
1  mm 1493 558
0  
1  mm 1494 558
1  mm 1498 558
1  mm 1504 558
1  mm 1510 556
0  
1  mm 1515 554
1  mm 1516 554
0  
1  mm 1520 554
1  mm 1530 554
1  mm 1541 559
1  mm 1563 598
1  mm 1592 696
1  mm 1614 832
1  mm 1617 908
1  mm 1617 941
1  mm 1613 957
1  mm 1609 961
1  mm 1604 966
1  mm 1600 967
1  mm 1595 968
0  
0  
1  mm 1593 968
1  mm 1589 968
1  mm 1585 966
1  mm 1583 965
1  mm 1582 965
0  
0  
0  
0  
0  
0  
0  
0  
0  
0  
0  
1  mm 1582 904
1  mm 1567 795
1  mm 1536 694
1  mm 1511 639
2 T 1207954420.015000 mm 1496 604
1  mm 1494 594
0  
0  
0  
1  mm 1499 590
1  mm 1527 572
1  mm 1558 548
1  mm 1569 526
1  mm 1569 524
0  
2  mb 1 1 1569 524 md 1569 528
0  
0  
0  
2 T 1207954420.513000 mb 1 0 1569 528
0  
0  
0  
0  
0  
0  
0  
0  
0  
0  
0  
0  
0  
0  
0  
0  
0  
0  
0  
0  
0  
0  
0  
0  
0  
0  
1  kd 27 1569 528
2  ku 27 1569 528 sd 113 1569 528
1  kd 37 1569 528
