1208016535 seed, 30 fps, 1920x1080, fullScreen=1, version73_mouseSpeed1.000000_musicOff0_musicLoudness1.000000_webRetrySeconds16 39F5D403D9734472EB90545B8404B1BC918AF16B
2 T 1208016536.882000 mm 997 410
0  
0  
0  
1  mm 970 414
1  mm 948 417
1  mm 940 418
1  mm 932 421
1  mm 922 427
1  mm 914 430
1  mm 907 433
1  mm 884 449
1  mm 846 472
1  mm 801 501
1  mm 737 545
1  mm 694 579
1  mm 665 616
1  mm 646 658
1  mm 645 695
1  mm 648 700
1  mm 660 705
1  mm 665 708
1  mm 666 710
1  mm 668 716
1  mm 669 724
1  mm 688 730
1  mm 711 729
0  
0  
0  
0  
0  
0  
0  
0  
1  mm 703 728
1  mm 695 728
0  
0  
0  
1  mm 692 728
1  mm 689 728
1  mm 679 733
0  
1  mm 681 734
1  mm 691 734
1  mm 692 734
0  
0  
0  
0  
0  
0  
0  
0  
0  
0  
1  mm 691 734
1  mm 671 738
1  mm 607 751
1  mm 552 761
1  mm 480 769
1  mm 433 774
1  mm 389 786
3 T 1208016540.559000 T 1208016540.562000 mm 326 825
2 T 1208016540.592000 mm 323 829
2 T 1208016540.624000 mm 317 834
2 T 1208016540.657000 mm 316 836
2 T 1208016540.690000 mm 316 839
1 T 1208016540.723000 
1 T 1208016540.756000 
2 T 1208016540.789000 mm 321 841
2 T 1208016540.822000 mm 327 842
1 T 1208016540.855000 
1 T 1208016540.889000 
2 T 1208016540.921000 mm 301 848
2 T 1208016540.955000 mm 278 855
2 T 1208016540.988000 mm 277 856
1 T 1208016541.021000 
2 T 1208016541.053000 mm 276 856
1 T 1208016541.086000 
2 T 1208016541.120000 mm 275 865
2 T 1208016541.153000 mm 286 895
2 T 1208016541.185000 mm 293 907
2 T 1208016541.218000 mm 301 918
2 T 1208016541.252000 mm 319 942
2 T 1208016541.285000 mm 343 981
2 T 1208016541.318000 mm 347 990
1 T 1208016541.351000 
2 T 1208016541.383000 mb 1 1 347 990
1 T 1208016541.416000 
1 T 1208016541.449000 
1 T 1208016541.482000 
1  mb 1 0 347 990
