1208927415 seed, 30 fps, 1920x1080, fullScreen=1, version84_mouseSpeed1.000000_musicOff0_musicLoudness0.000000_webRetrySeconds16 42465DEE661C4C80A66BFD33B6F8DBB5EF6ACF88
3 T 1208927415.822000 mm 532 615 mm 984 597
0  
0  
0  
0  
0  
0  
0  
0  
0  
0  
0  
0  
0  
0  
0  
0  
0  
0  
0  
0  
0  
0  
0  
0  
0  
0  
0  
0  
0  
0  
0  
0  
0  
0  
0  
0  
0  
0  
0  
0  
0  
0  
0  
0  
0  
0  
0  
0  
0  
0  
0  
0  
0  
0  
0  
1  mm 1105 592
1  mm 1234 557
1  mm 1296 532
1  mm 1302 532
0  
0  
1  mm 1300 532
2 T 1208927419.731000 T 1208927419.736000 
1 T 1208927419.763000 
1 T 1208927419.796000 
1 T 1208927419.830000 
1 T 1208927419.863000 
1 T 1208927419.895000 
1 T 1208927419.928000 
1 T 1208927419.962000 
1 T 1208927419.995000 
1 T 1208927420.027000 
1 T 1208927420.061000 
1 T 1208927420.093000 
2 T 1208927420.127000 mm 1306 534
2 T 1208927420.160000 mm 1392 558
2 T 1208927420.192000 mm 1457 567
2 T 1208927420.225000 mm 1473 568
1 T 1208927420.259000 
1 T 1208927420.292000 
2 T 1208927420.324000 mm 1485 568
2 T 1208927420.357000 mm 1514 563
2 T 1208927420.390000 mm 1547 562
2 T 1208927420.424000 mm 1584 562
2 T 1208927420.457000 mm 1594 562
2 T 1208927420.490000 mm 1595 562
1 T 1208927420.522000 
1 T 1208927420.555000 
1 T 1208927420.589000 
1 T 1208927420.622000 
1 T 1208927420.655000 
1 T 1208927420.687000 
1 T 1208927420.721000 
1 T 1208927420.753000 
1 T 1208927420.787000 
1 T 1208927420.820000 
1 T 1208927420.852000 
0  
1 T 1208927420.919000 
0  
0  
0  
0  
0  
0  
1  mb 1 1 1595 562
0  
0  
0  
2 T 1208927421.286000 mb 1 0 1595 562
0  
1 T 1208927421.348000 
1 T 1208927421.380000 
1 T 1208927421.414000 
1 T 1208927421.446000 
1 T 1208927421.479000 
1 T 1208927421.513000 
1 T 1208927421.546000 
1 T 1208927421.579000 
1 T 1208927421.612000 
1 T 1208927421.644000 
2 T 1208927421.678000 mm 1587 558
2 T 1208927421.711000 mm 1569 557
2 T 1208927421.744000 mm 1555 557
2 T 1208927421.777000 mm 1541 557
2 T 1208927421.810000 mm 1521 559
2 T 1208927421.842000 mm 1509 560
2 T 1208927421.876000 mm 1508 561
1 T 1208927421.909000 
1 T 1208927421.942000 
1 T 1208927421.974000 
1 T 1208927422.008000 
1 T 1208927422.040000 
1 T 1208927422.074000 
1 T 1208927422.107000 
1 T 1208927422.140000 
1 T 1208927422.173000 
1 T 1208927422.205000 
1 T 1208927422.239000 
1 T 1208927422.271000 
6 T 1208927422.305000 xs 0 2 20 534E0A332F3230300A3330373830370A38340A23 xs 0 2 0 xs 0 0 7 T 1208927422.306000 xs 0 0 169 
2 T 1208927422.338000 xs 0 2 0 
2 T 1208927422.370000 xs 0 2 0 
2 T 1208927422.404000 xs 0 2 0 
2 T 1208927422.436000 xs 0 2 0 
2 T 1208927422.469000 xs 0 2 0 
2 T 1208927422.502000 xs 0 2 0 
5 T 1208927422.536000 xs 0 2 10 52454A45435445440A23 xs 0 3 -1 T 1208927422.537000 T 1208927422.539000 
1 T 1208927422.569000 
1 T 1208927422.602000 
1 T 1208927422.635000 
1 T 1208927422.667000 
1 T 1208927422.701000 
1 T 1208927422.734000 
1 T 1208927422.766000 
1 T 1208927422.799000 
1 T 1208927422.832000 
1 T 1208927422.865000 
1 T 1208927422.899000 
1 T 1208927422.931000 
1 T 1208927422.965000 
1 T 1208927422.998000 
1 T 1208927423.030000 
1 T 1208927423.063000 
1 T 1208927423.097000 
2 T 1208927423.129000 mm 1501 562
2 T 1208927423.162000 mm 1468 566
2 T 1208927423.195000 mm 1456 566
1 T 1208927423.228000 
1 T 1208927423.261000 
1 T 1208927423.295000 
1 T 1208927423.327000 
1 T 1208927423.361000 
2 T 1208927423.393000 mm 1443 566
2 T 1208927423.426000 mm 1385 566
2 T 1208927423.460000 mm 1306 569
2 T 1208927423.493000 mm 1231 569
2 T 1208927423.526000 mm 1174 569
2 T 1208927423.558000 mm 1141 569
2 T 1208927423.592000 mm 1114 569
2 T 1208927423.624000 mm 1098 569
1 T 1208927423.657000 
1  mm 1089 570
1  mm 1048 576
1  mm 998 576
1  mm 951 576
1  mm 924 576
1  mm 907 576
1  mm 899 576
1  mm 885 576
1  mm 865 568
1  mm 835 549
1  mm 817 508
1  mm 816 466
1  mm 857 396
1  mm 941 267
1  mm 963 201
1  mm 966 165
2 T 1208927424.218000 mm 966 142
1  mm 964 128
1  mm 964 122
1  mm 964 115
1  mm 965 114
0  
1  mb 1 1 965 114
0  
0  
0  
1  mb 1 0 965 114
0  
1  mm 967 114
1  mm 1071 135
1  mm 1205 167
1  mm 1346 241
1  mm 1456 341
1  mm 1518 419
1  mm 1548 466
1  mm 1568 508
1  mm 1584 536
1  mm 1588 551
0  
0  
1  mm 1581 551
1  mm 1547 541
1  mm 1543 540
0  
0  
0  
0  
0  
0  
1  mm 1507 512
1  mm 1360 440
1  mm 1142 331
1  mm 1014 272
1  mm 1000 265
0  
1  mb 1 1 1000 265
0  
0  
0  
1  mb 1 0 1000 265
0  
1  mm 1000 286
1  mm 1009 316
1  mm 1013 327
1  mm 1013 329
0  
0  
0  
0  
1  mb 1 1 1013 329
0  
1  mb 1 0 1013 329
0  
0  
1  mm 1027 338
1  mm 1055 351
1  mm 1077 364
1  mm 1086 370
1  mm 1097 384
1  mm 1105 403
1  mm 1112 419
1  mm 1119 437
1  mm 1123 462
1  mm 1135 485
1  mm 1149 502
1  mm 1169 512
1  mm 1183 514
1  mm 1187 514
0  
0  
1  mm 1188 514
1  mb 1 1 1188 514
0  
0  
0  
1  mb 1 0 1188 514
1  mm 1192 517
1  mm 1204 520
1  mm 1220 521
1  mm 1222 521
0  
1  mm 1230 526
1  mm 1265 548
1  mm 1297 559
1  mm 1326 566
1  mm 1346 571
1  mm 1364 577
1  mm 1373 580
1  mm 1375 581
0  
1  mm 1377 583
1  mm 1386 598
1  mm 1390 611
1  mm 1394 624
1  mm 1397 644
1  mm 1398 673
2 T 1208927427.519000 mm 1398 702
1  mm 1398 747
1  mm 1398 786
1  mm 1399 809
1  mm 1405 833
1  mm 1405 837
1  mm 1399 846
1  mm 1331 858
1  mm 1023 858
1  mm 690 865
1  mm 558 880
1  mm 474 902
1  mm 424 918
1  mm 396 925
1  mm 373 925
1  mm 357 925
0  
0  
0  
1  mm 364 944
1  mm 374 960
1  mm 376 961
0  
0  
0  
0  
0  
0  
0  
0  
0  
0  
0  
0  
0  
0  
0  
0  
0  
0  
1  mb 1 1 376 961
0  
0  
0  
0  
0  
0  
0  
0  
1  mb 1 0 376 961
