1207651672 seed, 60 fps, 1920x1080, fullScreen=1, version71_mouseSpeed1.000000_musicOff0_musicLoudness1.000000_webRetrySeconds16 2797EC7A5AB8DF63168C20572F11FEDEE5BD6188
3 T 1207651674.102000 mm 1554 492 mm 1570 492
0  
1  mm 1563 497
0  
0  
0  
0  
0  
0  
0  
0  
0  
0  
0  
0  
0  
0  
0  
0  
0  
0  
0  
0  
0  
0  
0  
0  
0  
0  
0  
0  
0  
0  
0  
0  
0  
0  
0  
0  
0  
0  
0  
0  
0  
0  
0  
0  
0  
0  
0  
0  
0  
0  
0  
0  
0  
1  mm 1561 497
1  mm 1553 498
1  mm 1548 501
1  mm 1548 502
1  mm 1550 503
0  
0  
0  
0  
1  mm 1487 580
0  
0  
1  mm 1482 581
1  mm 1459 590
1  mm 1439 597
1  mm 1428 602
1  mm 1425 604
1  mm 1421 607
1  mm 1413 614
1  mm 1408 619
1  mm 1405 623
1  mm 1401 638
1  mm 1398 671
1  mm 1400 676
1  mm 1405 676
1  mm 1434 669
0  
0  
0  
0  
0  
0  
0  
1  mm 1433 669
1  mm 1421 670
1  mm 1417 670
1  mm 1416 670
0  
0  
0  
0  
1  mm 1415 670
1  mm 1412 670
1 T 1207651677.605000 
0  
0  
0  
0  
1  mm 1410 670
1  mm 1404 662
1  mm 1401 659
0  
0  
0  
0  
1  mm 1402 657
1  mm 1407 651
1  mm 1405 651
3 T 1207651679.509000 T 1207651679.510000 mm 1403 651
0  
0  
1 T 1207651679.538000 
1 T 1207651679.571000 
1 T 1207651679.605000 
1 T 1207651679.638000 
1 T 1207651679.671000 
1 T 1207651679.704000 
1 T 1207651679.738000 
1 T 1207651679.771000 
1 T 1207651679.804000 
1 T 1207651679.838000 
1 T 1207651679.871000 
1 T 1207651679.905000 
1 T 1207651679.938000 
1 T 1207651679.972000 
1 T 1207651680.005000 
1 T 1207651680.037000 
2 T 1207651680.071000 mm 1402 651
3 T 1207651680.106000 mm 1402 657 mm 1402 665
2 T 1207651680.138000 mm 1412 699
2 T 1207651680.172000 mm 1419 720
2 T 1207651680.206000 mm 1419 723
1 T 1207651680.238000 
2 T 1207651680.273000 mm 1418 732
2 T 1207651680.305000 mm 1385 750
2 T 1207651680.338000 mm 1280 767
2 T 1207651680.371000 mm 1127 775
2 T 1207651680.404000 mm 970 798
2 T 1207651680.438000 mm 829 834
2 T 1207651680.471000 mm 747 868
2 T 1207651680.504000 mm 698 891
2 T 1207651680.538000 mm 653 907
2 T 1207651680.571000 mm 611 921
2 T 1207651680.604000 mm 558 935
2 T 1207651680.637000 mm 522 938
1  mm 498 941
1  mm 466 942
1  mm 424 942
1  mm 417 942
1  mm 404 944
1  mm 390 946
1  mm 389 946
0  
0  
1  mb 1 1 389 946
0  
0  
1  mb 1 0 389 946
