1210851394 seed, 30 fps, 1920x1080, fullScreen=1, version96_mouseSpeed1.000000_musicOff0_musicLoudness0.000000_webRetrySeconds16 D7B0694EEF5ECFC8B3CCDCAF722279C3F19F6647
2 T 1210851395.142000 mm 887 508
0  
1  mm 1120 621
0  
0  
0  
0  
0  
0  
0  
0  
0  
0  
0  
0  
0  
0  
0  
0  
0  
0  
0  
0  
1  mm 1128 614
1  mm 1160 597
1  mm 1205 583
1  mm 1250 570
1  mm 1324 556
1  mm 1381 550
1  mm 1436 546
1  mm 1469 546
1  mm 1501 546
1  mm 1540 545
1  mm 1562 545
1  mm 1568 545
1  mm 1563 544
0  
0  
0  
0  
0  
0  
0  
1  mm 1561 544
1  mm 1556 544
0  
0  
0  
0  
0  
0  
0  
0  
0  
0  
0  
0  
0  
1  mm 1554 544
1  mm 1547 542
0  
1  mm 1539 542
1  mm 1538 542
0  
1  mm 1536 542
2 T 1210851399.023000 T 1210851399.026000 
1 T 1210851399.055000 
1 T 1210851399.089000 
1 T 1210851399.122000 
1 T 1210851399.155000 
1 T 1210851399.188000 
1 T 1210851399.222000 
2 T 1210851399.255000 mm 1530 540
2 T 1210851399.288000 mm 1515 537
2 T 1210851399.319000 mm 1504 534
1 T 1210851399.353000 
1 T 1210851399.386000 
1 T 1210851399.420000 
1 T 1210851399.452000 
1 T 1210851399.486000 
1 T 1210851399.519000 
2 T 1210851399.552000 mm 1514 534
2 T 1210851399.585000 mm 1538 536
2 T 1210851399.617000 mm 1550 536
2 T 1210851399.651000 mm 1553 536
1 T 1210851399.683000 
1 T 1210851399.718000 
1 T 1210851399.749000 
1 T 1210851399.781000 
1 T 1210851399.816000 
1 T 1210851399.849000 
1 T 1210851399.882000 
1 T 1210851399.914000 
1 T 1210851399.948000 
1 T 1210851399.981000 
1 T 1210851400.013000 
1 T 1210851400.047000 
2 T 1210851400.082000 mb 1 1 1553 536
1 T 1210851400.113000 
1 T 1210851400.146000 
1  mb 1 0 1553 536
0  
0  
0  
1  mb 1 1 1553 536
0  
2 T 1210851400.380000 mb 1 0 1553 536
0  
1 T 1210851400.532000 
1 T 1210851400.567000 
1 T 1210851400.599000 
1 T 1210851400.632000 
2 T 1210851400.666000 mm 1554 539
2 T 1210851400.698000 mm 1564 558
2 T 1210851400.730000 mm 1567 566
2 T 1210851400.764000 mm 1567 567
2 T 1210851400.797000 mm 1567 568
2 T 1210851400.830000 mm 1567 576
2 T 1210851400.865000 mm 1567 582
2 T 1210851400.896000 mm 1567 586
2 T 1210851400.928000 mm 1567 588
1 T 1210851400.962000 
1 T 1210851400.995000 
1 T 1210851401.028000 
1 T 1210851401.062000 
1 T 1210851401.093000 
1 T 1210851401.127000 
1 T 1210851401.160000 
1 T 1210851401.193000 
1 T 1210851401.226000 
1 T 1210851401.259000 
2 T 1210851401.292000 mm 1566 591
2 T 1210851401.327000 mm 1543 598
2 T 1210851401.358000 mm 1538 601
4 T 1210851401.390000 xs 0 2 0 xs 0 0 0 T 1210851401.394000 
1 T 1210851401.424000 
1 T 1210851401.458000 
1 T 1210851401.490000 
1 T 1210851401.525000 
1 T 1210851401.557000 
1 T 1210851401.590000 
1 T 1210851401.622000 
1 T 1210851401.655000 
1 T 1210851401.689000 
2 T 1210851401.721000 mm 1503 602
2 T 1210851401.756000 mm 1451 602
2 T 1210851401.789000 mm 1410 599
2 T 1210851401.822000 mm 1402 596
1 T 1210851401.854000 
2 T 1210851401.890000 mm 1402 589
2 T 1210851401.922000 mm 1404 582
2 T 1210851401.953000 mm 1406 579
2 T 1210851401.988000 mm 1408 578
2 T 1210851402.020000 mm 1413 576
2 T 1210851402.053000 mm 1416 575
1 T 1210851402.085000 
1 T 1210851402.117000 
1 T 1210851402.152000 
2 T 1210851402.183000 mm 1406 575
2 T 1210851402.219000 mm 1324 584
2 T 1210851402.250000 mm 1183 610
2 T 1210851402.282000 mm 1062 621
2 T 1210851402.317000 mm 955 630
2 T 1210851402.349000 mm 919 631
2 T 1210851402.382000 mm 917 631
1 T 1210851402.414000 
2 T 1210851402.448000 mm 977 613
2 T 1210851402.480000 mm 1046 591
2 T 1210851402.514000 mm 1102 578
1  mm 1120 576
1  mm 1144 574
1  mm 1211 569
1  mm 1308 559
1  mm 1374 555
1  mm 1428 551
1  mm 1451 546
1  mm 1454 546
0  
1  mm 1470 545
1  mm 1494 545
1  mm 1513 545
1  mm 1527 545
1  mm 1531 545
1  mm 1539 544
1  mm 1542 543
0  
0  
0  
0  
0  
0  
0  
0  
0  
0  
0  
0  
0  
0  
1 T 1210851403.537000 
0  
0  
0  
0  
0  
0  
0  
0  
0  
0  
0  
0  
0  
0  
0  
0  
0  
0  
0  
0  
0  
0  
0  
0  
0  
0  
0  
0  
0  
0  
0  
0  
0  
0  
0  
0  
0  
0  
0  
0  
0  
0  
0  
0  
0  
0  
0  
0  
0  
0  
0  
0  
0  
0  
0  
0  
0  
0  
0  
0  
0  
0  
0  
0  
0  
0  
0  
0  
0  
0  
0  
0  
0  
0  
0  
0  
0  
0  
0  
0  
0  
0  
0  
0  
0  
0  
0  
0  
0  
0  
0  
0  
0  
0  
0  
0  
0  
0  
0  
1 T 1210851406.837000 
0  
0  
0  
0  
0  
0  
0  
0  
0  
0  
0  
0  
0  
0  
0  
0  
0  
0  
0  
0  
0  
0  
0  
0  
0  
0  
0  
0  
0  
0  
0  
0  
0  
0  
0  
0  
0  
0  
0  
0  
0  
0  
0  
0  
0  
0  
0  
0  
0  
0  
0  
0  
0  
0  
0  
0  
0  
0  
0  
0  
0  
0  
0  
0  
0  
0  
0  
0  
0  
0  
0  
0  
0  
0  
0  
0  
0  
0  
0  
0  
0  
0  
0  
0  
0  
0  
0  
0  
0  
0  
0  
0  
0  
0  
0  
0  
0  
0  
0  
1 T 1210851410.137000 
0  
0  
0  
0  
0  
0  
0  
0  
0  
0  
0  
0  
0  
0  
0  
0  
0  
0  
0  
0  
0  
0  
0  
0  
0  
0  
0  
0  
0  
0  
0  
0  
0  
0  
0  
0  
0  
0  
0  
0  
0  
0  
0  
0  
0  
0  
0  
0  
0  
0  
0  
0  
0  
0  
0  
0  
0  
0  
0  
0  
0  
0  
0  
0  
0  
0  
0  
0  
0  
0  
0  
0  
0  
0  
0  
0  
0  
0  
0  
0  
0  
0  
0  
0  
0  
0  
0  
0  
0  
0  
0  
0  
0  
0  
0  
0  
0  
0  
0  
1 T 1210851413.438000 
0  
0  
0  
0  
0  
0  
0  
0  
0  
0  
0  
0  
0  
0  
0  
0  
0  
0  
0  
0  
0  
0  
0  
0  
0  
0  
0  
0  
0  
0  
0  
0  
0  
0  
0  
0  
0  
0  
0  
0  
0  
0  
0  
0  
0  
0  
0  
0  
0  
0  
0  
0  
0  
0  
0  
0  
0  
0  
0  
0  
0  
0  
0  
0  
0  
0  
0  
0  
0  
0  
0  
0  
0  
0  
0  
0  
0  
0  
0  
0  
0  
0  
0  
0  
0  
0  
0  
0  
0  
0  
0  
0  
0  
0  
0  
0  
0  
0  
0  
1 T 1210851416.739000 
0  
0  
0  
0  
0  
0  
0  
0  
0  
0  
0  
0  
0  
0  
0  
0  
0  
0  
0  
0  
0  
0  
0  
0  
0  
0  
0  
0  
0  
0  
0  
0  
0  
0  
0  
0  
0  
0  
0  
0  
0  
0  
0  
0  
0  
0  
0  
0  
0  
0  
0  
0  
0  
0  
0  
0  
0  
0  
0  
0  
0  
0  
0  
0  
0  
0  
0  
0  
0  
0  
0  
0  
0  
0  
0  
0  
0  
0  
0  
0  
0  
0  
0  
0  
0  
0  
0  
0  
0  
0  
0  
0  
0  
0  
0  
0  
0  
0  
0  
1 T 1210851420.038000 
0  
0  
0  
0  
0  
0  
0  
0  
0  
0  
0  
0  
0  
0  
0  
0  
0  
0  
0  
0  
0  
0  
0  
0  
0  
0  
0  
0  
0  
0  
0  
0  
0  
0  
0  
0  
0  
0  
0  
0  
0  
0  
0  
0  
0  
0  
0  
0  
0  
0  
0  
0  
0  
0  
0  
0  
0  
0  
0  
0  
0  
0  
0  
0  
0  
0  
0  
0  
0  
0  
0  
0  
0  
0  
0  
0  
0  
0  
0  
0  
0  
0  
0  
0  
0  
0  
0  
0  
0  
0  
0  
0  
0  
0  
0  
0  
0  
0  
0  
1 T 1210851423.338000 
0  
0  
0  
0  
0  
0  
0  
0  
0  
0  
0  
0  
0  
0  
0  
0  
0  
0  
0  
0  
0  
0  
0  
0  
0  
0  
0  
0  
0  
0  
0  
0  
0  
0  
0  
0  
0  
0  
0  
0  
0  
0  
0  
0  
0  
0  
0  
0  
0  
0  
0  
0  
0  
0  
0  
0  
0  
0  
0  
0  
0  
0  
0  
0  
0  
0  
0  
0  
0  
0  
0  
0  
0  
0  
0  
0  
0  
0  
0  
0  
0  
0  
0  
0  
0  
0  
0  
0  
0  
0  
0  
0  
0  
0  
0  
0  
0  
0  
0  
1 T 1210851426.638000 
0  
0  
0  
0  
0  
0  
0  
0  
0  
0  
0  
0  
0  
0  
0  
0  
0  
0  
0  
0  
0  
0  
0  
0  
0  
0  
0  
0  
0  
0  
0  
0  
0  
0  
0  
0  
0  
0  
0  
0  
0  
0  
0  
0  
0  
0  
0  
0  
0  
0  
0  
0  
0  
0  
0  
0  
0  
0  
0  
0  
0  
0  
0  
0  
0  
0  
0  
0  
0  
0  
0  
0  
0  
0  
0  
0  
0  
0  
0  
0  
0  
0  
0  
0  
0  
0  
0  
0  
0  
0  
0  
0  
0  
0  
0  
0  
0  
0  
0  
1 T 1210851429.939000 
0  
0  
1  mm 1531 541
1  mm 1520 536
0  
0  
0  
0  
0  
0  
0  
0  
0  
0  
1  mm 1502 536
1  mm 1500 536
0  
0  
1  mm 1515 511
1  mm 1523 489
1  mm 1541 465
1  mm 1615 439
1  mm 1661 425
1  mm 1672 423
0  
0  
1  mm 1652 450
1  mm 1604 499
1  mm 1545 532
1  mm 1522 545
0  
1  mm 1529 554
1  mm 1532 555
0  
0  
0  
0  
0  
0  
0  
0  
0  
0  
0  
0  
0  
0  
0  
0  
0  
0  
0  
1  mb 1 1 1532 555
0  
0  
0  
2 T 1210851431.822000 mb 1 0 1532 555
0  
1 T 1210851431.886000 
1 T 1210851431.919000 
1 T 1210851431.951000 
1 T 1210851431.985000 
1 T 1210851432.017000 
1 T 1210851432.052000 
1 T 1210851432.083000 
1 T 1210851432.117000 
1 T 1210851432.150000 
1 T 1210851432.183000 
1 T 1210851432.215000 
1 T 1210851432.249000 
1 T 1210851432.281000 
1 T 1210851432.315000 
1 T 1210851432.348000 
1 T 1210851432.381000 
1 T 1210851432.414000 
1 T 1210851432.447000 
1 T 1210851432.480000 
1 T 1210851432.512000 
1 T 1210851432.546000 
1 T 1210851432.579000 
1 T 1210851432.613000 
1 T 1210851432.645000 
1 T 1210851432.677000 
1 T 1210851432.711000 
1 T 1210851432.744000 
1 T 1210851432.778000 
1 T 1210851432.810000 
4 T 1210851432.843000 xs 1 2 0 xs 1 0 0 T 1210851432.844000 
1 T 1210851432.876000 
2 T 1210851432.910000 mm 1543 563
2 T 1210851432.943000 mm 1551 566
2 T 1210851432.976000 mm 1579 566
1 T 1210851433.008000 
1 T 1210851433.041000 
1 T 1210851433.074000 
1 T 1210851433.107000 
1 T 1210851433.140000 
1 T 1210851433.172000 
2 T 1210851433.206000 mm 1573 566
2 T 1210851433.239000 mm 1564 565
2 T 1210851433.272000 mm 1563 565
1 T 1210851433.305000 
2 T 1210851433.340000 mm 1559 565
2 T 1210851433.372000 mm 1550 565
2 T 1210851433.404000 mm 1546 565
2 T 1210851433.437000 mm 1543 565
2 T 1210851433.470000 mm 1541 565
1 T 1210851433.503000 
1 T 1210851433.536000 
1 T 1210851433.568000 
1 T 1210851433.602000 
1 T 1210851433.635000 
1 T 1210851433.669000 
1 T 1210851433.700000 
1 T 1210851433.735000 
1 T 1210851433.766000 
1 T 1210851433.800000 
1 T 1210851433.833000 
1 T 1210851433.866000 
1 T 1210851433.900000 
1 T 1210851433.932000 
1 T 1210851433.965000 
0  
0  
0  
0  
0  
0  
0  
0  
0  
0  
0  
0  
0  
0  
0  
0  
0  
0  
0  
0  
0  
0  
0  
0  
0  
0  
0  
0  
0  
0  
0  
0  
0  
0  
0  
0  
0  
0  
0  
0  
0  
0  
0  
0  
0  
0  
0  
0  
0  
0  
0  
0  
0  
0  
0  
0  
0  
0  
0  
0  
0  
0  
0  
0  
0  
0  
0  
0  
0  
0  
0  
0  
0  
0  
0  
0  
0  
1 T 1210851436.539000 
0  
0  
0  
0  
0  
0  
0  
0  
0  
0  
0  
0  
0  
0  
0  
0  
0  
0  
0  
0  
0  
0  
0  
0  
0  
0  
0  
0  
0  
0  
0  
0  
0  
0  
0  
0  
0  
0  
0  
0  
0  
0  
0  
0  
0  
0  
0  
0  
0  
0  
0  
0  
0  
0  
0  
0  
0  
0  
0  
0  
0  
0  
0  
0  
0  
0  
0  
0  
0  
0  
0  
0  
0  
0  
0  
0  
0  
0  
0  
0  
0  
0  
0  
0  
0  
0  
0  
0  
0  
0  
0  
0  
0  
0  
0  
0  
0  
0  
0  
1 T 1210851439.841000 
0  
0  
0  
0  
0  
0  
0  
0  
0  
0  
0  
0  
0  
0  
0  
0  
0  
0  
0  
0  
0  
0  
0  
0  
0  
0  
0  
0  
0  
0  
0  
0  
0  
0  
0  
0  
0  
0  
0  
0  
0  
0  
0  
0  
0  
0  
0  
0  
0  
0  
0  
0  
0  
0  
0  
0  
0  
0  
0  
0  
0  
0  
0  
0  
0  
0  
0  
0  
0  
0  
0  
0  
0  
0  
0  
0  
0  
0  
0  
0  
0  
0  
0  
0  
0  
0  
0  
0  
0  
0  
0  
0  
0  
0  
0  
0  
0  
0  
0  
1 T 1210851443.140000 
0  
0  
0  
0  
0  
0  
0  
0  
0  
0  
0  
0  
0  
0  
0  
0  
0  
0  
0  
0  
0  
0  
0  
0  
0  
0  
0  
0  
0  
0  
0  
0  
0  
0  
0  
0  
0  
0  
0  
0  
0  
0  
0  
0  
0  
0  
0  
0  
0  
0  
0  
0  
0  
0  
0  
0  
0  
0  
0  
0  
0  
0  
0  
0  
0  
0  
0  
0  
0  
0  
0  
0  
0  
0  
0  
0  
0  
0  
0  
0  
0  
0  
0  
0  
0  
0  
0  
0  
0  
0  
0  
0  
0  
0  
0  
0  
0  
0  
0  
1 T 1210851446.440000 
0  
0  
0  
0  
0  
0  
0  
0  
0  
0  
0  
0  
0  
0  
0  
0  
0  
0  
0  
0  
0  
0  
0  
0  
0  
0  
0  
0  
0  
0  
0  
0  
0  
0  
0  
0  
0  
0  
0  
0  
0  
0  
0  
0  
0  
0  
0  
0  
0  
0  
0  
0  
0  
0  
0  
0  
0  
0  
0  
0  
0  
0  
0  
0  
0  
0  
0  
0  
0  
0  
0  
0  
0  
0  
0  
0  
0  
0  
0  
0  
0  
0  
0  
0  
0  
0  
0  
0  
0  
0  
0  
0  
0  
0  
0  
0  
0  
0  
0  
1 T 1210851449.743000 
0  
0  
0  
0  
0  
0  
0  
0  
0  
0  
0  
0  
0  
0  
0  
0  
0  
0  
0  
0  
0  
0  
0  
0  
0  
0  
0  
0  
0  
0  
0  
0  
0  
0  
0  
0  
0  
0  
0  
0  
0  
0  
0  
0  
0  
0  
0  
0  
0  
0  
0  
0  
0  
0  
0  
0  
0  
0  
0  
0  
0  
0  
0  
0  
0  
0  
0  
0  
0  
0  
0  
0  
0  
0  
0  
0  
0  
0  
0  
0  
0  
0  
0  
0  
0  
0  
0  
0  
0  
0  
0  
0  
0  
0  
0  
0  
0  
0  
0  
1 T 1210851453.043000 
0  
0  
0  
0  
0  
0  
0  
0  
0  
0  
0  
0  
0  
0  
0  
0  
0  
0  
0  
0  
0  
0  
0  
0  
0  
0  
0  
0  
0  
0  
0  
0  
0  
0  
0  
0  
0  
0  
0  
0  
0  
0  
0  
0  
0  
0  
0  
0  
0  
0  
0  
0  
0  
0  
0  
0  
0  
0  
0  
0  
0  
0  
0  
0  
0  
0  
0  
0  
0  
0  
0  
0  
0  
0  
0  
0  
0  
0  
0  
0  
0  
0  
0  
0  
0  
0  
0  
0  
0  
0  
0  
0  
0  
0  
0  
0  
0  
0  
0  
1 T 1210851456.343000 
0  
0  
0  
0  
0  
0  
0  
0  
0  
0  
0  
0  
0  
0  
0  
0  
0  
0  
0  
0  
0  
0  
0  
0  
0  
0  
0  
0  
0  
0  
0  
0  
0  
0  
0  
0  
0  
0  
0  
0  
0  
0  
0  
0  
0  
0  
0  
0  
0  
0  
0  
0  
0  
0  
0  
0  
0  
0  
0  
0  
0  
0  
0  
0  
0  
0  
0  
0  
0  
0  
0  
0  
0  
0  
0  
0  
0  
0  
0  
0  
0  
0  
0  
0  
0  
0  
0  
0  
0  
0  
0  
0  
0  
0  
0  
0  
0  
0  
0  
1 T 1210851459.643000 
0  
0  
0  
0  
0  
0  
0  
0  
0  
0  
0  
0  
0  
0  
0  
0  
0  
0  
0  
0  
0  
0  
0  
1  mm 1540 539
1  mm 1540 536
1  mm 1540 535
0  
0  
0  
0  
0  
0  
0  
0  
0  
0  
0  
0  
0  
0  
0  
0  
0  
0  
0  
0  
0  
1  mb 1 1 1540 535
0  
0  
0  
0  
0  
0  
0  
0  
0  
0  
0  
0  
0  
0  
0  
0  
0  
0  
0  
0  
0  
0  
0  
0  
0  
0  
0  
0  
0  
0  
0  
0  
0  
0  
0  
0  
0  
0  
0  
0  
0  
0  
0  
0  
0  
2 T 1210851462.747000 mb 1 0 1540 535
0  
1 T 1210851462.870000 
1 T 1210851462.904000 
1 T 1210851462.936000 
1 T 1210851462.970000 
1 T 1210851463.003000 
1 T 1210851463.036000 
1 T 1210851463.069000 
1 T 1210851463.101000 
1 T 1210851463.135000 
1 T 1210851463.168000 
1 T 1210851463.200000 
1 T 1210851463.235000 
1 T 1210851463.267000 
1 T 1210851463.300000 
1 T 1210851463.333000 
1 T 1210851463.366000 
1 T 1210851463.399000 
1 T 1210851463.432000 
1 T 1210851463.466000 
1 T 1210851463.497000 
1 T 1210851463.531000 
1 T 1210851463.565000 
1 T 1210851463.597000 
1 T 1210851463.630000 
1 T 1210851463.663000 
1 T 1210851463.696000 
1 T 1210851463.730000 
4 T 1210851463.762000 xs 2 2 0 xs 2 0 0 T 1210851463.765000 
1 T 1210851463.794000 
1 T 1210851463.828000 
1 T 1210851463.861000 
1 T 1210851463.894000 
1 T 1210851463.926000 
1 T 1210851463.961000 
1 T 1210851463.993000 
1 T 1210851464.025000 
1 T 1210851464.059000 
1 T 1210851464.092000 
1 T 1210851464.126000 
1 T 1210851464.159000 
1 T 1210851464.192000 
1 T 1210851464.223000 
1 T 1210851464.257000 
1 T 1210851464.291000 
1 T 1210851464.322000 
1 T 1210851464.356000 
1 T 1210851464.390000 
1 T 1210851464.423000 
1 T 1210851464.456000 
1 T 1210851464.489000 
1 T 1210851464.520000 
1 T 1210851464.554000 
1 T 1210851464.587000 
1 T 1210851464.619000 
1 T 1210851464.652000 
1 T 1210851464.686000 
1 T 1210851464.720000 
1 T 1210851464.752000 
1 T 1210851464.784000 
1 T 1210851464.819000 
1 T 1210851464.851000 
1 T 1210851464.884000 
0  
0  
0  
0  
0  
0  
0  
0  
0  
0  
0  
0  
0  
0  
0  
0  
0  
0  
0  
0  
0  
0  
0  
0  
0  
0  
0  
0  
0  
0  
0  
0  
0  
0  
0  
0  
0  
0  
0  
0  
0  
0  
1 T 1210851466.303000 
0  
0  
0  
0  
0  
0  
0  
0  
0  
0  
0  
0  
0  
0  
0  
0  
0  
0  
0  
0  
0  
0  
0  
0  
0  
0  
0  
0  
0  
0  
0  
0  
0  
0  
0  
0  
0  
0  
0  
0  
0  
0  
0  
0  
0  
0  
0  
0  
0  
0  
0  
0  
0  
0  
0  
0  
0  
0  
0  
0  
0  
0  
0  
0  
0  
0  
0  
0  
0  
0  
0  
0  
0  
0  
0  
0  
0  
0  
0  
0  
0  
0  
0  
0  
0  
0  
0  
0  
0  
0  
0  
0  
0  
0  
0  
0  
0  
0  
0  
1 T 1210851469.634000 
0  
0  
0  
0  
0  
0  
0  
0  
0  
0  
0  
0  
0  
0  
0  
0  
0  
0  
0  
0  
0  
0  
0  
0  
0  
0  
0  
0  
0  
0  
0  
0  
0  
0  
0  
0  
0  
0  
0  
0  
0  
0  
0  
0  
0  
0  
0  
0  
0  
0  
0  
0  
0  
0  
0  
0  
0  
0  
0  
0  
0  
0  
0  
0  
0  
0  
0  
0  
0  
0  
0  
0  
0  
0  
0  
0  
0  
0  
0  
0  
0  
0  
0  
0  
0  
0  
0  
0  
0  
0  
0  
0  
0  
0  
0  
0  
0  
0  
0  
1 T 1210851472.933000 
0  
0  
0  
0  
0  
0  
0  
0  
0  
0  
0  
0  
0  
0  
0  
0  
0  
0  
0  
0  
1  mm 1536 533
0  
0  
0  
0  
0  
0  
0  
0  
1  mm 1529 533
0  
1  mm 1589 495
1  mm 1751 486
0  
0  
0  
0  
0  
0  
0  
0  
0  
0  
0  
0  
0  
0  
0  
0  
0  
0  
0  
0  
0  
0  
0  
0  
0  
0  
0  
0  
0  
0  
0  
0  
0  
0  
0  
0  
0  
0  
0  
0  
0  
0  
0  
0  
0  
0  
0  
0  
0  
0  
0  
0  
0  
0  
0  
0  
0  
0  
0  
0  
0  
0  
0  
0  
0  
0  
1 T 1210851476.357000 
0  
0  
0  
0  
0  
0  
0  
0  
0  
0  
0  
0  
0  
0  
0  
0  
0  
0  
0  
0  
0  
0  
0  
0  
0  
0  
0  
0  
0  
0  
0  
0  
0  
0  
0  
0  
0  
0  
0  
0  
0  
0  
0  
0  
0  
0  
0  
0  
0  
0  
0  
0  
0  
0  
0  
0  
0  
0  
0  
0  
0  
0  
0  
0  
0  
0  
0  
0  
0  
0  
0  
0  
0  
0  
0  
0  
0  
0  
0  
0  
0  
0  
0  
0  
0  
0  
0  
0  
0  
0  
0  
0  
0  
0  
0  
0  
0  
0  
0  
1 T 1210851479.657000 
0  
0  
0  
0  
0  
0  
0  
0  
0  
0  
0  
0  
0  
0  
0  
0  
0  
0  
0  
0  
0  
0  
0  
0  
0  
0  
0  
0  
0  
0  
0  
0  
0  
0  
0  
0  
0  
0  
0  
0  
0  
0  
0  
0  
0  
0  
0  
0  
0  
0  
0  
0  
0  
0  
0  
0  
0  
0  
0  
0  
0  
0  
0  
0  
0  
0  
0  
0  
0  
0  
0  
0  
0  
0  
0  
0  
0  
0  
0  
0  
0  
0  
0  
0  
0  
0  
0  
0  
0  
0  
0  
0  
0  
0  
0  
0  
0  
0  
0  
1 T 1210851482.957000 
0  
0  
0  
0  
0  
0  
0  
0  
0  
0  
0  
0  
0  
0  
0  
0  
0  
0  
0  
0  
0  
0  
0  
0  
0  
0  
0  
0  
0  
0  
0  
0  
0  
0  
0  
0  
0  
0  
0  
0  
0  
0  
0  
0  
0  
0  
0  
0  
0  
0  
0  
0  
0  
0  
0  
0  
0  
0  
0  
0  
0  
0  
0  
0  
0  
0  
0  
0  
0  
0  
0  
0  
0  
0  
0  
0  
0  
0  
0  
0  
0  
0  
0  
0  
0  
0  
0  
0  
0  
0  
0  
0  
0  
0  
0  
0  
0  
0  
0  
1 T 1210851486.257000 
0  
0  
0  
0  
0  
0  
0  
0  
0  
0  
0  
0  
0  
0  
0  
0  
0  
0  
0  
0  
0  
0  
0  
0  
0  
0  
0  
0  
0  
0  
0  
0  
0  
0  
0  
0  
0  
0  
0  
0  
0  
0  
0  
0  
0  
0  
0  
0  
0  
0  
0  
0  
0  
0  
0  
0  
0  
0  
0  
0  
0  
0  
0  
0  
0  
0  
0  
0  
0  
0  
0  
0  
0  
0  
0  
0  
0  
0  
0  
0  
0  
0  
0  
0  
0  
0  
0  
0  
0  
0  
0  
0  
0  
0  
0  
0  
0  
0  
0  
1 T 1210851489.590000 
0  
0  
0  
0  
0  
0  
0  
0  
0  
0  
0  
0  
0  
0  
0  
0  
0  
0  
0  
0  
0  
0  
0  
0  
0  
0  
0  
0  
0  
0  
0  
0  
0  
0  
0  
0  
0  
0  
0  
0  
0  
0  
0  
0  
0  
0  
0  
0  
0  
0  
0  
0  
0  
0  
0  
0  
0  
1  mm 1431 1069
0  
0  
0  
0  
0  
0  
0  
0  
0  
0  
0  
0  
0  
0  
0  
0  
0  
0  
0  
0  
0  
0  
0  
0  
0  
0  
1  mb 1 1 343 948
0  
1  mb 1 0 343 948
