1209258073 seed, 30 fps, 1920x1080, fullScreen=1, version84_mouseSpeed1.000000_musicOff0_musicLoudness0.000000_webRetrySeconds16 42465DEE661C4C80A66BFD33B6F8DBB5EF6ACF88
2 T 1209258074.411000 mm 973 478
0  
0  
0  
0  
0  
0  
0  
0  
0  
0  
0  
0  
0  
0  
0  
0  
0  
0  
0  
0  
0  
0  
0  
0  
0  
0  
0  
0  
0  
0  
0  
0  
0  
0  
0  
0  
0  
0  
0  
0  
0  
0  
0  
0  
0  
0  
0  
0  
0  
0  
0  
0  
0  
0  
0  
0  
0  
0  
0  
0  
0  
0  
2 T 1209258078.201000 T 1209258078.203000 
1 T 1209258078.232000 
1 T 1209258078.266000 
1 T 1209258078.299000 
1 T 1209258078.332000 
1 T 1209258078.364000 
1 T 1209258078.398000 
1 T 1209258078.431000 
1 T 1209258078.463000 
1 T 1209258078.497000 
1 T 1209258078.530000 
1 T 1209258078.563000 
1 T 1209258078.596000 
1 T 1209258078.628000 
1 T 1209258078.662000 
1 T 1209258078.695000 
1 T 1209258078.728000 
1 T 1209258078.761000 
1 T 1209258078.793000 
1 T 1209258078.827000 
1 T 1209258078.859000 
1 T 1209258078.893000 
1 T 1209258078.926000 
1 T 1209258078.959000 
1 T 1209258078.992000 
1 T 1209258079.025000 
1 T 1209258079.057000 
2 T 1209258079.091000 mm 1041 488
2 T 1209258079.123000 mm 1153 470
2 T 1209258079.156000 mm 1206 456
2 T 1209258079.190000 mm 1232 446
2 T 1209258079.223000 mm 1261 435
2 T 1209258079.256000 mm 1309 435
2 T 1209258079.289000 mm 1330 443
1 T 1209258079.322000 
0  
2 T 1209258079.388000 mm 1356 475
1  mm 1388 495
1  mm 1430 509
1  mm 1456 512
1  mm 1477 515
1  mm 1482 516
0  
1  mm 1487 519
1  mm 1500 535
1  mm 1519 550
1  mm 1545 559
1  mm 1552 561
1  mm 1553 561
0  
1  mb 1 1 1553 561
0  
0  
0  
2 T 1209258079.985000 mb 1 0 1553 561
0  
1 T 1209258080.048000 
1 T 1209258080.081000 
1 T 1209258080.113000 
1 T 1209258080.147000 
1 T 1209258080.181000 
1 T 1209258080.213000 
1 T 1209258080.246000 
1 T 1209258080.280000 
1 T 1209258080.313000 
1 T 1209258080.346000 
1 T 1209258080.378000 
1 T 1209258080.411000 
1 T 1209258080.444000 
1 T 1209258080.478000 
1 T 1209258080.511000 
1 T 1209258080.543000 
2 T 1209258080.577000 mm 1553 563
2 T 1209258080.609000 mm 1532 582
2 T 1209258080.643000 mm 1520 596
2 T 1209258080.676000 mm 1512 607
2 T 1209258080.708000 mm 1498 623
2 T 1209258080.742000 mm 1486 635
2 T 1209258080.775000 mm 1478 643
2 T 1209258080.808000 mm 1473 647
2 T 1209258080.840000 mm 1472 647
1 T 1209258080.873000 
1 T 1209258080.907000 
1 T 1209258080.939000 
1 T 1209258080.973000 
5 T 1209258081.006000 xs 0 2 0 xs 0 0 0 T 1209258081.094000 T 1209258081.095000 
0  
1 T 1209258081.128000 
1 T 1209258081.161000 
1 T 1209258081.195000 
1 T 1209258081.228000 
1 T 1209258081.260000 
1 T 1209258081.294000 
1 T 1209258081.327000 
1 T 1209258081.361000 
1 T 1209258081.392000 
1 T 1209258081.427000 
1 T 1209258081.459000 
1 T 1209258081.492000 
1 T 1209258081.525000 
1 T 1209258081.559000 
1 T 1209258081.591000 
1 T 1209258081.624000 
1 T 1209258081.657000 
1 T 1209258081.691000 
1 T 1209258081.723000 
1 T 1209258081.756000 
1 T 1209258081.790000 
1 T 1209258081.823000 
1 T 1209258081.855000 
1 T 1209258081.888000 
2 T 1209258081.921000 mm 1471 647
1 T 1209258081.954000 
1 T 1209258081.987000 
1 T 1209258082.020000 
1 T 1209258082.053000 
1 T 1209258082.085000 
1 T 1209258082.118000 
1 T 1209258082.152000 
1 T 1209258082.186000 
1 T 1209258082.218000 
0  
0  
0  
0  
0  
0  
0  
0  
0  
0  
0  
0  
0  
0  
0  
1 T 1209258082.747000 
0  
0  
0  
0  
0  
0  
0  
1  mm 1459 623
1  mm 1412 541
1  mm 1347 442
1  mm 1302 390
1  mm 1249 330
1  mm 1203 285
1  mm 1171 258
1  mm 1149 243
1  mm 1148 241
0  
1  mm 1120 216
1  mm 1040 172
1  mm 981 135
1  mm 970 129
1  mm 969 128
0  
0  
1  mb 1 1 969 128
0  
0  
0  
1  mb 1 0 969 128
0  
0  
0  
0  
0  
0  
0  
0  
0  
0  
0  
0  
1  mm 932 248
1  mm 912 304
1  mm 898 338
1  mm 870 392
1  mm 833 450
1  mm 802 477
1  mm 748 510
1  mm 680 544
1  mm 624 569
1  mm 575 590
1  mm 525 613
1  mm 494 628
1  mm 474 639
1  mm 454 652
1  mm 439 666
1  mm 419 685
1  mm 412 690
1  mm 396 704
1  mm 383 718
1  mm 382 719
0  
1  mb 1 1 382 719
0  
0  
0  
2 F 0.000000 mb 1 0 382 719
1 F 0.000000 
2 af 0 F 0.000000 
3 af 0 af 1 F 0.000000 
1 F 0.000000 
1 F 0.000000 
2 F 0.000000 mm 382 720
2 F 0.000000 mm 429 725
2 F 0.000000 mm 530 714
2 F 0.000000 mm 597 704
2 F 0.000000 mm 645 696
2 F 0.000000 mm 726 680
1 F 0.000000 
1 F 0.000000 
1 F 0.000000 
1 F 0.000000 
1 F 0.000000 
2 F 0.000000 mm 726 677
1 F 0.000000 
1 F 0.000000 
1 F 0.000000 
1 F 0.000000 
2 F 0.000000 mm 756 641
2 F 0.000000 mm 790 611
2 F 0.000000 mm 812 589
2 F 0.000000 mm 821 579
2 F 0.000000 mm 839 543
2 F 0.000000 mm 863 495
2 F 0.000000 mm 907 432
2 F 0.000000 mm 940 386
2 F 0.000000 mm 980 337
2 F 0.000000 mm 1000 308
2 F 0.000000 mm 1010 295
2 T 1209258086.047000 F 0.000000 
1 F 0.000000 
1 F 0.000000 
1 F 0.000000 
1 F 0.000000 
2 F 0.000000 mm 1012 294
2 F 0.000000 mm 1015 306
2 F 0.000000 mm 1022 359
2 F 0.000000 mm 1030 422
2 F 0.000000 mm 1037 463
2 F 0.000000 mm 1045 490
2 F 0.000000 mm 1070 555
2 F 0.000000 mm 1098 636
2 F 0.000000 mm 1107 705
2 F 0.000000 mm 1107 756
2 F 0.000000 mm 1089 789
2 F 0.000000 mm 1071 815
2 F 0.000000 mm 1054 830
2 F 0.000000 mm 1033 847
2 F 0.000000 mm 1016 860
2 F 0.000000 mm 1005 871
2 F 0.000000 mm 995 886
2 F 0.000000 mm 986 902
2 F 0.000000 mm 979 911
2 F 0.000000 mm 976 916
2 F 0.000000 mm 974 917
2 F 0.000000 mm 973 918
2 F 0.000000 mm 972 918
1 F 0.000000 
1 F 0.000000 
1 F 0.000000 
1 F 0.000000 
1 F 0.000000 
1 F 0.000000 
1 F 0.000000 
1 F 0.000000 
1 F 0.000000 
1 F 0.000000 
1 F 0.000000 
1 F 0.000000 
1 F 0.000000 
1 F 0.000000 
1 F 0.000000 
2 F 0.000000 mb 1 1 972 918
1 F 0.000000 
1 F 0.000000 
1 F 0.000000 
3 T 1209258087.598000 T 1209258087.599000 mb 1 0 972 918
1 T 1209258087.631000 
1 T 1209258087.664000 
1 T 1209258087.697000 
2 T 1209258087.729000 mm 969 918
2 T 1209258087.764000 mm 968 918
2 T 1209258087.796000 mm 947 899
2 T 1209258087.829000 mm 920 870
2 T 1209258087.862000 mm 907 847
2 T 1209258087.895000 mm 906 830
2 T 1209258087.928000 mm 920 802
2 T 1209258087.962000 mm 980 730
2 T 1209258087.995000 mm 1040 677
2 T 1209258088.027000 mm 1116 634
2 T 1209258088.060000 mm 1180 607
2 T 1209258088.092000 mm 1232 581
2 T 1209258088.126000 mm 1278 560
2 T 1209258088.159000 mm 1325 540
2 T 1209258088.192000 mm 1377 516
2 T 1209258088.225000 mm 1424 499
2 T 1209258088.259000 mm 1445 492
2 T 1209258088.291000 mm 1446 492
1 T 1209258088.324000 
1 T 1209258088.356000 
2 T 1209258088.390000 mm 1453 492
2 T 1209258088.423000 mm 1472 494
2 T 1209258088.456000 mm 1486 501
2 T 1209258088.489000 mm 1491 504
1 T 1209258088.522000 
1 T 1209258088.554000 
2 T 1209258088.588000 mm 1494 506
2 T 1209258088.621000 mm 1494 511
2 T 1209258088.654000 mm 1494 515
1 T 1209258088.687000 
1 T 1209258088.720000 
0  
1  mm 1495 516
1  mm 1499 518
1  mm 1503 520
1  mm 1505 520
0  
0  
0  
1  mm 1502 520
1  mm 1395 536
1  mm 1271 540
1  mm 1205 542
1  mm 1202 542
0  
0  
0  
1  mb 1 1 1202 542
0  
1 T 1209258089.347000 
0  
1  mb 1 0 1202 542
0  
0  
0  
0  
0  
0  
0  
0  
0  
0  
0  
0  
1  mm 1186 531
1  mm 1147 484
1  mm 1125 450
1  mm 1115 433
0  
0  
1  mm 1105 403
1  mm 1078 352
1  mm 1064 333
0  
0  
0  
1  mb 1 1 1064 333
0  
0  
0  
0  
0  
1  mb 1 0 1064 333
0  
0  
0  
0  
0  
0  
0  
0  
0  
0  
0  
0  
0  
0  
0  
0  
0  
0  
0  
0  
0  
0  
0  
0  
0  
1  mm 1121 360
1  mm 1189 390
1  mm 1226 414
1  mm 1266 441
1  mm 1316 468
1  mm 1384 497
1  mm 1427 510
1  mm 1446 516
1  mm 1456 517
1  mm 1471 517
1  mm 1495 517
1  mm 1512 514
1  mm 1520 512
1  mm 1525 512
0  
1  mm 1529 512
1  mm 1550 512
1  mm 1559 512
1  mm 1561 513
0  
0  
0  
0  
0  
0  
0  
0  
0  
0  
0  
0  
0  
0  
0  
1  mm 1560 515
0  
0  
0  
0  
0  
0  
1 T 1209258092.647000 
0  
0  
0  
0  
0  
0  
0  
0  
1  mm 1554 520
1  mm 1533 539
1  mm 1526 542
0  
0  
0  
0  
0  
0  
0  
0  
0  
1  mb 1 1 1526 542
0  
0  
0  
0  
0  
2 T 1209258093.540000 mb 1 0 1526 542
0  
1 T 1209258093.605000 
1 T 1209258093.637000 
1 T 1209258093.671000 
1 T 1209258093.704000 
1 T 1209258093.737000 
1 T 1209258093.769000 
1 T 1209258093.803000 
1 T 1209258093.836000 
1 T 1209258093.868000 
1 T 1209258093.901000 
1 T 1209258093.935000 
1 T 1209258093.967000 
1 T 1209258094.001000 
1 T 1209258094.034000 
1 T 1209258094.066000 
1 T 1209258094.099000 
1 T 1209258094.132000 
1 T 1209258094.165000 
1 T 1209258094.199000 
1 T 1209258094.231000 
1 T 1209258094.264000 
1 T 1209258094.298000 
1 T 1209258094.331000 
1 T 1209258094.363000 
1 T 1209258094.396000 
1 T 1209258094.430000 
1 T 1209258094.463000 
1 T 1209258094.496000 
1 T 1209258094.529000 
2 T 1209258094.562000 xs 1 2 0 
2 T 1209258094.595000 xs 1 2 0 
2 T 1209258094.627000 xs 1 2 0 
2 T 1209258094.661000 xs 1 2 0 
2 T 1209258094.693000 xs 1 2 0 
2 T 1209258094.726000 xs 1 2 0 
2 T 1209258094.759000 xs 1 2 0 
2 T 1209258094.793000 xs 1 2 0 
2 T 1209258094.826000 xs 1 2 0 
2 T 1209258094.858000 xs 1 2 0 
2 T 1209258094.891000 xs 1 2 0 
2 T 1209258094.924000 xs 1 2 0 
2 T 1209258094.957000 xs 1 2 0 
2 T 1209258094.990000 xs 1 2 0 
2 T 1209258095.023000 xs 1 2 0 
2 T 1209258095.057000 xs 1 2 0 
2 T 1209258095.090000 xs 1 2 0 
2 T 1209258095.123000 xs 1 2 0 
2 T 1209258095.155000 xs 1 2 0 
2 T 1209258095.189000 xs 1 2 0 
2 T 1209258095.222000 xs 1 2 0 
2 T 1209258095.255000 xs 1 2 0 
2 T 1209258095.288000 xs 1 2 0 
2 T 1209258095.320000 xs 1 2 0 
2 T 1209258095.353000 xs 1 2 0 
2 T 1209258095.386000 xs 1 2 0 
2 T 1209258095.419000 xs 1 2 0 
2 T 1209258095.452000 xs 1 2 0 
2 T 1209258095.486000 xs 1 2 0 
2 T 1209258095.519000 xs 1 2 0 
2 T 1209258095.552000 xs 1 2 0 
2 T 1209258095.585000 xs 1 2 0 
2 T 1209258095.618000 xs 1 2 0 
2 T 1209258095.650000 xs 1 2 0 
2 T 1209258095.684000 xs 1 2 0 
2 T 1209258095.716000 xs 1 2 0 
2 T 1209258095.749000 xs 1 2 0 
2 T 1209258095.783000 xs 1 2 0 
2 T 1209258095.815000 xs 1 2 0 
2 T 1209258095.848000 xs 1 2 0 
2 T 1209258095.881000 xs 1 2 0 
2 T 1209258095.914000 xs 1 2 0 
2 T 1209258095.948000 xs 1 2 0 
2 T 1209258095.981000 xs 1 2 0 
4 T 1209258096.014000 xs 1 2 0 xs 1 0 0 T 1209258096.015000 
1 T 1209258096.047000 
1 T 1209258096.080000 
1 T 1209258096.112000 
1 T 1209258096.145000 
1 T 1209258096.178000 
1 T 1209258096.211000 
1 T 1209258096.244000 
1 T 1209258096.277000 
1 T 1209258096.311000 
1 T 1209258096.344000 
1 T 1209258096.377000 
1 T 1209258096.410000 
1 T 1209258096.443000 
1 T 1209258096.476000 
1 T 1209258096.510000 
1 T 1209258096.541000 
1 T 1209258096.576000 
1 T 1209258096.607000 
1 T 1209258096.640000 
1 T 1209258096.674000 
1 T 1209258096.707000 
1 T 1209258096.739000 
1 T 1209258096.773000 
1 T 1209258096.806000 
1 T 1209258096.838000 
1 T 1209258096.871000 
1 T 1209258096.905000 
2 T 1209258096.938000 mm 1483 565
2 T 1209258096.971000 mm 1354 630
2 T 1209258097.005000 mm 1240 698
2 T 1209258097.037000 mm 1137 768
2 T 1209258097.069000 mm 1094 798
2 T 1209258097.103000 mm 1066 813
2 T 1209258097.136000 mm 1059 815
1  mm 1058 815
0  
0  
0  
0  
0  
0  
0  
0  
1  mm 1057 816
1  mm 1179 848
1  mm 1324 895
1  mm 1369 920
1  mm 1373 929
1  mm 1380 940
1  mm 1401 962
1  mm 1418 969
1  mm 1444 970
1  mm 1469 970
1  mm 1496 970
1  mm 1502 970
1  mm 1504 970
1  mb 1 1 1504 970
0  
0  
0  
2 T 1209258098.030000 mb 1 0 1504 970
0  
1 T 1209258098.093000 
1 T 1209258098.126000 
1 T 1209258098.159000 
1 T 1209258098.192000 
1 T 1209258098.225000 
1 T 1209258098.258000 
1 T 1209258098.291000 
1 T 1209258098.323000 
1 T 1209258098.356000 
1 T 1209258098.390000 
1 T 1209258098.423000 
1 T 1209258098.456000 
1 T 1209258098.488000 
1 T 1209258098.522000 
1 T 1209258098.555000 
2 T 1209258098.587000 mm 1504 968
1 T 1209258098.620000 
1 T 1209258098.654000 
1 T 1209258098.686000 
1 T 1209258098.720000 
2 T 1209258098.752000 mm 1502 967
1 T 1209258098.786000 
1 T 1209258098.820000 
1 T 1209258098.851000 
2 T 1209258098.885000 mm 1501 967
1 T 1209258098.918000 
1 T 1209258098.950000 
1 T 1209258098.984000 
1 T 1209258099.017000 
3 T 1209258099.049000 xs 2 2 0 T 1209258099.050000 
2 T 1209258099.082000 xs 2 2 0 
2 T 1209258099.115000 xs 2 2 0 
2 T 1209258099.149000 xs 2 2 0 
2 T 1209258099.182000 xs 2 2 0 
2 T 1209258099.215000 xs 2 2 0 
2 T 1209258099.247000 xs 2 2 0 
2 T 1209258099.281000 xs 2 2 0 
2 T 1209258099.314000 xs 2 2 0 
2 T 1209258099.346000 xs 2 2 0 
2 T 1209258099.380000 xs 2 2 0 
2 T 1209258099.413000 xs 2 2 0 
2 T 1209258099.445000 xs 2 2 0 
2 T 1209258099.478000 xs 2 2 0 
2 T 1209258099.512000 xs 2 2 0 
2 T 1209258099.545000 xs 2 2 0 
2 T 1209258099.577000 xs 2 2 0 
2 T 1209258099.610000 xs 2 2 0 
2 T 1209258099.644000 xs 2 2 0 
2 T 1209258099.677000 xs 2 2 0 
2 T 1209258099.709000 xs 2 2 0 
2 T 1209258099.743000 xs 2 2 0 
2 T 1209258099.776000 xs 2 2 0 
2 T 1209258099.808000 xs 2 2 0 
2 T 1209258099.841000 xs 2 2 0 
2 T 1209258099.875000 xs 2 2 0 
2 T 1209258099.907000 xs 2 2 0 
2 T 1209258099.940000 xs 2 2 0 
2 T 1209258099.973000 xs 2 2 0 
2 T 1209258100.007000 xs 2 2 0 
2 T 1209258100.039000 xs 2 2 0 
2 T 1209258100.073000 xs 2 2 0 
2 T 1209258100.105000 xs 2 2 0 
2 T 1209258100.138000 xs 2 2 0 
2 T 1209258100.172000 xs 2 2 0 
2 T 1209258100.205000 xs 2 2 0 
2 T 1209258100.238000 xs 2 2 0 
3 T 1209258100.272000 xs 2 2 0 mm 1499 966
3 T 1209258100.304000 xs 2 2 0 mm 1475 944
3 T 1209258100.337000 xs 2 2 0 mm 1424 871
2 T 1209258100.370000 xs 2 2 0 
2 T 1209258100.404000 xs 2 2 0 
2 T 1209258100.436000 xs 2 2 0 
2 T 1209258100.469000 xs 2 2 0 
2 T 1209258100.502000 xs 2 2 0 
2 T 1209258100.535000 xs 2 2 0 
2 T 1209258100.569000 xs 2 2 0 
2 T 1209258100.602000 xs 2 2 0 
2 T 1209258100.635000 xs 2 2 0 
2 T 1209258100.668000 xs 2 2 0 
2 T 1209258100.700000 xs 2 2 0 
2 T 1209258100.733000 xs 2 2 0 
3 T 1209258100.766000 xs 2 2 0 mm 1424 839
3 T 1209258100.801000 xs 2 2 0 mm 1417 816
3 T 1209258100.833000 xs 2 2 0 mm 1411 805
2 T 1209258100.866000 xs 2 2 0 
2 T 1209258100.898000 xs 2 2 0 
3 T 1209258100.933000 xs 2 2 0 mm 1408 803
3 T 1209258100.965000 xs 2 2 0 mm 1382 773
3 T 1209258100.997000 xs 2 2 0 mm 1297 717
3 T 1209258101.031000 xs 2 2 0 mm 1223 685
3 T 1209258101.064000 xs 2 2 0 mm 1192 674
2 T 1209258101.097000 xs 2 2 0 
2 T 1209258101.130000 xs 2 2 0 
2 T 1209258101.163000 xs 2 2 0 
3 T 1209258101.196000 xs 2 2 0 mm 1193 674
2 T 1209258101.229000 xs 2 2 0 
2 T 1209258101.262000 xs 2 2 0 
2 T 1209258101.295000 xs 2 2 0 
2 T 1209258101.328000 xs 2 2 0 
2 T 1209258101.361000 xs 2 2 0 
2 T 1209258101.393000 xs 2 2 0 
2 T 1209258101.427000 xs 2 2 0 
2 T 1209258101.460000 xs 2 2 0 
2 T 1209258101.493000 xs 2 2 0 
2 T 1209258101.525000 xs 2 2 0 
2 T 1209258101.559000 xs 2 2 0 
2 T 1209258101.591000 xs 2 2 0 
2 T 1209258101.625000 xs 2 2 0 
2 T 1209258101.657000 xs 2 2 0 
2 T 1209258101.692000 xs 2 2 0 
2 T 1209258101.723000 xs 2 2 0 
2 T 1209258101.757000 xs 2 2 0 
2 T 1209258101.790000 xs 2 2 0 
2 T 1209258101.823000 xs 2 2 0 
2 T 1209258101.856000 xs 2 2 0 
2 T 1209258101.889000 xs 2 2 0 
2 T 1209258101.922000 xs 2 2 0 
2 T 1209258101.955000 xs 2 2 0 
2 T 1209258101.987000 xs 2 2 0 
2 T 1209258102.022000 xs 2 2 0 
2 T 1209258102.053000 xs 2 2 0 
2 T 1209258102.087000 xs 2 2 0 
2 T 1209258102.119000 xs 2 2 0 
2 T 1209258102.153000 xs 2 2 0 
2 T 1209258102.186000 xs 2 2 0 
2 T 1209258102.219000 xs 2 2 0 
2 T 1209258102.252000 xs 2 2 0 
2 T 1209258102.285000 xs 2 2 0 
2 T 1209258102.318000 xs 2 2 0 
2 T 1209258102.350000 xs 2 2 0 
2 T 1209258102.384000 xs 2 2 0 
2 T 1209258102.416000 xs 2 2 0 
2 T 1209258102.450000 xs 2 2 0 
2 T 1209258102.482000 xs 2 2 0 
2 T 1209258102.515000 xs 2 2 0 
2 T 1209258102.548000 xs 2 2 0 
2 T 1209258102.582000 xs 2 2 0 
2 T 1209258102.614000 xs 2 2 0 
2 T 1209258102.647000 xs 2 2 0 
2 T 1209258102.680000 xs 2 2 0 
2 T 1209258102.714000 xs 2 2 0 
2 T 1209258102.746000 xs 2 2 0 
2 T 1209258102.780000 xs 2 2 0 
2 T 1209258102.812000 xs 2 2 0 
2 T 1209258102.846000 xs 2 2 0 
2 T 1209258102.879000 xs 2 2 0 
2 T 1209258102.912000 xs 2 2 0 
2 T 1209258102.944000 xs 2 2 0 
2 T 1209258102.978000 xs 2 2 0 
2 T 1209258103.011000 xs 2 2 0 
2 T 1209258103.043000 xs 2 2 0 
2 T 1209258103.077000 xs 2 2 0 
2 T 1209258103.110000 xs 2 2 0 
2 T 1209258103.142000 xs 2 2 0 
2 T 1209258103.176000 xs 2 2 0 
2 T 1209258103.209000 xs 2 2 0 
2 T 1209258103.241000 xs 2 2 0 
2 T 1209258103.275000 xs 2 2 0 
2 T 1209258103.308000 xs 2 2 0 
2 T 1209258103.341000 xs 2 2 0 
2 T 1209258103.374000 xs 2 2 0 
2 T 1209258103.407000 xs 2 2 0 
2 T 1209258103.440000 xs 2 2 0 
2 T 1209258103.473000 xs 2 2 0 
2 T 1209258103.506000 xs 2 2 0 
2 T 1209258103.539000 xs 2 2 0 
2 T 1209258103.571000 xs 2 2 0 
2 T 1209258103.604000 xs 2 2 0 
2 T 1209258103.639000 xs 2 2 0 
2 T 1209258103.671000 xs 2 2 0 
2 T 1209258103.704000 xs 2 2 0 
2 T 1209258103.737000 xs 2 2 0 
2 T 1209258103.770000 xs 2 2 0 
2 T 1209258103.803000 xs 2 2 0 
2 T 1209258103.836000 xs 2 2 0 
2 T 1209258103.868000 xs 2 2 0 
2 T 1209258103.902000 xs 2 2 0 
2 T 1209258103.935000 xs 2 2 0 
2 T 1209258103.968000 xs 2 2 0 
2 T 1209258104.001000 xs 2 2 0 
2 T 1209258104.034000 xs 2 2 0 
2 T 1209258104.066000 xs 2 2 0 
2 T 1209258104.100000 xs 2 2 0 
2 T 1209258104.133000 xs 2 2 0 
2 T 1209258104.166000 xs 2 2 0 
2 T 1209258104.199000 xs 2 2 0 
2 T 1209258104.232000 xs 2 2 0 
2 T 1209258104.265000 xs 2 2 0 
2 T 1209258104.297000 xs 2 2 0 
2 T 1209258104.331000 xs 2 2 0 
2 T 1209258104.363000 xs 2 2 0 
2 T 1209258104.396000 xs 2 2 0 
2 T 1209258104.430000 xs 2 2 0 
2 T 1209258104.463000 xs 2 2 0 
2 T 1209258104.495000 xs 2 2 0 
2 T 1209258104.528000 xs 2 2 0 
2 T 1209258104.562000 xs 2 2 0 
2 T 1209258104.595000 xs 2 2 0 
2 T 1209258104.628000 xs 2 2 0 
2 T 1209258104.661000 xs 2 2 0 
2 T 1209258104.694000 xs 2 2 0 
2 T 1209258104.726000 xs 2 2 0 
2 T 1209258104.759000 xs 2 2 0 
2 T 1209258104.793000 xs 2 2 0 
2 T 1209258104.826000 xs 2 2 0 
2 T 1209258104.859000 xs 2 2 0 
2 T 1209258104.893000 xs 2 2 0 
2 T 1209258104.925000 xs 2 2 0 
2 T 1209258104.958000 xs 2 2 0 
2 T 1209258104.990000 xs 2 2 0 
2 T 1209258105.024000 xs 2 2 0 
2 T 1209258105.057000 xs 2 2 0 
2 T 1209258105.090000 xs 2 2 0 
2 T 1209258105.122000 xs 2 2 0 
2 T 1209258105.156000 xs 2 2 0 
2 T 1209258105.189000 xs 2 2 0 
2 T 1209258105.222000 xs 2 2 0 
2 T 1209258105.255000 xs 2 2 0 
2 T 1209258105.288000 xs 2 2 0 
2 T 1209258105.321000 xs 2 2 0 
2 T 1209258105.354000 xs 2 2 0 
2 T 1209258105.387000 xs 2 2 0 
2 T 1209258105.420000 xs 2 2 0 
2 T 1209258105.453000 xs 2 2 0 
3 T 1209258105.487000 xs 2 2 0 kd 27 1193 674
2 T 1209258105.518000 xs 2 2 0 
3 T 1209258105.552000 xs 2 2 0 T 1209258105.553000 
3 T 1209258105.584000 xs 2 2 0 T 1209258105.585000 
2 T 1209258105.617000 xs 2 2 0 
3 T 1209258105.651000 xs 2 2 0 ku 27 1193 674
2 T 1209258105.684000 xs 2 2 0 
2 T 1209258105.717000 xs 2 2 0 
2 T 1209258105.750000 xs 2 2 0 
2 T 1209258105.783000 xs 2 2 0 
2 T 1209258105.817000 xs 2 2 0 
2 T 1209258105.849000 xs 2 2 0 
2 T 1209258105.882000 xs 2 2 0 
2 T 1209258105.915000 xs 2 2 0 
2 T 1209258105.947000 xs 2 2 0 
2 T 1209258105.980000 xs 2 2 0 
2 T 1209258106.014000 xs 2 2 0 
2 T 1209258106.047000 xs 2 2 0 
2 T 1209258106.080000 xs 2 2 0 
2 T 1209258106.113000 xs 2 2 0 
2 T 1209258106.146000 xs 2 2 0 
2 T 1209258106.178000 xs 2 2 0 
2 T 1209258106.211000 xs 2 2 0 
2 T 1209258106.245000 xs 2 2 0 
2 T 1209258106.277000 xs 2 2 0 
2 T 1209258106.310000 xs 2 2 0 
2 T 1209258106.343000 xs 2 2 0 
2 T 1209258106.377000 xs 2 2 0 
2 T 1209258106.409000 xs 2 2 0 
2 T 1209258106.443000 xs 2 2 0 
2 T 1209258106.476000 xs 2 2 0 
2 T 1209258106.509000 xs 2 2 0 
2 T 1209258106.542000 xs 2 2 0 
2 T 1209258106.575000 xs 2 2 0 
2 T 1209258106.608000 xs 2 2 0 
2 T 1209258106.641000 xs 2 2 0 
2 T 1209258106.675000 xs 2 2 0 
2 T 1209258106.706000 xs 2 2 0 
2 T 1209258106.739000 xs 2 2 0 
2 T 1209258106.772000 xs 2 2 0 
3 T 1209258106.805000 xs 2 2 0 kd 27 1193 674
2 T 1209258106.838000 xs 2 2 0 
2 T 1209258106.872000 xs 2 2 0 
2 T 1209258106.905000 xs 2 2 0 
2 T 1209258106.938000 xs 2 2 0 
2 T 1209258106.971000 xs 2 2 0 
2 T 1209258107.003000 xs 2 2 0 
2 T 1209258107.036000 xs 2 2 0 
3 T 1209258107.070000 xs 2 2 0 ku 27 1193 674
2 T 1209258107.102000 xs 2 2 0 
2 T 1209258107.135000 xs 2 2 0 
2 T 1209258107.169000 xs 2 2 0 
2 T 1209258107.202000 xs 2 2 0 
2 T 1209258107.235000 xs 2 2 0 
2 T 1209258107.268000 xs 2 2 0 
2 T 1209258107.300000 xs 2 2 0 
2 T 1209258107.333000 xs 2 2 0 
2 T 1209258107.367000 xs 2 2 0 
3 T 1209258107.401000 xs 2 2 0 kd 27 1193 674
2 T 1209258107.433000 xs 2 2 0 
2 T 1209258107.466000 xs 2 2 0 
2 T 1209258107.499000 xs 2 2 0 
3 T 1209258107.532000 xs 2 2 0 ku 27 1193 674
2 T 1209258107.564000 xs 2 2 0 
2 T 1209258107.597000 xs 2 2 0 
2 T 1209258107.631000 xs 2 2 0 
2 T 1209258107.663000 xs 2 2 0 
2 T 1209258107.698000 xs 2 2 0 
2 T 1209258107.730000 xs 2 2 0 
2 T 1209258107.763000 xs 2 2 0 
2 T 1209258107.796000 xs 2 2 0 
2 T 1209258107.829000 xs 2 2 0 
2 T 1209258107.862000 xs 2 2 0 
2 T 1209258107.895000 xs 2 2 0 
2 T 1209258107.928000 xs 2 2 0 
3 T 1209258107.961000 xs 2 2 0 sd 113 1193 674
2 T 1209258107.994000 xs 2 2 0 
2 T 1209258108.026000 xs 2 2 0 
2 T 1209258108.059000 xs 2 2 0 
2 T 1209258108.092000 xs 2 2 0 
2 T 1209258108.125000 xs 2 2 0 
2 T 1209258108.158000 xs 2 2 0 
2 T 1209258108.191000 xs 2 2 0 
2 T 1209258108.225000 xs 2 2 0 
2 T 1209258108.258000 xs 2 2 0 
1  kd 37 1193 674
