1208761383 seed, 30 fps, 1920x1080, fullScreen=1, version80_mouseSpeed1.000000_musicOff0_musicLoudness0.000000_webRetrySeconds16 B27C62C18BA899E0D5AB09B7221F7741BCDBFCCC
2 T 1208761386.649000 mm 0 1079
0  
0  
0  
0  
0  
0  
0  
0  
0  
0  
0  
0  
0  
0  
0  
0  
0  
1  mm 943 28
0  
0  
0  
0  
0  
0  
0  
0  
0  
0  
0  
0  
0  
0  
0  
0  
0  
0  
0  
0  
0  
0  
0  
0  
0  
0  
0  
0  
0  
0  
0  
0  
0  
0  
0  
0  
0  
0  
0  
0  
0  
0  
0  
0  
1  mm 946 28
1  mm 987 28
1  mm 1106 32
1  mm 1199 33
0  
2 T 1208761391.883000 T 1208761391.887000 
1 T 1208761391.915000 
1 T 1208761391.948000 
1 T 1208761391.981000 
1 T 1208761392.015000 
1 T 1208761392.047000 
1 T 1208761392.081000 
1 T 1208761392.114000 
1 T 1208761392.146000 
1 T 1208761392.180000 
1 T 1208761392.213000 
2 T 1208761392.246000 mm 1178 38
2 T 1208761392.278000 mm 1136 46
2 T 1208761392.312000 mm 1078 60
2 T 1208761392.344000 mm 1012 77
2 T 1208761392.377000 mm 887 144
2 T 1208761392.410000 mm 701 275
2 T 1208761392.443000 mm 508 436
2 T 1208761392.476000 mm 480 474
2 T 1208761392.509000 mm 450 522
2 T 1208761392.542000 mm 410 620
2 T 1208761392.575000 mm 386 686
2 T 1208761392.608000 mm 376 713
2 T 1208761392.641000 mm 375 743
2 T 1208761392.674000 mm 380 783
2 T 1208761392.708000 mm 385 807
2 T 1208761392.741000 mm 395 831
2 T 1208761392.773000 mm 399 845
2 T 1208761392.806000 mm 400 860
2 T 1208761392.839000 mm 400 885
2 T 1208761392.872000 mm 398 907
2 T 1208761392.905000 mm 392 916
2 T 1208761392.940000 mm 389 919
2 T 1208761392.971000 mm 383 925
2 T 1208761393.004000 mm 379 930
1  mm 376 934
1  mm 372 944
1  mm 369 951
1  mm 367 957
1  mm 367 959
1  mm 364 965
0  
0  
0  
0  
0  
0  
0  
0  
0  
0  
0  
0  
0  
0  
0  
0  
0  
0  
0  
0  
0  
0  
0  
0  
0  
0  
0  
0  
0  
0  
0  
0  
0  
0  
0  
0  
0  
0  
0  
0  
0  
0  
0  
0  
0  
0  
0  
0  
0  
0  
0  
0  
0  
0  
0  
0  
0  
0  
0  
0  
0  
0  
0  
0  
0  
0  
0  
0  
0  
0  
0  
0  
0  
0  
0  
0  
0  
0  
0  
0  
0  
0  
0  
0  
0  
0  
0  
0  
0  
0  
1 T 1208761396.205000 
0  
1  mb 1 1 364 965
0  
0  
0  
1  mb 1 0 364 965
