1209943797 seed, 30 fps, 1920x1080, fullScreen=1, version92_mouseSpeed1.000000_musicOff0_musicLoudness0.000000_webRetrySeconds16 C9D74419A2535F84DF34E60D70CCF355B4A3FD5B
3 T 1209943798.093000 mm 1108 517 mm 1158 525
0  
1  mm 1919 347
1  mm 1919 305
1  mm 1919 302
1  mm 1919 305
1  mm 1905 307
0  
0  
1  mm 1877 318
1  mm 1859 326
1  mm 1898 326
1  mm 1919 308
1  mm 1919 287
1  mm 1919 280
1  mm 1919 266
1  mm 1919 231
1  mm 1919 197
1  mm 1919 170
1  mm 1914 145
1  mm 1913 128
1  mm 1915 111
1  mm 1919 74
1  mm 1919 18
1  mm 1919 0
0  
0  
0  
0  
0  
0  
1  mm 1897 0
1  mm 1803 0
1  mm 1744 4
0  
0  
0  
0  
0  
0  
0  
0  
0  
0  
0  
0  
0  
0  
0  
0  
0  
0  
0  
0  
0  
0  
0  
0  
0  
0  
0  
0  
0  
0  
0  
2 T 1209943802.167000 T 1209943802.171000 
1 T 1209943802.200000 
1 T 1209943802.233000 
1 T 1209943802.265000 
1 T 1209943802.299000 
1 T 1209943802.332000 
1 T 1209943802.364000 
1 T 1209943802.397000 
1 T 1209943802.431000 
1 T 1209943802.464000 
1 T 1209943802.496000 
1 T 1209943802.530000 
1 T 1209943802.563000 
1 T 1209943802.596000 
1 T 1209943802.630000 
1 T 1209943802.662000 
1 T 1209943802.696000 
1 T 1209943802.729000 
1 T 1209943802.762000 
1 T 1209943802.795000 
1 T 1209943802.827000 
1 T 1209943802.860000 
1 T 1209943802.894000 
1 T 1209943802.927000 
1 T 1209943802.959000 
1 T 1209943802.992000 
1 T 1209943803.025000 
1 T 1209943803.059000 
1 T 1209943803.092000 
1 T 1209943803.125000 
1 T 1209943803.157000 
1 T 1209943803.191000 
1 T 1209943803.224000 
1 T 1209943803.258000 
1 T 1209943803.290000 
0  
0  
0  
0  
0  
0  
0  
0  
0  
0  
0  
0  
0  
0  
0  
0  
0  
0  
0  
0  
0  
0  
0  
0  
0  
0  
0  
0  
0  
0  
0  
0  
0  
0  
0  
0  
0  
0  
0  
0  
0  
0  
0  
0  
0  
0  
0  
0  
0  
0  
0  
0  
0  
0  
0  
0  
0  
0  
0  
0  
0  
0  
0  
0  
0  
0  
0  
0  
0  
0  
0  
0  
0  
0  
0  
0  
0  
0  
0  
0  
0  
0  
0  
0  
0  
0  
0  
0  
0  
1  mm 1919 1054
0  
0  
0  
0  
0  
0  
0  
0  
0  
1 T 1209943806.718000 
0  
0  
0  
0  
0  
0  
0  
0  
1  mm 1900 1059
1  mm 1888 1059
1  mm 1887 1060
0  
0  
0  
1  mm 1881 1060
1  mm 1876 1060
1  mm 1869 1060
1  mm 1863 1060
1  mm 1861 1060
0  
0  
0  
1  mm 1865 1057
1  mm 1879 1054
1  mm 1887 1052
1  mm 1898 1052
0  
0  
0  
0  
0  
0  
0  
0  
0  
0  
0  
0  
0  
0  
0  
0  
0  
0  
0  
0  
0  
0  
0  
0  
0  
0  
0  
0  
0  
0  
0  
0  
0  
0  
0  
0  
0  
0  
0  
0  
0  
0  
0  
0  
0  
0  
0  
0  
0  
0  
0  
0  
0  
0  
0  
0  
0  
0  
0  
0  
0  
0  
0  
0  
0  
0  
0  
0  
0  
0  
0  
0  
0  
1 T 1209943810.127000 
0  
0  
0  
0  
0  
0  
0  
0  
0  
0  
0  
0  
0  
0  
0  
0  
0  
0  
0  
0  
0  
0  
0  
0  
0  
0  
0  
0  
0  
1  mm 1430 1059
0  
1  mm 1400 1028
1  mm 1368 972
1  mm 1343 904
1  mm 1331 826
1  mm 1334 774
1  mm 1349 741
1  mm 1364 698
1  mm 1375 659
1  mm 1391 648
1  mm 1414 644
1  mm 1449 638
1  mm 1507 617
1  mm 1561 590
1  mm 1572 579
1  mm 1572 569
1  mm 1572 558
1  mm 1572 545
1  mm 1572 542
0  
1  mb 1 1 1572 542
0  
0  
2 T 1209943812.067000 mb 1 0 1572 542
0  
1 T 1209943812.128000 
1 T 1209943812.160000 
1 T 1209943812.193000 
1 T 1209943812.227000 
1 T 1209943812.260000 
1 T 1209943812.292000 
1 T 1209943812.326000 
1 T 1209943812.359000 
1 T 1209943812.392000 
1 T 1209943812.424000 
1 T 1209943812.458000 
1 T 1209943812.491000 
1 T 1209943812.523000 
1 T 1209943812.557000 
2 T 1209943812.590000 mm 1552 539
2 T 1209943812.622000 mm 1513 534
2 T 1209943812.656000 mm 1447 526
2 T 1209943812.689000 mm 1398 518
2 T 1209943812.721000 mm 1368 512
2 T 1209943812.755000 mm 1337 505
2 T 1209943812.788000 mm 1336 505
1 T 1209943812.820000 
1 T 1209943812.854000 
1 T 1209943812.886000 
1 T 1209943812.920000 
1 T 1209943812.952000 
2 T 1209943812.987000 mm 1331 505
2 T 1209943813.018000 mm 1329 505
2 T 1209943813.051000 mm 1320 505
5 T 1209943813.085000 xs 0 2 0 xs 0 0 0 T 1209943813.086000 mm 1313 505
2 T 1209943813.118000 mm 1309 505
2 T 1209943813.151000 mm 1303 505
2 T 1209943813.183000 mm 1300 505
2 T 1209943813.217000 mm 1296 505
2 T 1209943813.250000 mm 1292 505
2 T 1209943813.282000 mm 1288 505
2 T 1209943813.316000 mm 1283 505
2 T 1209943813.349000 mm 1282 505
2 T 1209943813.382000 mm 1281 505
2 T 1209943813.414000 mm 1278 505
1 T 1209943813.448000 
1 T 1209943813.481000 
1 T 1209943813.514000 
1 T 1209943813.547000 
2 T 1209943813.580000 mm 1282 487
2 T 1209943813.614000 mm 1287 473
2 T 1209943813.646000 mm 1290 457
2 T 1209943813.679000 mm 1290 449
2 T 1209943813.713000 mm 1289 445
1 T 1209943813.745000 
1 T 1209943813.777000 
2 T 1209943813.810000 mm 1276 444
2 T 1209943813.844000 mm 1262 450
2 T 1209943813.877000 mm 1258 455
2 T 1209943813.910000 mm 1246 462
2 T 1209943813.942000 mm 1209 476
2 T 1209943813.975000 mm 1146 502
2 T 1209943814.009000 mm 1038 541
2 T 1209943814.041000 mm 819 600
2 T 1209943814.074000 mm 658 649
2 T 1209943814.108000 mm 558 708
2 T 1209943814.141000 mm 502 752
2 T 1209943814.174000 mm 473 782
2 T 1209943814.206000 mm 454 823
1  mm 428 854
1  mm 407 875
1  mm 394 894
1  mm 383 912
1  mm 378 926
1  mm 375 933
1  mm 375 934
1  mm 375 937
1  mm 375 939
1  mm 375 944
1  mm 375 949
1  mm 375 955
1  mm 375 959
1  mm 375 961
1  mm 375 962
0  
0  
0  
0  
1  mb 1 1 375 962
0  
0  
0  
1  mb 1 0 375 962
