1209256002 seed, 30 fps, 1920x1080, fullScreen=1, version84_mouseSpeed1.000000_musicOff0_musicLoudness0.000000_webRetrySeconds16 42465DEE661C4C80A66BFD33B6F8DBB5EF6ACF88
2 T 1209256003.559000 mm 960 540
0  
0  
0  
0  
0  
0  
0  
0  
0  
0  
0  
0  
0  
0  
0  
0  
0  
0  
0  
0  
0  
0  
0  
0  
0  
0  
0  
0  
0  
0  
0  
0  
0  
0  
0  
0  
0  
0  
0  
0  
0  
0  
0  
0  
0  
0  
0  
0  
0  
0  
0  
0  
0  
0  
0  
0  
0  
0  
0  
0  
0  
0  
2 T 1209256007.476000 T 1209256007.480000 
1 T 1209256007.509000 
1 T 1209256007.541000 
1 T 1209256007.575000 
1 T 1209256007.608000 
1 T 1209256007.640000 
1 T 1209256007.674000 
1 T 1209256007.706000 
1 T 1209256007.739000 
1 T 1209256007.773000 
1 T 1209256007.806000 
1 T 1209256007.838000 
1 T 1209256007.872000 
1 T 1209256007.904000 
1 T 1209256007.938000 
1 T 1209256007.971000 
1 T 1209256008.003000 
1 T 1209256008.037000 
1 T 1209256008.070000 
1 T 1209256008.102000 
1 T 1209256008.135000 
1 T 1209256008.169000 
1 T 1209256008.201000 
1 T 1209256008.235000 
1 T 1209256008.268000 
1 T 1209256008.300000 
1 T 1209256008.334000 
1 T 1209256008.366000 
1 T 1209256008.399000 
1 T 1209256008.432000 
1 T 1209256008.466000 
1 T 1209256008.499000 
1 T 1209256008.531000 
1 T 1209256008.565000 
1 T 1209256008.597000 
0  
1 T 1209256008.663000 
0  
0  
0  
0  
0  
0  
0  
0  
0  
0  
0  
0  
0  
0  
0  
0  
0  
0  
0  
0  
0  
0  
1  mm 956 534
1  mm 958 522
1  mm 1069 472
1  mm 1126 469
1  mm 1144 479
1  mm 1222 485
1  mm 1389 485
1  mm 1570 491
1  mm 1647 496
1  mm 1649 496
1  mm 1658 510
1  mm 1678 526
1  mm 1683 528
0  
0  
0  
0  
0  
1  mm 1685 530
0  
1  mm 1680 532
1  mm 1614 544
1  mm 1607 546
1  mm 1598 547
1  mm 1596 547
1  mb 1 1 1596 547
0  
0  
2 T 1209256010.350000 mb 1 0 1596 547
0  
1 T 1209256010.413000 
1 T 1209256010.445000 
1 T 1209256010.479000 
1 T 1209256010.511000 
1 T 1209256010.545000 
1 T 1209256010.578000 
1 T 1209256010.610000 
1 T 1209256010.644000 
1 T 1209256010.676000 
1 T 1209256010.710000 
1 T 1209256010.742000 
1 T 1209256010.776000 
1 T 1209256010.809000 
1 T 1209256010.841000 
1 T 1209256010.875000 
1 T 1209256010.907000 
1 T 1209256010.941000 
1 T 1209256010.974000 
1 T 1209256011.006000 
1 T 1209256011.040000 
1 T 1209256011.072000 
1 T 1209256011.106000 
1 T 1209256011.139000 
1 T 1209256011.171000 
1 T 1209256011.205000 
1 T 1209256011.237000 
1 T 1209256011.271000 
1 T 1209256011.303000 
1 T 1209256011.337000 
6 T 1209256011.370000 xs 0 2 16 534E0A302F3230300A31310A38340A23 xs 0 2 0 xs 0 0 7 T 1209256011.371000 xs 0 0 169 
4 T 1209256011.402000 xs 0 2 10 41434345505445440A23 xs 0 3 -1 T 1209256011.403000 
1 T 1209256011.435000 
1 T 1209256011.468000 
1 T 1209256011.502000 
1 T 1209256011.534000 
1 T 1209256011.568000 
1 T 1209256011.601000 
1 T 1209256011.634000 
1 T 1209256011.667000 
1 T 1209256011.700000 
1 T 1209256011.734000 
1 T 1209256011.766000 
1 T 1209256011.800000 
1 T 1209256011.832000 
1 T 1209256011.866000 
1 T 1209256011.899000 
1 T 1209256011.931000 
1 T 1209256011.965000 
1 T 1209256011.997000 
1 T 1209256012.031000 
1 T 1209256012.064000 
1 T 1209256012.096000 
1 T 1209256012.130000 
1 T 1209256012.163000 
1 T 1209256012.195000 
1 T 1209256012.229000 
1 T 1209256012.262000 
1 T 1209256012.294000 
1 T 1209256012.328000 
1 T 1209256012.360000 
1 T 1209256012.394000 
1 T 1209256012.426000 
1 T 1209256012.460000 
1 T 1209256012.492000 
1 T 1209256012.525000 
0  
0  
0  
0  
0  
0  
0  
0  
0  
0  
0  
0  
0  
0  
0  
0  
0  
0  
0  
0  
0  
0  
0  
0  
0  
0  
0  
0  
0  
0  
1  mm 1595 547
0  
0  
0  
0  
1  mm 1594 547
1  mm 1592 547
1  mm 1568 547
1  mm 1566 547
0  
0  
0  
0  
0  
0  
0  
0  
0  
0  
0  
0  
0  
0  
0  
0  
0  
0  
0  
0  
0  
0  
0  
0  
0  
0  
0  
0  
0  
0  
0  
0  
0  
0  
0  
0  
0  
0  
0  
0  
0  
0  
0  
1 T 1209256015.265000 
0  
0  
0  
0  
0  
0  
0  
0  
0  
0  
1  mb 1 1 1566 547
0  
0  
0  
0  
2 T 1209256015.795000 mb 1 0 1566 547
0  
1 T 1209256015.858000 
1 T 1209256015.892000 
1 T 1209256015.924000 
1 T 1209256015.958000 
1 T 1209256015.990000 
1 T 1209256016.024000 
1 T 1209256016.057000 
1 T 1209256016.089000 
1 T 1209256016.123000 
2 T 1209256016.155000 mm 1569 547
2 T 1209256016.189000 mm 1570 547
1 T 1209256016.222000 
1 T 1209256016.254000 
1 T 1209256016.288000 
1 T 1209256016.320000 
1 T 1209256016.354000 
1 T 1209256016.387000 
1 T 1209256016.419000 
1 T 1209256016.453000 
1 T 1209256016.485000 
1 T 1209256016.519000 
1 T 1209256016.552000 
1 T 1209256016.584000 
1 T 1209256016.618000 
1 T 1209256016.650000 
1 T 1209256016.684000 
1 T 1209256016.716000 
1 T 1209256016.750000 
1 T 1209256016.783000 
3 T 1209256016.815000 xs 1 3 -1 T 1209256016.816000 
1 T 1209256016.849000 
1 T 1209256016.881000 
1 T 1209256016.915000 
1 T 1209256016.948000 
1 T 1209256016.980000 
1 T 1209256017.014000 
1 T 1209256017.046000 
1 T 1209256017.080000 
1 T 1209256017.112000 
1 T 1209256017.146000 
1 T 1209256017.179000 
3 T 1209256017.211000 mm 1547 552 mm 1545 553
2 T 1209256017.244000 mm 1544 553
2 T 1209256017.277000 mm 1543 553
2 T 1209256017.310000 mm 1480 577
2 T 1209256017.343000 mm 1324 621
2 T 1209256017.376000 mm 1177 644
2 T 1209256017.410000 mm 1114 661
2 T 1209256017.442000 mm 1027 692
2 T 1209256017.475000 mm 947 727
2 T 1209256017.509000 mm 899 744
2 T 1209256017.541000 mm 847 760
2 T 1209256017.574000 mm 811 776
2 T 1209256017.607000 mm 778 796
2 T 1209256017.640000 mm 734 821
2 T 1209256017.673000 mm 706 838
2 T 1209256017.707000 mm 663 855
2 T 1209256017.739000 mm 615 875
2 T 1209256017.772000 mm 560 890
2 T 1209256017.805000 mm 534 901
2 T 1209256017.838000 mm 515 912
2 T 1209256017.872000 mm 489 926
2 T 1209256017.904000 mm 461 937
2 T 1209256017.937000 mm 427 941
1  mm 407 944
1  mm 388 944
1  mm 386 945
0  
1  mb 1 1 386 945
0  
0  
0  
1  mb 1 0 386 945
