1211121431 seed, 30 fps, 1920x1080, fullScreen=1, version30000_mouseSpeed1.000000_musicOff0_musicLoudness0.000000_webRetrySeconds16 B6F8F43F97F7D2FE50F3C1DF1E9C07E120042F41
2 T 1211121433.197000 mm 1694 480
0  
1  mm 1919 409
0  
0  
0  
1  mm 1919 408
1  mm 1919 403
1  mm 1919 398
1  mm 1900 370
1  mm 1891 361
0  
1  mm 1888 359
1  mm 1886 357
0  
0  
0  
0  
0  
0  
1  mm 1855 353
1  mm 1816 351
1  mm 1797 351
1  mm 1737 368
1  mm 1677 393
1  mm 1635 411
1  mm 1600 428
1  mm 1588 435
1  mm 1581 443
0  
1  mm 1585 445
1  mm 1603 432
1  mm 1611 413
0  
0  
1  mm 1621 414
0  
0  
0  
0  
0  
0  
0  
0  
0  
0  
0  
0  
0  
0  
0  
0  
0  
0  
0  
1  mm 1620 414
1  mm 1627 409
1  mm 1641 399
1  mm 1655 388
0  
0  
0  
0  
0  
0  
2 T 1211121441.015000 T 1211121441.019000 
1 T 1211121441.047000 
1 T 1211121441.080000 
1 T 1211121441.113000 
1 T 1211121441.146000 
2 T 1211121441.179000 mm 1654 388
2 T 1211121441.212000 mm 1655 388
2 T 1211121441.246000 mm 1655 387
1 T 1211121441.277000 
1 T 1211121441.311000 
1 T 1211121441.344000 
1 T 1211121441.377000 
2 T 1211121441.413000 mm 1653 386
1 T 1211121441.442000 
2 T 1211121441.477000 mm 1642 386
2 T 1211121441.511000 mm 1614 391
2 T 1211121441.543000 mm 1570 417
2 T 1211121441.574000 mm 1542 443
2 T 1211121441.608000 mm 1530 469
2 T 1211121441.641000 mm 1526 476
1 T 1211121441.674000 
1 T 1211121441.708000 
2 T 1211121441.740000 mm 1526 484
2 T 1211121441.773000 mm 1528 492
2 T 1211121441.805000 mm 1530 498
1 T 1211121441.840000 
1 T 1211121441.873000 
1 T 1211121441.905000 
2 T 1211121441.938000 mm 1534 504
2 T 1211121441.973000 mm 1539 515
2 T 1211121442.006000 mm 1545 525
2 T 1211121442.038000 mm 1546 529
1 T 1211121442.071000 
1 T 1211121442.103000 
3 T 1211121442.135000 T 1211121442.136000 mm 1547 530
0  
0  
0  
0  
0  
0  
0  
1  mb 1 1 1547 530
0  
0  
0  
2 T 1211121442.536000 mb 1 0 1547 530
0  
1 T 1211121442.669000 
1 T 1211121442.703000 
1 T 1211121442.736000 
1 T 1211121442.769000 
1 T 1211121442.801000 
1 T 1211121442.835000 
1 T 1211121442.869000 
1 T 1211121442.900000 
1 T 1211121442.934000 
2 T 1211121442.966000 mm 1548 530
2 T 1211121443.000000 mm 1528 530
2 T 1211121443.034000 mm 1488 542
2 T 1211121443.066000 mm 1434 562
2 T 1211121443.100000 mm 1307 603
2 T 1211121443.132000 mm 1200 619
2 T 1211121443.165000 mm 1119 631
2 T 1211121443.198000 mm 1049 656
2 T 1211121443.230000 mm 1005 673
2 T 1211121443.264000 mm 987 684
2 T 1211121443.297000 mm 994 686
2 T 1211121443.330000 mm 1030 676
1 T 1211121443.363000 
1 T 1211121443.396000 
1 T 1211121443.429000 
1 T 1211121443.462000 
1 T 1211121443.495000 
1 T 1211121443.527000 
6 T 1211121443.561000 xs 0 2 19 534E0A312F3230300A35380A33303030300A23 xs 0 2 0 xs 0 0 7 T 1211121443.563000 xs 0 0 169 
3 T 1211121443.594000 xs 0 2 0 mm 1028 675
3 T 1211121443.627000 xs 0 2 0 mm 1027 675
2 T 1211121443.660000 xs 0 2 0 
2 T 1211121443.693000 xs 0 2 0 
4 T 1211121443.726000 xs 0 2 10 52454A45435445440A23 xs 0 3 -1 T 1211121443.728000 
1 T 1211121443.759000 
1 T 1211121443.793000 
1 T 1211121443.825000 
1 T 1211121443.859000 
1 T 1211121443.891000 
1 T 1211121443.923000 
1 T 1211121443.958000 
1 T 1211121443.990000 
2 T 1211121444.024000 mm 1024 675
2 T 1211121444.058000 mm 987 675
2 T 1211121444.089000 mm 931 673
2 T 1211121444.123000 mm 838 677
2 T 1211121444.157000 mm 600 736
2 T 1211121444.190000 mm 451 804
2 T 1211121444.223000 mm 401 847
2 T 1211121444.256000 mm 387 866
2 T 1211121444.290000 mm 381 887
2 T 1211121444.320000 mm 372 909
2 T 1211121444.354000 mm 351 941
2 T 1211121444.387000 mm 321 975
2 T 1211121444.421000 mm 313 984
1 T 1211121444.452000 
1 T 1211121444.486000 
1 T 1211121444.518000 
2 T 1211121444.553000 mm 315 983
1 T 1211121444.585000 
2 T 1211121444.618000 mb 1 1 315 983
1 T 1211121444.649000 
1 T 1211121444.683000 
1  mb 1 0 315 983
