1207753260 seed, 60 fps, 1920x1080, fullScreen=1, version73_mouseSpeed1.000000_musicOff0_musicLoudness1.000000_webRetrySeconds16 39F5D403D9734472EB90545B8404B1BC918AF16B
4 T 1207753262.315000 mm 804 806 mm 846 828 mm 883 855
1  mm 884 855
1  mm 874 836
0  
0  
1  mm 877 838
1  mm 894 842
1  mm 901 843
1  mm 912 830
1  mm 914 824
0  
0  
0  
0  
0  
0  
1  mm 826 840
1  mm 792 854
1  mm 790 854
1  mm 795 854
1  mm 808 854
1  mm 839 848
1  mm 900 824
1  mm 1042 761
1  mm 1053 754
1  mm 1090 721
1  mm 1099 701
1  mm 1102 692
1  mm 1103 691
0  
0  
0  
0  
0  
0  
0  
0  
0  
0  
0  
0  
0  
1  mm 1103 690
1  mm 1103 689
1  mm 1104 688
0  
0  
0  
0  
0  
0  
0  
0  
0  
0  
0  
0  
0  
0  
0  
0  
0  
0  
1  mm 1106 686
1  mm 1115 681
1  mm 1170 665
0  
0  
0  
0  
0  
0  
0  
0  
0  
0  
1  mm 1182 665
1  mm 1195 665
1  mm 1210 665
1  mm 1221 663
1  mm 1232 656
1  mm 1242 654
1  mm 1250 649
1  mm 1255 647
1  mm 1258 647
1  mm 1262 647
1  mm 1263 647
1  mm 1265 647
1  mm 1267 647
0  
0  
1  mm 1267 646
0  
0  
1  mm 1264 646
0  
0  
0  
0  
1 T 1207753266.419000 
1  mm 1256 643
1  mm 1253 643
1  mm 1252 642
0  
0  
0  
0  
0  
0  
1  mm 1251 642
0  
1  mm 1255 647
1  mm 1259 656
1  mm 1258 659
3 T 1207753268.178000 T 1207753268.180000 mm 1252 665
1 T 1207753268.181000 
0  
2 T 1207753268.202000 mm 1246 667
2 T 1207753268.218000 mm 1244 667
1 T 1207753268.235000 
1 T 1207753268.251000 
1 T 1207753268.268000 
1 T 1207753268.302000 
1 T 1207753268.318000 
1 T 1207753268.352000 
1 T 1207753268.385000 
1 T 1207753268.419000 
1 T 1207753268.452000 
1 T 1207753268.486000 
1 T 1207753268.519000 
2 T 1207753268.552000 mm 1241 667
2 T 1207753268.585000 mm 1239 662
2 T 1207753268.619000 mm 1242 648
2 T 1207753268.652000 mm 1256 620
2 T 1207753268.686000 mm 1259 595
2 T 1207753268.719000 mm 1243 576
2 T 1207753268.752000 mm 1216 559
2 T 1207753268.785000 mm 1229 528
2 T 1207753268.819000 mm 1328 477
2 T 1207753268.852000 mm 1433 441
2 T 1207753268.886000 mm 1456 438
2 T 1207753268.920000 mm 1457 438
2 T 1207753268.953000 mm 1442 457
2 T 1207753268.985000 mm 1433 496
2 T 1207753269.001000 mm 1433 505
2 T 1207753269.018000 mm 1433 513
2 T 1207753269.035000 mm 1438 520
2 T 1207753269.052000 mm 1444 532
2 T 1207753269.068000 mm 1454 545
2 T 1207753269.085000 mm 1463 554
2 T 1207753269.102000 mm 1472 562
2 T 1207753269.119000 mm 1477 563
2 T 1207753269.136000 mm 1480 564
1 T 1207753269.152000 
1 T 1207753269.169000 
1 T 1207753269.185000 
2 T 1207753269.202000 mm 1481 564
2 T 1207753269.219000 mm 1481 562
2 T 1207753269.235000 mm 1481 559
2 T 1207753269.252000 mm 1481 557
2 T 1207753269.269000 mm 1481 556
2 T 1207753269.285000 mm 1481 555
0  
0  
0  
0  
0  
0  
0  
0  
0  
0  
0  
0  
0  
0  
0  
0  
0  
0  
0  
0  
0  
0  
0  
1  mm 1483 540
1  mm 1486 532
1  mm 1487 522
1  mm 1489 517
1  mm 1489 516
0  
0  
0  
0  
0  
0  
0  
0  
0  
1 T 1207753269.918000 
0  
0  
0  
0  
1  mm 1490 516
1  mm 1491 516
1  mm 1493 516
1  mm 1495 516
1  mm 1498 516
1  mm 1503 516
0  
1  mm 1504 516
0  
0  
0  
0  
0  
0  
0  
0  
0  
0  
0  
0  
0  
0  
0  
0  
0  
1  mm 1501 519
1  mm 1495 522
0  
0  
0  
0  
0  
0  
0  
0  
0  
0  
0  
0  
0  
0  
0  
0  
0  
0  
0  
0  
0  
0  
0  
0  
0  
0  
0  
1  mb 1 1 1495 522
0  
0  
0  
0  
0  
0  
0  
0  
0  
0  
1  mb 1 0 1495 522
0  
0  
0  
0  
0  
0  
0  
0  
0  
0  
0  
0  
0  
0  
0  
0  
0  
0  
0  
0  
0  
0  
0  
0  
0  
0  
0  
0  
0  
1 T 1207753271.583000 
0  
0  
0  
0  
0  
0  
0  
0  
0  
0  
0  
0  
0  
0  
0  
0  
0  
0  
0  
0  
0  
0  
0  
0  
0  
0  
0  
0  
0  
0  
0  
0  
0  
0  
0  
0  
0  
0  
0  
0  
0  
0  
0  
0  
0  
0  
0  
0  
0  
0  
0  
0  
0  
0  
0  
0  
0  
0  
0  
0  
0  
0  
0  
0  
0  
0  
0  
0  
0  
0  
0  
0  
0  
0  
0  
0  
0  
0  
0  
0  
0  
0  
0  
0  
0  
0  
0  
0  
1  mm 1473 523
1  mm 1442 523
1  mm 1419 511
1  mm 1385 460
1  mm 1328 387
1  mm 1274 320
1  mm 1234 285
1  mm 1202 260
1  mm 1177 245
1  mm 1142 236
1  mm 1120 233
2 T 1207753273.250000 mm 1110 232
1  mm 1105 232
1  mm 1103 232
1  mm 1097 232
1  mm 1087 232
1  mm 1076 235
1  mm 1065 240
1  mm 1053 246
1  mm 1044 249
1  mm 1034 251
1  mm 1014 253
1  mm 1000 253
1  mm 983 249
1  mm 963 240
1  mm 950 233
1  mm 940 227
1  mm 939 227
0  
0  
0  
0  
0  
1  mb 1 1 939 227
0  
0  
0  
0  
0  
1  mb 1 0 939 227
