1209256051 seed, 30 fps, 1920x1080, fullScreen=1, version84_mouseSpeed1.000000_musicOff0_musicLoudness0.000000_webRetrySeconds16 42465DEE661C4C80A66BFD33B6F8DBB5EF6ACF88
2 T 1209256052.009000 mm 970 476
0  
0  
0  
0  
0  
0  
0  
0  
0  
1  mm 1002 475
1  mm 1062 475
1  mm 1153 479
1  mm 1327 487
1  mm 1406 487
1  mm 1463 483
1  mm 1487 482
0  
1  mm 1491 482
1  mm 1492 481
0  
0  
0  
0  
0  
1  mm 1492 479
1  mm 1485 472
0  
0  
0  
0  
0  
0  
0  
0  
0  
0  
0  
0  
0  
0  
0  
0  
0  
0  
1  mm 1480 463
1  mm 1467 445
1  mm 1441 437
1  mm 1412 436
1  mm 1383 457
1  mm 1373 472
0  
1  mm 1372 498
1  mm 1375 523
1  mm 1381 526
0  
0  
0  
0  
0  
0  
0  
0  
2 T 1209256055.661000 T 1209256055.664000 
1 T 1209256055.694000 
1 T 1209256055.726000 
1 T 1209256055.760000 
1 T 1209256055.793000 
1 T 1209256055.825000 
1 T 1209256055.859000 
1 T 1209256055.891000 
1 T 1209256055.925000 
1 T 1209256055.958000 
1 T 1209256055.990000 
1 T 1209256056.024000 
1 T 1209256056.056000 
1 T 1209256056.090000 
1 T 1209256056.123000 
1 T 1209256056.156000 
1 T 1209256056.188000 
1 T 1209256056.222000 
2 T 1209256056.254000 mm 1425 533
2 T 1209256056.287000 mm 1486 536
2 T 1209256056.320000 mm 1549 536
2 T 1209256056.353000 mm 1576 535
1 T 1209256056.386000 
1 T 1209256056.420000 
1 T 1209256056.453000 
1 T 1209256056.486000 
1 T 1209256056.519000 
1 T 1209256056.551000 
1 T 1209256056.584000 
1 T 1209256056.618000 
1 T 1209256056.651000 
1 T 1209256056.684000 
1 T 1209256056.716000 
1 T 1209256056.750000 
1 T 1209256056.782000 
0  
1 T 1209256056.848000 
0  
0  
0  
0  
0  
1  mb 1 1 1576 535
0  
0  
2 T 1209256057.149000 mb 1 0 1576 535
0  
1 T 1209256057.212000 
1 T 1209256057.244000 
1 T 1209256057.278000 
1 T 1209256057.310000 
1 T 1209256057.344000 
1 T 1209256057.376000 
1 T 1209256057.410000 
1 T 1209256057.443000 
1 T 1209256057.475000 
1 T 1209256057.509000 
1 T 1209256057.541000 
2 T 1209256057.575000 mm 1576 533
1 T 1209256057.608000 
1 T 1209256057.640000 
1 T 1209256057.674000 
2 T 1209256057.706000 mm 1576 532
1 T 1209256057.740000 
2 T 1209256057.773000 mm 1575 531
2 T 1209256057.805000 mm 1536 535
2 T 1209256057.839000 mm 1437 543
2 T 1209256057.871000 mm 1357 551
2 T 1209256057.905000 mm 1329 555
2 T 1209256057.937000 mm 1322 560
1 T 1209256057.971000 
1 T 1209256058.004000 
1 T 1209256058.037000 
1 T 1209256058.069000 
1 T 1209256058.103000 
1 T 1209256058.135000 
6 T 1209256058.169000 xs 0 2 15 534E0A302F3230300A310A38340A23 xs 0 2 0 xs 0 0 7 T 1209256058.170000 xs 0 0 169 
4 T 1209256058.201000 xs 0 2 10 41434345505445440A23 xs 0 3 -1 T 1209256058.202000 
1 T 1209256058.234000 
1 T 1209256058.268000 
2 T 1209256058.300000 mm 1321 560
1 T 1209256058.333000 
1 T 1209256058.367000 
2 T 1209256058.399000 mm 1320 560
2 T 1209256058.432000 mm 1316 559
2 T 1209256058.465000 mm 1270 561
2 T 1209256058.498000 mm 1060 605
2 T 1209256058.532000 mm 819 678
2 T 1209256058.564000 mm 660 738
2 T 1209256058.597000 mm 551 810
2 T 1209256058.630000 mm 476 871
2 T 1209256058.663000 mm 448 903
2 T 1209256058.696000 mm 442 913
2 T 1209256058.729000 mm 439 917
1 T 1209256058.762000 
2 T 1209256058.795000 mm 408 929
2 T 1209256058.829000 mm 372 941
2 T 1209256058.861000 mm 366 944
1 T 1209256058.894000 
1 T 1209256058.928000 
2 T 1209256058.960000 mm 364 944
2 T 1209256058.994000 mb 1 1 364 944
1 T 1209256059.026000 
1 T 1209256059.060000 
1 T 1209256059.093000 
1  mb 1 0 364 944
