1209406153 seed, 30 fps, 1920x1080, fullScreen=1, version87_mouseSpeed1.000000_musicOff0_musicLoudness0.000000_webRetrySeconds16 28FEA286B100CAA55E12954D240B5D248065381B
2 T 1209406154.444000 mm 1110 494
0  
0  
0  
0  
0  
0  
0  
0  
0  
0  
0  
0  
0  
0  
0  
0  
0  
0  
0  
0  
0  
0  
0  
0  
0  
0  
0  
0  
0  
0  
0  
0  
0  
0  
0  
0  
0  
0  
0  
0  
0  
0  
0  
0  
0  
0  
0  
0  
0  
0  
0  
0  
0  
0  
0  
0  
0  
0  
0  
0  
0  
0  
0  
2 T 1209406158.169000 T 1209406158.172000 
1 T 1209406158.201000 
1 T 1209406158.235000 
1 T 1209406158.268000 
1 T 1209406158.301000 
1 T 1209406158.333000 
1 T 1209406158.367000 
1 T 1209406158.400000 
1 T 1209406158.433000 
1 T 1209406158.465000 
1 T 1209406158.499000 
1 T 1209406158.532000 
1 T 1209406158.565000 
1 T 1209406158.598000 
1 T 1209406158.631000 
1 T 1209406158.664000 
1 T 1209406158.697000 
1 T 1209406158.730000 
1 T 1209406158.764000 
1 T 1209406158.795000 
1 T 1209406158.829000 
1 T 1209406158.862000 
1 T 1209406158.895000 
1 T 1209406158.928000 
1 T 1209406158.961000 
1 T 1209406158.994000 
1 T 1209406159.026000 
1 T 1209406159.059000 
1 T 1209406159.093000 
1 T 1209406159.127000 
1 T 1209406159.159000 
1 T 1209406159.193000 
1 T 1209406159.225000 
1 T 1209406159.258000 
1 T 1209406159.292000 
1 T 1209406159.324000 
0  
0  
0  
0  
0  
0  
0  
0  
0  
0  
0  
0  
0  
0  
0  
0  
0  
0  
0  
0  
0  
0  
0  
0  
0  
0  
0  
0  
0  
0  
0  
0  
0  
0  
0  
0  
0  
0  
0  
0  
0  
0  
0  
0  
0  
0  
0  
0  
0  
0  
0  
0  
0  
0  
0  
0  
0  
0  
0  
0  
0  
0  
0  
0  
0  
0  
0  
0  
0  
0  
0  
0  
0  
0  
0  
0  
0  
0  
0  
0  
0  
0  
0  
0  
0  
0  
0  
0  
0  
0  
0  
0  
0  
0  
0  
0  
0  
0  
0  
1 T 1209406162.623000 
0  
0  
0  
0  
0  
0  
0  
0  
0  
0  
0  
0  
0  
0  
0  
0  
0  
0  
0  
0  
0  
0  
0  
0  
0  
0  
0  
0  
0  
0  
0  
0  
0  
0  
0  
0  
0  
0  
0  
0  
0  
0  
0  
0  
0  
0  
0  
0  
0  
0  
0  
0  
0  
0  
0  
0  
0  
0  
0  
0  
0  
0  
0  
0  
0  
0  
0  
0  
0  
0  
0  
0  
0  
0  
0  
0  
0  
0  
0  
0  
0  
0  
0  
0  
0  
0  
0  
0  
0  
0  
0  
0  
0  
0  
0  
0  
0  
0  
0  
1 T 1209406165.926000 
0  
0  
0  
0  
0  
0  
0  
0  
0  
0  
0  
0  
0  
0  
0  
0  
0  
0  
0  
0  
0  
0  
0  
0  
0  
0  
0  
0  
0  
0  
0  
0  
0  
0  
0  
0  
0  
0  
0  
0  
0  
0  
0  
0  
0  
0  
0  
0  
0  
0  
0  
0  
0  
0  
0  
0  
0  
0  
0  
0  
0  
0  
0  
0  
0  
0  
0  
0  
0  
0  
0  
0  
0  
0  
0  
0  
0  
0  
0  
0  
0  
0  
0  
0  
0  
0  
0  
0  
0  
0  
0  
0  
0  
0  
0  
0  
0  
0  
0  
1 T 1209406169.226000 
0  
0  
0  
0  
0  
0  
0  
0  
0  
0  
0  
0  
0  
0  
0  
0  
0  
0  
0  
0  
0  
0  
0  
0  
0  
0  
0  
0  
0  
0  
0  
0  
0  
0  
0  
0  
0  
0  
0  
0  
0  
0  
0  
0  
0  
0  
0  
0  
0  
0  
0  
0  
0  
0  
0  
0  
0  
0  
0  
0  
0  
0  
0  
0  
0  
0  
0  
0  
0  
0  
0  
0  
0  
0  
0  
0  
0  
0  
0  
0  
0  
0  
0  
0  
0  
0  
0  
0  
0  
0  
0  
0  
0  
0  
0  
0  
0  
0  
0  
1 T 1209406172.526000 
0  
0  
0  
0  
0  
0  
0  
0  
0  
0  
0  
0  
0  
0  
0  
0  
0  
0  
0  
0  
0  
0  
0  
0  
0  
0  
0  
0  
0  
0  
0  
0  
0  
0  
0  
0  
0  
0  
0  
0  
0  
0  
0  
1  mm 1112 472
1  mm 1107 449
1  mm 1091 420
1  mm 1087 416
1  mm 1086 415
1  mm 1086 409
1  mm 1093 404
1  mm 1095 404
0  
1  mm 1107 412
1  mm 1156 442
1  mm 1223 472
1  mm 1270 493
1  mm 1307 510
1  mm 1339 518
1  mm 1386 538
1  mm 1443 545
1  mm 1492 542
1  mm 1524 535
1  mm 1567 532
1  mm 1592 532
1  mm 1592 533
1  mb 1 1 1592 533
0  
0  
2 T 1209406174.809000 mb 1 0 1592 533
0  
1 T 1209406174.870000 
1 T 1209406174.903000 
1 T 1209406174.935000 
2 T 1209406174.968000 mm 1641 534
2 T 1209406175.002000 mm 1668 532
2 T 1209406175.035000 mm 1672 532
1 T 1209406175.068000 
1 T 1209406175.101000 
1 T 1209406175.133000 
1 T 1209406175.166000 
1 T 1209406175.200000 
1 T 1209406175.232000 
1 T 1209406175.266000 
1 T 1209406175.299000 
1 T 1209406175.331000 
1 T 1209406175.365000 
1 T 1209406175.398000 
1 T 1209406175.431000 
1 T 1209406175.464000 
1 T 1209406175.496000 
1 T 1209406175.529000 
1 T 1209406175.562000 
1 T 1209406175.596000 
1 T 1209406175.629000 
2 T 1209406175.662000 mm 1668 530
2 T 1209406175.695000 mm 1656 528
1 T 1209406175.728000 
1 T 1209406175.760000 
1 T 1209406175.794000 
4 T 1209406175.827000 xs 0 2 0 xs 0 0 0 T 1209406175.831000 
1 T 1209406175.861000 
1 T 1209406175.893000 
1 T 1209406175.926000 
1 T 1209406175.960000 
1 T 1209406175.992000 
1 T 1209406176.025000 
1 T 1209406176.059000 
1 T 1209406176.092000 
1 T 1209406176.125000 
1 T 1209406176.158000 
1 T 1209406176.191000 
1 T 1209406176.225000 
1 T 1209406176.256000 
1 T 1209406176.290000 
1 T 1209406176.322000 
2 T 1209406176.355000 mm 1637 517
2 T 1209406176.389000 mm 1596 506
2 T 1209406176.422000 mm 1552 501
2 T 1209406176.454000 mm 1527 500
2 T 1209406176.488000 mm 1504 500
2 T 1209406176.521000 mm 1477 512
2 T 1209406176.553000 mm 1449 527
2 T 1209406176.587000 mm 1427 537
2 T 1209406176.619000 mm 1418 542
1 T 1209406176.652000 
1 T 1209406176.685000 
1 T 1209406176.718000 
1 T 1209406176.751000 
1 T 1209406176.785000 
1 T 1209406176.817000 
1 T 1209406176.850000 
1 T 1209406176.884000 
1 T 1209406176.916000 
1 T 1209406176.949000 
0  
0  
0  
0  
0  
0  
0  
0  
0  
0  
0  
0  
0  
0  
0  
0  
1  mm 1425 542
1  mm 1472 538
1  mm 1539 538
1  mm 1554 538
0  
0  
1  mb 1 1 1554 538
0  
0  
0  
2 T 1209406177.845000 mb 1 0 1554 538
0  
1 T 1209406177.908000 
1 T 1209406177.941000 
1 T 1209406177.974000 
1 T 1209406178.006000 
1 T 1209406178.040000 
1 T 1209406178.073000 
1 T 1209406178.106000 
1 T 1209406178.138000 
1 T 1209406178.171000 
1 T 1209406178.205000 
1 T 1209406178.238000 
1 T 1209406178.270000 
1 T 1209406178.303000 
1 T 1209406178.337000 
1 T 1209406178.369000 
1 T 1209406178.403000 
1 T 1209406178.436000 
1 T 1209406178.468000 
1 T 1209406178.502000 
1 T 1209406178.534000 
1 T 1209406178.568000 
1 T 1209406178.600000 
1 T 1209406178.633000 
1 T 1209406178.667000 
1 T 1209406178.699000 
1 T 1209406178.733000 
1 T 1209406178.766000 
1 T 1209406178.799000 
1 T 1209406178.832000 
3 T 1209406178.865000 xs 1 2 0 mm 1555 538
3 T 1209406178.898000 xs 1 2 0 mm 1555 537
4 T 1209406178.930000 xs 1 2 0 T 1209406178.931000 mm 1561 536
2 T 1209406178.964000 xs 1 2 0 
2 T 1209406178.996000 xs 1 2 0 
2 T 1209406179.030000 xs 1 2 0 
2 T 1209406179.063000 xs 1 2 0 
2 T 1209406179.095000 xs 1 2 0 
2 T 1209406179.128000 xs 1 2 0 
2 T 1209406179.162000 xs 1 2 0 
2 T 1209406179.194000 xs 1 2 0 
2 T 1209406179.228000 xs 1 2 0 
4 T 1209406179.260000 xs 1 2 0 T 1209406179.261000 mm 1547 536
3 T 1209406179.294000 xs 1 2 0 mm 1538 535
4 T 1209406179.326000 xs 1 2 0 T 1209406179.327000 mm 1521 535
3 T 1209406179.359000 xs 1 2 0 mm 1503 535
4 T 1209406179.393000 xs 1 2 0 T 1209406179.394000 mm 1471 535
3 T 1209406179.426000 xs 1 2 0 mm 1427 535
4 T 1209406179.458000 xs 1 2 0 T 1209406179.459000 mm 1366 542
3 T 1209406179.493000 xs 1 2 0 mm 1240 560
4 T 1209406179.524000 xs 1 2 0 T 1209406179.525000 mm 1130 578
3 T 1209406179.558000 xs 1 2 0 mm 1052 590
4 T 1209406179.590000 xs 1 2 0 T 1209406179.591000 mm 966 606
3 T 1209406179.624000 xs 1 2 0 mm 867 625
3 T 1209406179.657000 xs 1 2 0 mm 770 642
3 T 1209406179.690000 xs 1 2 0 mm 713 647
3 T 1209406179.724000 xs 1 2 0 mm 661 660
3 T 1209406179.757000 xs 1 2 0 mm 612 683
4 T 1209406179.788000 xs 1 2 0 T 1209406179.789000 mm 554 715
3 T 1209406179.823000 xs 1 2 0 mm 534 727
4 T 1209406179.854000 xs 1 2 0 T 1209406179.855000 mm 534 728
3 T 1209406179.888000 xs 1 2 0 mm 572 730
3 T 1209406179.921000 xs 1 2 0 mm 617 726
2 T 1209406179.954000 xs 1 2 0 
2 T 1209406179.986000 xs 1 2 0 
2 T 1209406180.020000 xs 1 2 0 
2 T 1209406180.052000 xs 1 2 0 
2 T 1209406180.085000 xs 1 2 0 
2 T 1209406180.119000 xs 1 2 0 
2 T 1209406180.151000 xs 1 2 0 
2 T 1209406180.185000 xs 1 2 0 
2 T 1209406180.218000 xs 1 2 0 
2 T 1209406180.252000 xs 1 2 0 
2 T 1209406180.284000 xs 1 2 0 
2 T 1209406180.318000 xs 1 2 0 
2 T 1209406180.351000 xs 1 2 0 
2 T 1209406180.384000 xs 1 2 0 
4 T 1209406180.416000 xs 1 2 0 T 1209406180.417000 mm 602 726
3 T 1209406180.449000 xs 1 2 0 mm 578 732
4 T 1209406180.482000 xs 1 2 0 T 1209406180.483000 mm 560 740
3 T 1209406180.517000 xs 1 2 0 mm 553 745
3 T 1209406180.548000 xs 1 2 0 mm 552 747
4 T 1209406180.581000 xs 1 2 0 T 1209406180.582000 mm 550 748
3 T 1209406180.615000 xs 1 2 0 mm 549 749
2 T 1209406180.647000 xs 1 2 0 
2 T 1209406180.680000 xs 1 2 0 
2 T 1209406180.714000 xs 1 2 0 
2 T 1209406180.747000 xs 1 2 0 
2 T 1209406180.779000 xs 1 2 0 
2 T 1209406180.813000 xs 1 2 0 
2 T 1209406180.846000 xs 1 2 0 
2 T 1209406180.879000 xs 1 2 0 
2 T 1209406180.911000 xs 1 2 0 
2 T 1209406180.945000 xs 1 2 0 
2 T 1209406180.977000 xs 1 2 0 
2 T 1209406181.011000 xs 1 2 0 
2 T 1209406181.043000 xs 1 2 0 
2 T 1209406181.077000 xs 1 2 0 
2 T 1209406181.110000 xs 1 2 0 
2 T 1209406181.143000 xs 1 2 0 
2 T 1209406181.176000 xs 1 2 0 
2 T 1209406181.209000 xs 1 2 0 
2 T 1209406181.242000 xs 1 2 0 
2 T 1209406181.275000 xs 1 2 0 
2 T 1209406181.308000 xs 1 2 0 
2 T 1209406181.341000 xs 1 2 0 
2 T 1209406181.373000 xs 1 2 0 
2 T 1209406181.406000 xs 1 2 0 
2 T 1209406181.440000 xs 1 2 0 
2 T 1209406181.473000 xs 1 2 0 
3 T 1209406181.507000 xs 1 2 0 kd 27 549 749
2 T 1209406181.539000 xs 1 2 0 
2 T 1209406181.572000 xs 1 2 0 
2 T 1209406181.605000 xs 1 2 0 
2 T 1209406181.637000 xs 1 2 0 
2 T 1209406181.670000 xs 1 2 0 
2 T 1209406181.703000 xs 1 2 0 
3 T 1209406181.736000 xs 1 2 0 ku 27 549 749
2 T 1209406181.771000 xs 1 2 0 
2 T 1209406181.803000 xs 1 2 0 
2 T 1209406181.836000 xs 1 2 0 
2 T 1209406181.868000 xs 1 2 0 
2 T 1209406181.901000 xs 1 2 0 
2 T 1209406181.934000 xs 1 2 0 
3 T 1209406181.968000 xs 1 2 0 sd 113 549 749
2 T 1209406182.000000 xs 1 2 0 
2 T 1209406182.033000 xs 1 2 0 
2 T 1209406182.067000 xs 1 2 0 
2 T 1209406182.100000 xs 1 2 0 
2 T 1209406182.132000 xs 1 2 0 
1  kd 37 549 749
