1209254474 seed, 60 fps, 1920x1080, fullScreen=1, version84_mouseSpeed1.000000_musicOff0_musicLoudness0.000000_webRetrySeconds16 42465DEE661C4C80A66BFD33B6F8DBB5EF6ACF88
0  
0  
0  
0  
0  
0  
0  
0  
1 T 1209254477.442000 
0  
0  
0  
0  
0  
0  
0  
0  
0  
0  
0  
0  
0  
0  
0  
0  
0  
0  
0  
0  
0  
0  
0  
0  
0  
0  
0  
0  
0  
0  
0  
0  
0  
0  
0  
0  
0  
0  
0  
0  
0  
0  
0  
0  
0  
0  
0  
0  
0  
0  
0  
0  
0  
0  
0  
0  
0  
0  
0  
0  
0  
0  
0  
0  
0  
0  
0  
0  
0  
0  
0  
0  
0  
0  
0  
0  
0  
0  
0  
0  
0  
0  
0  
0  
0  
0  
0  
0  
0  
0  
0  
0  
0  
0  
1  mm 1038 264
0  
1  mm 1055 265
0  
1  mm 1068 266
2 T 1209254479.925000 mm 1096 266
1  mm 1123 266
1  mm 1140 268
1  mm 1143 268
1  mm 1144 268
0  
1  mm 1145 268
1  mm 1146 268
0  
0  
0  
0  
0  
0  
0  
0  
2 T 1209254481.006000 T 1209254481.009000 
1 T 1209254481.010000 
0  
0  
1 T 1209254481.024000 
1 T 1209254481.040000 
1 T 1209254481.058000 
1 T 1209254481.074000 
1 T 1209254481.091000 
1 T 1209254481.107000 
1 T 1209254481.124000 
1 T 1209254481.140000 
1 T 1209254481.157000 
1 T 1209254481.174000 
1 T 1209254481.191000 
1 T 1209254481.207000 
1 T 1209254481.224000 
1 T 1209254481.241000 
1 T 1209254481.257000 
1 T 1209254481.274000 
1 T 1209254481.291000 
1 T 1209254481.307000 
1 T 1209254481.324000 
1 T 1209254481.341000 
2 T 1209254481.358000 mm 1124 298
2 T 1209254481.374000 mm 1076 361
2 T 1209254481.391000 mm 1017 420
2 T 1209254481.408000 mm 941 481
3 T 1209254481.425000 mm 865 536 mm 835 554
2 T 1209254481.442000 mm 780 583
2 T 1209254481.460000 mm 720 617
2 T 1209254481.475000 mm 665 654
2 T 1209254481.492000 mm 622 686
2 T 1209254481.508000 mm 587 722
2 T 1209254481.525000 mm 555 756
2 T 1209254481.541000 mm 535 780
2 T 1209254481.557000 mm 520 801
2 T 1209254481.574000 mm 502 823
2 T 1209254481.590000 mm 489 839
2 T 1209254481.607000 mm 477 849
2 T 1209254481.624000 mm 457 861
2 T 1209254481.641000 mm 439 872
2 T 1209254481.658000 mm 423 886
2 T 1209254481.674000 mm 418 893
2 T 1209254481.691000 mm 410 903
2 T 1209254481.707000 mm 402 912
2 T 1209254481.724000 mm 398 920
2 T 1209254481.741000 mm 395 925
2 T 1209254481.758000 mm 395 926
1 T 1209254481.774000 
1 T 1209254481.791000 
1 T 1209254481.807000 
1 T 1209254481.824000 
1 T 1209254481.841000 
2 T 1209254481.858000 mm 394 927
2 T 1209254481.874000 mm 393 929
2 T 1209254481.891000 mm 387 934
2 T 1209254481.907000 mm 384 939
2 T 1209254481.924000 mm 381 944
2 T 1209254481.940000 mm 377 947
1 T 1209254481.957000 
1 T 1209254481.974000 
1 T 1209254481.991000 
2 T 1209254482.007000 mb 1 1 377 947
1 T 1209254482.024000 
1 T 1209254482.040000 
1 T 1209254482.057000 
1 T 1209254482.074000 
1 T 1209254482.091000 
1 T 1209254482.107000 
1  mb 1 0 377 947
