1207828527 seed, 60 fps, 1612x907, fullScreen=0, version73_mouseSpeed1.000000_musicOff0_musicLoudness1.000000_webRetrySeconds16 39F5D403D9734472EB90545B8404B1BC918AF16B
2 T 1207828528.301000 mm 137 688
0  
0  
0  
0  
0  
0  
0  
0  
0  
0  
0  
0  
0  
0  
0  
0  
0  
0  
0  
0  
0  
0  
0  
0  
0  
0  
0  
0  
0  
0  
0  
1  mm 155 686
1  mm 186 680
1  mm 229 674
1  mm 276 664
1  mm 342 652
1  mm 431 624
1  mm 501 595
1  mm 594 561
1  mm 709 512
1  mm 824 455
1  mm 905 404
1  mm 945 373
1  mm 981 339
1  mm 1004 317
1  mm 1079 244
1  mm 1138 185
1  mm 1206 121
1  mm 1271 79
1  mm 1315 59
1  mm 1353 43
1  mm 1388 30
1  mm 1415 24
1  mm 1434 21
1  mm 1449 16
1  mm 1464 13
1  mm 1475 13
1  mm 1495 21
1  mm 1522 36
1  mm 1541 43
1  mm 1552 51
1  mm 1557 51
1  mm 1560 51
0  
1  kd 27 1560 51
0  
0  
0  
0  
0  
0  
0  
0  
0  
0  
0  
0  
0  
0  
0  
0  
0  
0  
0  
1  mm 1533 9
1  mm 1475 28
1  mm 1388 62
1  mm 1282 99
1  mm 1172 135
1  mm 1069 172
1  mm 1011 199
1  mm 980 220
1  mm 973 226
1  mm 972 228
1  mm 971 234
1  mm 966 245
1  mm 956 266
1  mm 934 302
2 T 1207828530.917000 mm 915 335
1  mm 892 364
1  mm 879 390
1  mm 871 413
1  mm 862 439
1  mm 856 468
1  mm 847 513
1  mm 842 543
1  mm 834 569
1  mm 820 594
1  mm 804 614
1  mm 790 629
1  mm 782 640
1  mm 773 645
1  mm 768 649
1  mm 763 652
1  mm 759 654
1  mm 756 656
1  mm 750 662
1  mm 748 666
1  mm 747 669
0  
0  
0  
0  
0  
0  
0  
0  
0  
0  
0  
0  
0  
0  
0  
0  
0  
0  
0  
0  
0  
0  
0  
0  
0  
0  
0  
0  
0  
0  
0  
1  sd 113 747 669
0  
0  
0  
0  
0  
0  
0  
0  
0  
0  
0  
0  
0  
0  
0  
0  
0  
0  
0  
0  
0  
0  
0  
0  
0  
0  
0  
1  kd 37 747 669
