1208842048 seed, 30 fps, 1920x1080, fullScreen=1, version82_mouseSpeed1.000000_musicOff0_musicLoudness0.000000_webRetrySeconds16 3191237B42F84FB11134CB753993E9D689E3AED0
2 T 1208842050.516000 mm 960 540
0  
0  
0  
0  
0  
0  
0  
0  
0  
0  
0  
0  
0  
0  
0  
0  
0  
0  
0  
0  
0  
0  
1  mm 971 537
1  mm 1014 521
0  
0  
0  
0  
0  
0  
1  mm 1011 519
1  mm 1011 518
0  
0  
1  mm 1097 498
1  mm 1161 479
1  mm 1209 462
1  mm 1257 451
1  mm 1287 446
1  mm 1300 444
0  
0  
0  
0  
0  
0  
0  
0  
0  
0  
0  
0  
0  
0  
0  
0  
0  
0  
0  
0  
0  
0  
1  mm 1303 444
0  
0  
1  mm 1288 428
1  mm 1287 427
3 T 1208842054.455000 T 1208842054.458000 mm 1286 426
1 T 1208842054.487000 
1 T 1208842054.521000 
1 T 1208842054.554000 
1 T 1208842054.587000 
1 T 1208842054.620000 
1 T 1208842054.652000 
1 T 1208842054.686000 
1 T 1208842054.719000 
2 T 1208842054.752000 mm 1254 431
2 T 1208842054.784000 mm 1157 456
2 T 1208842054.817000 mm 972 506
2 T 1208842054.851000 mm 812 554
2 T 1208842054.884000 mm 677 626
2 T 1208842054.917000 mm 573 701
2 T 1208842054.950000 mm 520 752
2 T 1208842054.983000 mm 484 784
2 T 1208842055.016000 mm 447 816
2 T 1208842055.049000 mm 404 860
2 T 1208842055.082000 mm 389 888
2 T 1208842055.115000 mm 386 898
2 T 1208842055.149000 mm 384 902
1 T 1208842055.181000 
2 T 1208842055.214000 mm 381 912
2 T 1208842055.247000 mm 377 934
2 T 1208842055.280000 mm 373 963
2 T 1208842055.313000 mm 373 969
1 T 1208842055.346000 
2 T 1208842055.379000 mb 1 1 373 969
1 T 1208842055.412000 
1 T 1208842055.444000 
2 T 1208842055.477000 mb 1 0 373 969
