1210221938 seed, 30 fps, 1920x1080, fullScreen=1, version94_mouseSpeed1.000000_musicOff0_musicLoudness0.000000_webRetrySeconds16 D98839918ABF31C77B103A0471474BD6CE49B0CB
2 T 1210221938.924000 mm 1223 171
0  
1  mm 1214 175
1  mm 1204 183
1  mm 1194 195
1  mm 1187 204
1  mm 1183 209
1  mm 1179 211
1  mm 1177 214
0  
0  
0  
0  
0  
0  
0  
0  
0  
0  
0  
0  
0  
0  
0  
0  
0  
0  
0  
0  
0  
0  
0  
0  
0  
0  
0  
0  
0  
0  
0  
0  
0  
0  
0  
0  
0  
0  
0  
0  
0  
0  
0  
0  
0  
0  
0  
0  
0  
0  
0  
0  
0  
0  
0  
2 T 1210221942.693000 T 1210221942.697000 
1 T 1210221942.726000 
1 T 1210221942.759000 
1 T 1210221942.792000 
1 T 1210221942.825000 
1 T 1210221942.859000 
1 T 1210221942.892000 
1 T 1210221942.924000 
1 T 1210221942.958000 
1 T 1210221942.991000 
1 T 1210221943.023000 
1 T 1210221943.056000 
1 T 1210221943.089000 
1 T 1210221943.123000 
1 T 1210221943.156000 
1 T 1210221943.189000 
1 T 1210221943.222000 
1 T 1210221943.255000 
1 T 1210221943.288000 
1 T 1210221943.321000 
2 T 1210221943.354000 mm 1168 214
2 T 1210221943.386000 mm 1167 215
1 T 1210221943.419000 
2 T 1210221943.453000 mm 1167 217
1 T 1210221943.486000 
1 T 1210221943.519000 
1 T 1210221943.553000 
1 T 1210221943.586000 
1 T 1210221943.617000 
1 T 1210221943.652000 
1 T 1210221943.684000 
1 T 1210221943.716000 
2 T 1210221943.750000 mm 1161 220
2 T 1210221943.782000 mm 1143 224
2 T 1210221943.816000 mm 1110 234
2 T 1210221943.849000 mm 1080 241
1  mm 1065 244
1  mm 1052 249
1  mm 1046 254
1  mm 1031 265
1  mm 1005 293
1  mm 968 360
1  mm 953 428
1  mm 954 482
1  mm 982 509
1  mm 1041 514
1  mm 1135 514
1  mm 1245 492
1  mm 1353 465
1  mm 1423 458
1  mm 1436 458
1  mm 1441 458
1  mm 1460 473
1  mm 1497 506
1  mm 1532 541
1  mm 1549 554
1  mm 1550 555
0  
0  
0  
0  
0  
0  
0  
0  
0  
0  
0  
0  
0  
0  
0  
0  
0  
0  
0  
0  
0  
0  
0  
0  
0  
0  
0  
1  mm 1571 555
1  mm 1861 541
1  mm 1919 478
1  mm 1919 371
1  mm 1919 301
1  mm 1919 298
1  mm 1919 297
0  
0  
0  
0  
0  
0  
1  mm 1919 250
1  mm 1919 199
1  mm 1919 162
1  mm 1919 141
1  mm 1919 124
1  mm 1919 108
1  mm 1919 87
1  mm 1919 76
1  mm 1919 72
1  mm 1881 38
1  mm 1783 0
1  mm 1623 0
1  mm 1480 0
1  mm 1311 0
1  mm 1039 0
1  mm 615 0
1  mm 193 0
1  mm 0 0
0  
0  
1  mm 15 0
1  mm 147 0
1  mm 401 4
1  mm 688 16
1  mm 1046 34
1  mm 1327 79
1  mm 1665 147
1  mm 1919 217
1  mm 1919 262
1  mm 1919 264
1  mm 1919 258
1  mm 1919 257
1  mm 1872 243
1  mm 1484 157
1  mm 867 0
1  mm 392 0
1  mm 297 0
0  
2 T 1210221947.149000 mm 294 0
1  mm 246 0
1  mm 241 0
0  
0  
0  
0  
0  
0  
0  
0  
0  
0  
0  
0  
0  
0  
0  
0  
0  
0  
0  
0  
0  
0  
0  
0  
0  
0  
0  
0  
0  
0  
0  
0  
0  
0  
0  
0  
0  
0  
1  kd 27 241 0
0  
0  
0  
0  
1  ku 27 241 0
0  
0  
0  
0  
0  
0  
0  
0  
0  
0  
1  sd 113 241 0
0  
0  
0  
0  
0  
0  
0  
0  
0  
0  
0  
1  kd 37 241 0
