1210648482 seed, 30 fps, 1920x1080, fullScreen=1, version96_mouseSpeed1.000000_musicOff0_musicLoudness0.000000_webRetrySeconds16 D7B0694EEF5ECFC8B3CCDCAF722279C3F19F6647
2 T 1210648483.943000 mm 1350 911
0  
1  mm 1271 642
1  mm 1277 639
0  
0  
0  
0  
0  
0  
0  
0  
0  
0  
0  
0  
0  
0  
0  
0  
0  
0  
0  
0  
0  
0  
0  
0  
0  
0  
0  
0  
0  
0  
0  
0  
0  
0  
0  
0  
0  
0  
0  
0  
0  
0  
0  
0  
0  
0  
0  
0  
0  
0  
0  
0  
0  
0  
0  
0  
0  
0  
0  
1  mm 1275 639
0  
3 T 1210648489.522000 T 1210648489.525000 mm 1282 635
1 T 1210648489.554000 
1 T 1210648489.588000 
1 T 1210648489.619000 
1 T 1210648489.654000 
1 T 1210648489.686000 
1 T 1210648489.719000 
1 T 1210648489.752000 
1 T 1210648489.784000 
1 T 1210648489.819000 
1 T 1210648489.851000 
1 T 1210648489.884000 
1 T 1210648489.917000 
1 T 1210648489.951000 
2 T 1210648489.983000 mm 1270 633
2 T 1210648490.016000 mm 1240 621
2 T 1210648490.049000 mm 1181 601
2 T 1210648490.084000 mm 1124 579
2 T 1210648490.114000 mm 1105 573
2 T 1210648490.149000 mm 1080 569
2 T 1210648490.181000 mm 1060 565
2 T 1210648490.214000 mm 1035 560
2 T 1210648490.248000 mm 1023 556
2 T 1210648490.280000 mm 1019 553
2 T 1210648490.313000 mm 1015 550
2 T 1210648490.346000 mm 1011 548
2 T 1210648490.380000 mm 1010 547
1 T 1210648490.412000 
1 T 1210648490.444000 
2 T 1210648490.478000 mb 1 1 1010 547
1 T 1210648490.511000 
1 T 1210648490.544000 
2 T 1210648490.577000 mb 1 0 1010 547
1 T 1210648490.610000 
1 T 1210648490.643000 
0  
0  
0  
0  
0  
0  
0  
1  mm 1018 546
1  mm 1043 543
1  mm 1071 541
1  mm 1105 541
1  mm 1146 545
1  mm 1183 552
1  mm 1218 558
1  mm 1243 562
1  mm 1266 563
1  mm 1278 563
1  mm 1281 563
1  mm 1288 563
1  mm 1289 563
1  mm 1290 561
1  mm 1295 553
1  mm 1297 548
1  mm 1300 540
0  
1  mm 1300 538
1  mm 1300 537
0  
0  
1  mb 1 1 1300 537
0  
0  
0  
0  
0  
1  mb 1 0 1300 537
0  
0  
0  
0  
0  
0  
0  
0  
0  
1  mb 1 1 1300 537
0  
0  
0  
1  mb 1 0 1300 537
0  
0  
0  
0  
0  
0  
0  
0  
0  
0  
0  
0  
0  
0  
0  
0  
1  mm 1300 544
1  mm 1300 546
0  
0  
0  
0  
0  
0  
0  
0  
0  
0  
0  
0  
0  
0  
0  
0  
0  
0  
0  
0  
0  
0  
0  
0  
0  
0  
0  
0  
0  
0  
0  
1 T 1210648493.943000 
0  
0  
0  
0  
0  
0  
0  
0  
0  
0  
0  
0  
0  
0  
0  
1  mm 1287 549
1  mm 1256 550
1  mm 1211 557
1  mm 1161 573
1  mm 1117 592
1  mm 1086 602
1  mm 1071 612
1  mm 1069 614
1  mm 1078 614
1  mm 1101 605
1  mm 1107 602
0  
0  
0  
1  mm 1110 602
0  
0  
0  
0  
0  
0  
0  
0  
0  
0  
0  
0  
0  
0  
1  mm 1043 620
1  mm 886 672
1  mm 713 755
1  mm 598 825
1  mm 545 869
1  mm 500 915
1  mm 464 946
1  mm 430 974
1  mm 408 992
1  mm 404 995
0  
1  mm 400 996
1  mm 396 996
1  mm 394 996
0  
0  
1  mm 390 987
1  mm 389 978
1  mm 389 976
0  
0  
0  
0  
0  
0  
0  
0  
0  
0  
0  
0  
0  
0  
0  
0  
0  
0  
0  
0  
0  
0  
0  
0  
0  
0  
0  
0  
0  
0  
0  
0  
0  
0  
0  
0  
1 T 1210648497.243000 
0  
0  
0  
0  
0  
0  
0  
0  
1  mb 1 1 389 976
0  
0  
1  mb 1 0 389 976
