1207833393 seed, 60 fps, 1920x1080, fullScreen=1, version73_mouseSpeed1.000000_musicOff0_musicLoudness1.000000_webRetrySeconds16 39F5D403D9734472EB90545B8404B1BC918AF16B
3 T 1207833394.783000 mm 1904 245 mm 1903 245
0  
1  mm 1855 254
0  
0  
0  
0  
1  mm 1857 254
0  
0  
1  mm 1855 254
1  mm 1854 254
1  mm 1853 254
1  mm 1844 254
1  mm 1838 254
1  mm 1826 254
1  mm 1804 261
1  mm 1778 268
1  mm 1746 278
1  mm 1712 284
1  mm 1684 290
1  mm 1669 295
1  mm 1661 295
1  mm 1642 302
0  
1  mm 1636 306
1  mm 1630 310
1  mm 1615 319
1  mm 1605 326
1  mm 1595 331
1  mm 1591 336
1  mm 1589 339
1  mm 1582 346
1  mm 1517 401
1  mm 1494 410
0  
1  mm 1487 414
1  mm 1480 415
1  mm 1476 416
1  mm 1475 416
1  mm 1473 416
0  
0  
0  
0  
0  
0  
0  
0  
1  mm 1470 418
1  mm 1448 434
1  mm 1431 450
1  mm 1414 462
1  mm 1408 466
1  mm 1407 466
0  
0  
1  mm 1407 464
1  mm 1405 459
1  mm 1401 454
1  mm 1401 449
0  
0  
0  
0  
1  mm 1397 447
0  
0  
0  
0  
0  
0  
0  
0  
0  
0  
0  
0  
0  
0  
0  
0  
0  
0  
0  
1  mm 1396 447
1  mm 1388 447
1  mm 1380 450
1  mm 1378 452
1  mm 1375 453
0  
0  
0  
0  
0  
0  
0  
1  mm 1373 454
1  mm 1369 456
1 T 1207833397.217000 
0  
0  
0  
1  mm 1369 457
1  mm 1373 461
1  mm 1375 461
1  mm 1377 462
1  mm 1382 465
1  mm 1383 465
0  
1  mm 1383 466
0  
0  
0  
2 T 1207833398.228000 T 1207833398.231000 
0  
1 T 1207833398.232000 
0  
1 T 1207833398.249000 
1 T 1207833398.283000 
1 T 1207833398.317000 
1 T 1207833398.333000 
1 T 1207833398.367000 
1 T 1207833398.400000 
1 T 1207833398.434000 
1 T 1207833398.467000 
1 T 1207833398.500000 
1 T 1207833398.533000 
2 T 1207833398.567000 mm 1375 467
2 T 1207833398.600000 mm 1365 468
2 T 1207833398.634000 mm 1348 470
2 T 1207833398.667000 mm 1310 472
2 T 1207833398.700000 mm 1267 478
2 T 1207833398.734000 mm 1259 479
1 T 1207833398.767000 
2 T 1207833398.800000 mm 1313 479
2 T 1207833398.834000 mm 1412 470
2 T 1207833398.867000 mm 1517 458
2 T 1207833398.901000 mm 1595 454
2 T 1207833398.934000 mm 1601 454
1 T 1207833398.967000 
2 T 1207833399.001000 mm 1584 468
2 T 1207833399.034000 mm 1547 511
2 T 1207833399.068000 mm 1519 548
2 T 1207833399.101000 mm 1510 558
2 T 1207833399.134000 mm 1509 560
1 T 1207833399.166000 
2 T 1207833399.200000 mm 1517 561
2 T 1207833399.233000 mm 1528 561
2 T 1207833399.268000 mm 1532 559
2 T 1207833399.300000 mm 1534 558
1 T 1207833399.333000 
1  mm 1532 558
1  mm 1521 558
1  mm 1516 558
1  mm 1515 558
0  
0  
0  
0  
0  
0  
0  
0  
0  
0  
0  
0  
0  
0  
0  
0  
0  
0  
0  
0  
0  
0  
0  
0  
0  
0  
0  
0  
0  
0  
0  
0  
1  mm 1510 530
1  mm 1500 479
1  mm 1484 437
1  mm 1455 388
1  mm 1373 320
1  mm 1251 263
1  mm 1132 220
1  mm 1068 213
1  mm 1034 213
1  mm 1020 213
2  mm 1017 213 mm 1015 213
2 T 1207833400.933000 mm 1010 219
1  mm 1006 222
0  
0  
0  
0  
0  
0  
0  
0  
0  
0  
0  
0  
0  
0  
1  mb 1 1 1006 222
0  
0  
0  
0  
0  
0  
0  
0  
0  
0  
0  
0  
0  
0  
0  
0  
1  mb 1 0 1006 222
