1210113519 seed, 30 fps, 1920x1080, fullScreen=1, version93_mouseSpeed1.000000_musicOff0_musicLoudness0.000000_webRetrySeconds16 2FF7EFE6CB93DEBA90A2E44446089C94A7BDACB5
3 T 1210113520.300000 mm 454 551 mm 739 504
0  
1  mm 734 504
0  
0  
0  
0  
1  mm 763 503
1  mm 797 503
1  mm 813 508
1  mm 835 535
1  mm 866 574
1  mm 899 601
1  mm 914 609
1  mm 931 610
1  mm 965 603
1  mm 989 585
0  
0  
0  
0  
0  
0  
0  
0  
0  
0  
0  
0  
0  
0  
0  
0  
0  
0  
0  
0  
0  
0  
0  
0  
0  
0  
0  
0  
0  
0  
0  
0  
0  
0  
0  
0  
0  
0  
0  
0  
0  
0  
0  
0  
0  
1  mm 986 585
1  mm 940 570
2 T 1210113524.168000 T 1210113524.173000 
1 T 1210113524.199000 
1 T 1210113524.232000 
1 T 1210113524.266000 
1 T 1210113524.299000 
1 T 1210113524.332000 
1 T 1210113524.365000 
1 T 1210113524.398000 
2 T 1210113524.431000 mm 945 568
2 T 1210113524.464000 mm 990 541
2 T 1210113524.497000 mm 991 540
1 T 1210113524.530000 
1 T 1210113524.563000 
1 T 1210113524.596000 
2 T 1210113524.630000 mm 985 540
2 T 1210113524.662000 mm 981 543
2 T 1210113524.695000 mm 948 567
2 T 1210113524.728000 mm 827 662
2 T 1210113524.761000 mm 665 751
2 T 1210113524.795000 mm 543 799
2 T 1210113524.827000 mm 485 828
2 T 1210113524.860000 mm 454 855
2 T 1210113524.892000 mm 437 872
2 T 1210113524.926000 mm 412 888
2 T 1210113524.960000 mm 400 892
2 T 1210113524.993000 mm 380 907
2 T 1210113525.025000 mm 338 946
2 T 1210113525.058000 mm 328 967
2 T 1210113525.091000 mm 332 981
2 T 1210113525.125000 mm 337 982
2 T 1210113525.157000 mm 343 982
2 T 1210113525.189000 mm 344 982
2 T 1210113525.223000 mb 1 1 344 982
1 T 1210113525.255000 
1 T 1210113525.289000 
2 T 1210113525.321000 mb 1 0 344 982
