1210831671 seed, 30 fps, 1920x1080, fullScreen=1, version96_mouseSpeed1.000000_musicOff0_musicLoudness0.000000_webRetrySeconds16 D7B0694EEF5ECFC8B3CCDCAF722279C3F19F6647
2 T 1210831672.387000 mm 912 510
0  
0  
0  
0  
0  
0  
0  
0  
0  
0  
0  
0  
0  
0  
0  
0  
0  
0  
0  
0  
0  
0  
0  
0  
0  
1  mm 904 519
1  mm 901 523
1  mm 901 526
1  mm 901 537
1  mm 908 562
1  mm 914 577
1  mm 917 590
1  mm 929 643
1  mm 949 695
1  mm 1102 759
0  
0  
0  
0  
0  
0  
0  
0  
0  
0  
0  
0  
0  
0  
0  
0  
0  
1  mm 1105 759
1  mm 1130 759
1  mm 1155 759
1  mm 1165 757
1  mm 1171 754
0  
0  
1  mm 1190 747
0  
0  
0  
0  
3 T 1210831676.296000 T 1210831676.299000 mm 1208 744
1 T 1210831676.329000 
1 T 1210831676.362000 
1 T 1210831676.394000 
1 T 1210831676.428000 
1 T 1210831676.461000 
1 T 1210831676.494000 
1 T 1210831676.527000 
2 T 1210831676.560000 mm 1206 744
1 T 1210831676.593000 
2 T 1210831676.626000 mm 1193 744
2 T 1210831676.659000 mm 1130 740
2 T 1210831676.692000 mm 987 740
2 T 1210831676.726000 mm 807 740
2 T 1210831676.758000 mm 610 768
2 T 1210831676.791000 mm 540 799
2 T 1210831676.826000 mm 494 839
2 T 1210831676.857000 mm 464 868
2 T 1210831676.891000 mm 435 894
2 T 1210831676.924000 mm 427 902
2 T 1210831676.957000 mm 411 912
2 T 1210831676.989000 mm 387 926
2 T 1210831677.022000 mm 381 934
2 T 1210831677.056000 mm 376 945
2 T 1210831677.089000 mm 373 954
1 T 1210831677.122000 
1 T 1210831677.155000 
1 T 1210831677.189000 
1 T 1210831677.220000 
1 T 1210831677.253000 
2 T 1210831677.287000 mb 1 1 373 954
1 T 1210831677.320000 
1 T 1210831677.352000 
1 T 1210831677.386000 
2 T 1210831677.418000 mb 1 0 373 954
