1207827848 seed, 60 fps, 1920x1080, fullScreen=1, version73_mouseSpeed1.000000_musicOff0_musicLoudness1.000000_webRetrySeconds16 39F5D403D9734472EB90545B8404B1BC918AF16B
3 T 1207827849.992000 mm 837 658 mm 834 658
0  
1  mm 877 664
0  
0  
0  
0  
0  
0  
0  
0  
0  
0  
1  mm 875 664
1  mm 871 664
1  mm 868 664
1  mm 863 664
1  mm 861 663
0  
0  
0  
0  
0  
0  
0  
0  
0  
0  
1  mm 862 663
1  mm 863 663
0  
0  
0  
0  
0  
0  
0  
0  
0  
0  
0  
0  
0  
0  
0  
0  
0  
0  
0  
0  
0  
0  
0  
0  
0  
0  
1  mm 861 663
1  mm 859 663
1  mm 857 663
1  mm 856 663
0  
1  mm 855 663
0  
0  
0  
1  mm 854 663
0  
0  
0  
0  
0  
0  
0  
0  
1  mm 853 663
1  mm 852 663
1  mm 850 663
1  mm 849 663
0  
1  mm 848 663
1  mm 846 664
1  mm 832 670
1  mm 831 671
1  mm 829 671
0  
0  
0  
0  
0  
0  
0  
0  
0  
0  
0  
0  
0  
0  
0  
1 T 1207827852.462000 
1  mm 825 671
1  mm 824 671
1  mm 823 671
1  mm 821 671
1  mm 817 673
1  mm 816 673
0  
0  
0  
0  
0  
0  
0  
0  
2 T 1207827853.441000 T 1207827853.444000 
0  
0  
1 T 1207827853.445000 
1 T 1207827853.462000 
1 T 1207827853.479000 
1 T 1207827853.496000 
1 T 1207827853.512000 
1 T 1207827853.529000 
1 T 1207827853.546000 
1 T 1207827853.562000 
1 T 1207827853.579000 
1 T 1207827853.596000 
2 T 1207827853.613000 mm 815 674
2 T 1207827853.647000 mm 814 675
1 T 1207827853.663000 
2 T 1207827853.679000 mm 813 675
2 T 1207827853.696000 mm 809 678
2 T 1207827853.730000 mm 799 683
2 T 1207827853.764000 mm 767 692
2 T 1207827853.779000 mm 743 701
2 T 1207827853.814000 mm 681 720
2 T 1207827853.847000 mm 612 730
2 T 1207827853.879000 mm 560 736
2 T 1207827853.912000 mm 523 736
2 T 1207827853.946000 mm 498 736
2 T 1207827853.979000 mm 476 736
2 T 1207827854.012000 mm 458 734
2 T 1207827854.046000 mm 445 730
2 T 1207827854.079000 mm 437 724
2 T 1207827854.112000 mm 428 724
2 T 1207827854.146000 mm 421 724
2 T 1207827854.179000 mm 412 725
2 T 1207827854.212000 mm 405 729
2 T 1207827854.246000 mm 399 732
2 T 1207827854.279000 mm 395 734
1 T 1207827854.312000 
1 T 1207827854.345000 
1 T 1207827854.379000 
2 T 1207827854.413000 mb 1 1 395 734
1 T 1207827854.445000 
1 T 1207827854.479000 
1 T 1207827854.512000 
2 F 0.000000 mb 1 0 395 734
1 F 0.000000 
3 af 0 af 1 F 0.000000 
1 F 0.000000 
1 F 0.000000 
1 F 0.000000 
1 F 0.000000 
1 F 0.000000 
1 F 0.000000 
1 F 0.000000 
1 F 0.000000 
1 F 0.000000 
2 F 0.000000 mm 426 730
2 F 0.000000 mm 510 705
2 F 0.000000 mm 599 654
2 F 0.000000 mm 700 590
2 F 0.000000 mm 804 538
2 F 0.000000 mm 887 505
2 F 0.000000 mm 936 480
2 F 0.000000 mm 976 458
2 F 0.000000 mm 992 446
2 F 0.000000 mm 998 436
2 F 0.000000 mm 1002 426
2 F 0.000000 mm 1002 410
2 F 0.000000 mm 994 394
2 F 0.000000 mm 983 383
2 F 0.000000 mm 977 376
2 F 0.000000 mm 972 371
2 F 0.000000 mm 970 367
2 F 0.000000 mm 965 358
2 F 0.000000 mm 960 353
2 F 0.000000 mm 959 350
1 F 0.000000 
1 F 0.000000 
2 F 0.000000 mb 1 1 959 350
1 F 0.000000 
1 F 0.000000 
3 F 0.000000 mb 1 0 959 350 mm 957 350
1 F 0.000000 
2 F 0.000000 mm 958 351
2 F 0.000000 mm 960 357
2 F 0.000000 mm 969 365
3 T 1207827855.945000 F 0.000000 mm 985 371
2 F 0.000000 mm 1027 380
2 F 0.000000 mm 1060 391
2 F 0.000000 mm 1084 398
2 F 0.000000 mm 1100 405
2 F 0.000000 mm 1115 412
2 F 0.000000 mm 1127 420
2 F 0.000000 mm 1129 421
1 F 0.000000 
2 F 0.000000 mm 1131 417
2 F 0.000000 mm 1135 406
2 F 0.000000 mm 1137 396
2 F 0.000000 mm 1141 388
2 F 0.000000 mm 1147 373
2 F 0.000000 mm 1154 363
2 F 0.000000 mm 1158 354
2 F 0.000000 mm 1160 352
1 F 0.000000 
1 F 0.000000 
1 F 0.000000 
1 F 0.000000 
1 F 0.000000 
1 F 0.000000 
1 F 0.000000 
1 F 0.000000 
1 F 0.000000 
1 F 0.000000 
1 F 0.000000 
1 F 0.000000 
1 F 0.000000 
1 F 0.000000 
1 F 0.000000 
1 F 0.000000 
1 F 0.000000 
2 F 0.000000 mb 1 1 1160 352
1 F 0.000000 
1 F 0.000000 
1  mb 1 0 1160 352
