1211465051 seed, 30 fps, 1920x1080, fullScreen=1, version30000_mouseSpeed1.000000_musicOff0_musicLoudness0.000000_webRetrySeconds16 B6F8F43F97F7D2FE50F3C1DF1E9C07E120042F41
2 T 1211465053.165000 mm 1625 413
0  
0  
0  
0  
0  
0  
0  
0  
0  
0  
0  
0  
0  
0  
0  
0  
0  
0  
0  
0  
0  
0  
0  
0  
0  
0  
0  
0  
0  
0  
0  
0  
0  
0  
0  
0  
0  
0  
0  
0  
0  
0  
0  
0  
0  
0  
0  
0  
0  
0  
0  
0  
0  
0  
0  
0  
0  
0  
0  
0  
0  
0  
0  
2 T 1211465061.246000 T 1211465061.249000 
1 T 1211465061.278000 
1 T 1211465061.311000 
1 T 1211465061.345000 
1 T 1211465061.377000 
1 T 1211465061.410000 
1 T 1211465061.442000 
1 T 1211465061.494000 
1 T 1211465061.527000 
1 T 1211465061.560000 
1 T 1211465061.593000 
1 T 1211465061.627000 
1 T 1211465061.658000 
1 T 1211465061.692000 
1 T 1211465061.725000 
1 T 1211465061.758000 
1 T 1211465061.791000 
1 T 1211465061.824000 
1 T 1211465061.857000 
1 T 1211465061.890000 
1 T 1211465061.923000 
1 T 1211465061.956000 
1 T 1211465061.988000 
1 T 1211465062.022000 
1 T 1211465062.055000 
1 T 1211465062.088000 
1 T 1211465062.121000 
1 T 1211465062.154000 
1 T 1211465062.187000 
1 T 1211465062.220000 
1 T 1211465062.253000 
1 T 1211465062.285000 
1 T 1211465062.319000 
1 T 1211465062.351000 
0  
2 T 1211465062.418000 R 
0  
0  
0  
0  
0  
0  
0  
0  
1  mm 1625 435
1  mm 1625 444
1  mm 1625 448
1  mm 1622 456
1  mm 1606 495
1  mm 1595 544
1  mm 1590 562
1  mm 1581 574
1  mm 1578 579
0  
1  mb 1 1 1578 579
0  
0  
2 T 1211465063.150000 mb 1 0 1578 579
0  
1 T 1211465063.211000 
1 T 1211465063.242000 
1 T 1211465063.276000 
1 T 1211465063.309000 
1 T 1211465063.343000 
1 T 1211465063.375000 
1 T 1211465063.408000 
2 T 1211465063.442000 mm 1576 581
2 T 1211465063.475000 mm 1607 551
2 T 1211465063.507000 mm 1612 548
1 T 1211465063.539000 
1 T 1211465063.573000 
1 T 1211465063.606000 
1 T 1211465063.638000 
1 T 1211465063.672000 
2 T 1211465063.706000 mm 1612 546
2 T 1211465063.738000 mm 1612 545
2 T 1211465063.772000 mm 1586 543
2 T 1211465063.804000 mm 1543 543
2 T 1211465063.837000 mm 1470 547
2 T 1211465063.870000 mm 1348 566
2 T 1211465063.903000 mm 1251 594
2 T 1211465063.937000 mm 1160 633
2 T 1211465063.968000 mm 1134 655
2 T 1211465064.002000 mm 1130 670
2 T 1211465064.035000 mm 1130 676
1 T 1211465064.068000 
1 T 1211465064.101000 
1 T 1211465064.134000 
8 T 1211465064.167000 xs 0 2 19 534E0A302F3230300A38360A33303030300A23 xs 0 2 0 R R xs 0 0 7 T 1211465064.170000 xs 0 0 169 
3 T 1211465064.200000 xs 0 2 0 R 
3 T 1211465064.233000 xs 0 2 0 R 
3 T 1211465064.267000 xs 0 2 0 R 
4 T 1211465064.301000 xs 0 2 10 41434345505445440A23 xs 0 2 0 R 
5 T 1211465064.333000 xs 0 3 -1 R R T 1211465064.337000 
1 T 1211465064.367000 
1 T 1211465064.399000 
1 T 1211465064.433000 
2 T 1211465064.466000 mm 1120 675
2 T 1211465064.499000 mm 1107 674
2 T 1211465064.532000 mm 1101 673
2 T 1211465064.564000 mm 1066 673
2 T 1211465064.598000 mm 922 701
2 T 1211465064.632000 mm 782 731
2 T 1211465064.663000 mm 648 773
2 T 1211465064.697000 mm 536 814
2 T 1211465064.730000 mm 454 857
2 T 1211465064.764000 mm 433 881
2 T 1211465064.796000 mm 429 892
2 T 1211465064.830000 mm 429 898
2 T 1211465064.863000 mm 420 910
2 T 1211465064.896000 mm 378 944
2 T 1211465064.928000 mm 339 971
2 T 1211465064.963000 mm 324 977
1 T 1211465064.995000 
1 T 1211465065.028000 
2 T 1211465065.061000 mb 1 1 324 977
1 T 1211465065.093000 
1 T 1211465065.127000 
1  mb 1 0 324 977
