1209258155 seed, 30 fps, 1920x1080, fullScreen=1, version84_mouseSpeed1.000000_musicOff0_musicLoudness0.000000_webRetrySeconds16 42465DEE661C4C80A66BFD33B6F8DBB5EF6ACF88
2 T 1209258156.150000 mm 981 353
0  
0  
0  
0  
0  
0  
0  
0  
0  
0  
0  
0  
0  
0  
0  
0  
0  
0  
0  
0  
0  
0  
0  
0  
0  
0  
0  
0  
0  
0  
0  
0  
0  
0  
0  
0  
0  
0  
0  
0  
0  
0  
0  
0  
0  
0  
0  
0  
0  
0  
0  
0  
0  
0  
0  
0  
0  
0  
0  
0  
0  
0  
2 T 1209258159.927000 T 1209258159.930000 
1 T 1209258159.960000 
1 T 1209258159.993000 
1 T 1209258160.027000 
1 T 1209258160.058000 
1 T 1209258160.092000 
1 T 1209258160.125000 
1 T 1209258160.158000 
1 T 1209258160.194000 
1 T 1209258160.228000 
1 T 1209258160.261000 
1 T 1209258160.294000 
1 T 1209258160.327000 
1 T 1209258160.360000 
1 T 1209258160.392000 
1 T 1209258160.426000 
1 T 1209258160.459000 
1 T 1209258160.492000 
1 T 1209258160.524000 
1 T 1209258160.558000 
1 T 1209258160.590000 
1 T 1209258160.624000 
1 T 1209258160.657000 
2 T 1209258160.691000 mm 1048 359
2 T 1209258160.724000 mm 1169 376
2 T 1209258160.756000 mm 1222 384
2 T 1209258160.789000 mm 1233 386
1 T 1209258160.822000 
2 T 1209258160.854000 mm 1235 387
2 T 1209258160.887000 mm 1241 387
2 T 1209258160.921000 mm 1244 390
2 T 1209258160.954000 mm 1259 393
2 T 1209258160.987000 mm 1260 394
1 T 1209258161.020000 
1 T 1209258161.052000 
0  
1 T 1209258161.119000 
0  
0  
1  mm 1260 395
0  
0  
0  
1  mm 1263 396
1  mm 1285 397
1  mm 1313 400
1  mm 1355 408
1  mm 1401 419
1  mm 1432 431
1  mm 1444 436
1  mm 1460 449
1  mm 1480 472
1  mm 1496 491
1  mm 1502 498
1  mm 1511 509
1  mm 1522 521
1  mm 1525 524
0  
0  
0  
0  
0  
0  
1  mm 1534 530
1  mm 1537 534
1  mm 1538 535
0  
0  
0  
0  
0  
0  
0  
0  
0  
0  
0  
0  
0  
0  
0  
0  
0  
0  
0  
1  mm 1514 541
1  mm 1478 544
1  mm 1448 544
1  mm 1419 544
1  mm 1404 545
0  
0  
0  
1  mm 1402 545
1  mm 1371 545
1  mm 1335 545
1  mm 1325 545
0  
0  
0  
0  
0  
0  
0  
0  
1  mb 1 1 1325 545
0  
0  
1  mb 1 0 1325 545
0  
1  mm 1296 538
1  mm 1239 513
1  mm 1199 490
1  mm 1165 468
1  mm 1142 439
1  mm 1123 416
1  mm 1118 411
1  mm 1117 410
1  mm 1117 408
1  mm 1115 402
1  mm 1112 391
1  mm 1107 382
1  mm 1106 377
1  mm 1105 375
1  mm 1105 373
1  mb 1 1 1105 373
0  
0  
0  
1  mb 1 0 1105 373
0  
0  
1  mm 1109 372
1  mm 1154 372
1  mm 1226 372
1  mm 1267 372
2 T 1209258164.418000 mm 1279 374
1  mm 1314 385
1  mm 1371 406
1  mm 1420 422
1  mm 1451 434
1  mm 1484 455
1  mm 1509 470
1  mm 1528 482
1  mm 1545 493
1  mm 1559 503
1  mm 1565 509
1  mm 1569 512
1  mm 1569 516
1  mm 1569 533
1  mm 1566 549
1  mm 1566 550
0  
0  
0  
0  
0  
0  
0  
0  
0  
0  
0  
0  
0  
0  
0  
0  
0  
0  
0  
0  
0  
0  
0  
0  
0  
0  
0  
0  
0  
0  
0  
0  
0  
1  mm 1558 548
1  mm 1445 486
1  mm 1393 451
1  mm 1361 427
1  mm 1329 404
1  mm 1284 381
1  mm 1275 377
0  
0  
1  mm 1288 370
1  mm 1293 366
1  mm 1296 363
0  
1  mm 1296 362
1  mm 1302 354
1  mm 1305 352
1  mb 1 1 1305 352
0  
0  
0  
1  mb 1 0 1305 352
0  
0  
0  
0  
0  
0  
0  
0  
0  
0  
0  
0  
0  
0  
0  
2  kd 103 1305 352 kd 102 1305 352
1  kd 110 1305 352
0  
2  ku 110 1305 352 ku 102 1305 352
1  ku 103 1305 352
0  
0  
1  kd 103 1305 352
0  
1  ku 103 1305 352
0  
0  
0  
0  
0  
1 T 1209258167.719000 
0  
0  
0  
0  
0  
0  
0  
0  
0  
0  
0  
0  
0  
0  
0  
0  
0  
0  
0  
0  
0  
0  
0  
0  
0  
1  mm 1325 366
1  mm 1363 393
1  mm 1392 413
1  mm 1409 426
1  mm 1437 454
1  mm 1468 488
1  mm 1490 510
1  mm 1510 525
1  mm 1532 538
1  mm 1536 542
0  
0  
0  
1  mb 1 1 1536 542
0  
0  
0  
2 T 1209258169.142000 mb 1 0 1536 542
0  
1 T 1209258169.204000 
1 T 1209258169.237000 
1 T 1209258169.270000 
1 T 1209258169.303000 
1 T 1209258169.336000 
1 T 1209258169.368000 
1 T 1209258169.402000 
1 T 1209258169.435000 
1 T 1209258169.467000 
1 T 1209258169.501000 
1 T 1209258169.534000 
1 T 1209258169.566000 
1 T 1209258169.599000 
1 T 1209258169.632000 
1 T 1209258169.666000 
1 T 1209258169.699000 
1 T 1209258169.732000 
1 T 1209258169.765000 
1 T 1209258169.797000 
1 T 1209258169.830000 
1 T 1209258169.863000 
1 T 1209258169.896000 
1 T 1209258169.930000 
1 T 1209258169.963000 
1 T 1209258169.996000 
1 T 1209258170.028000 
1 T 1209258170.061000 
1 T 1209258170.094000 
1 T 1209258170.128000 
4 T 1209258170.161000 xs 0 2 0 xs 0 0 0 T 1209258170.163000 
1 T 1209258170.194000 
1 T 1209258170.227000 
1 T 1209258170.260000 
1 T 1209258170.293000 
1 T 1209258170.326000 
1 T 1209258170.360000 
1 T 1209258170.392000 
1 T 1209258170.425000 
1 T 1209258170.457000 
1 T 1209258170.491000 
1 T 1209258170.524000 
1 T 1209258170.557000 
2 T 1209258170.591000 mm 1445 566
2 T 1209258170.623000 mm 1262 604
2 T 1209258170.656000 mm 1077 665
2 T 1209258170.689000 mm 954 724
2 T 1209258170.723000 mm 808 805
2 T 1209258170.755000 mm 714 865
2 T 1209258170.789000 mm 633 906
2 T 1209258170.823000 mm 598 926
2 T 1209258170.855000 mm 581 937
2 T 1209258170.887000 mm 569 943
2 T 1209258170.920000 mm 550 950
2 T 1209258170.953000 mm 525 955
2 T 1209258170.986000 mm 512 959
3 T 1209258171.018000 T 1209258171.019000 mm 500 960
2 T 1209258171.053000 mm 488 960
2 T 1209258171.085000 mm 469 960
2 T 1209258171.117000 mm 444 960
2 T 1209258171.151000 mm 423 962
2 T 1209258171.185000 mm 416 963
2 T 1209258171.217000 mm 415 963
1 T 1209258171.250000 
1 T 1209258171.283000 
0  
0  
0  
0  
0  
0  
0  
0  
0  
0  
0  
0  
0  
0  
0  
0  
1  mm 434 950
1  mm 490 890
1  mm 613 782
1  mm 675 725
1  mm 703 691
1  mm 713 675
1  mm 721 661
1  mm 732 644
1  mm 740 633
1  mm 741 629
1  mm 747 621
1  mm 754 611
1  mm 764 596
1  mm 777 577
1  mm 788 563
1  mm 803 548
1  mm 813 535
1  mm 819 529
0  
0  
0  
1  mb 1 1 819 529
0  
0  
0  
0  
0  
1  mb 1 0 819 529
0  
0  
0  
0  
0  
0  
0  
0  
0  
0  
0  
0  
0  
0  
0  
0  
0  
0  
0  
0  
0  
0  
0  
0  
0  
0  
0  
0  
0  
0  
0  
0  
0  
0  
0  
0  
0  
0  
0  
0  
0  
1  kd 8 819 529
0  
0  
1  ku 8 819 529
0  
1  kd 8 819 529
1 T 1209258174.318000 
0  
1  ku 8 819 529
0  
1  kd 8 819 529
0  
0  
1  ku 8 819 529
0  
1  kd 8 819 529
0  
1  ku 8 819 529
0  
1  kd 8 819 529
0  
0  
1  ku 8 819 529
1  kd 8 819 529
0  
0  
1  ku 8 819 529
0  
1  kd 8 819 529
0  
0  
0  
1  ku 8 819 529
0  
0  
0  
0  
0  
0  
0  
0  
0  
0  
1  kd 116 819 529
0  
0  
1  kd 101 819 529
0  
1  ku 116 819 529
1  ku 101 819 529
0  
0  
1  kd 115 819 529
0  
0  
0  
1  ku 115 819 529
1  kd 116 819 529
0  
0  
0  
1  ku 116 819 529
0  
0  
0  
0  
0  
0  
0  
0  
0  
0  
0  
0  
0  
0  
0  
0  
0  
0  
1  kd 112 819 529
0  
0  
0  
1  kd 97 819 529
1  ku 112 819 529
0  
0  
1  ku 97 819 529
0  
0  
0  
0  
1  kd 115 819 529
0  
0  
1  ku 115 819 529
0  
0  
0  
0  
1  kd 115 819 529
0  
0  
1  ku 115 819 529
0  
1 T 1209258177.619000 
0  
0  
0  
0  
0  
0  
0  
0  
0  
0  
0  
0  
0  
0  
1  kd 119 819 529
0  
0  
0  
1  ku 119 819 529
0  
0  
0  
1  kd 111 819 529
0  
0  
0  
0  
1  ku 111 819 529
1  kd 114 819 529
0  
0  
0  
1  ku 114 819 529
0  
0  
1  kd 100 819 529
0  
0  
0  
1  ku 100 819 529
0  
0  
0  
0  
0  
0  
0  
0  
0  
0  
0  
0  
2 T 1209258179.370000 kd 13 819 529
0  
1 T 1209258179.434000 
2 T 1209258179.467000 ku 13 819 529
1 T 1209258179.500000 
1 T 1209258179.532000 
1 T 1209258179.566000 
1 T 1209258179.599000 
1 T 1209258179.631000 
1 T 1209258179.665000 
1 T 1209258179.697000 
1 T 1209258179.731000 
1 T 1209258179.763000 
1 T 1209258179.797000 
1 T 1209258179.829000 
1 T 1209258179.862000 
1 T 1209258179.895000 
1 T 1209258179.929000 
1 T 1209258179.961000 
1 T 1209258179.995000 
1 T 1209258180.028000 
1 T 1209258180.061000 
1 T 1209258180.094000 
1 T 1209258180.126000 
1 T 1209258180.160000 
1 T 1209258180.193000 
1 T 1209258180.226000 
1 T 1209258180.258000 
1 T 1209258180.291000 
1 T 1209258180.325000 
1 T 1209258180.358000 
2 T 1209258180.390000 xs 1 2 0 
2 T 1209258180.423000 xs 1 2 0 
2 T 1209258180.457000 xs 1 2 0 
2 T 1209258180.490000 xs 1 2 0 
2 T 1209258180.523000 xs 1 2 0 
2 T 1209258180.555000 xs 1 2 0 
2 T 1209258180.588000 xs 1 2 0 
2 T 1209258180.621000 xs 1 2 0 
3 T 1209258180.654000 xs 1 2 0 mm 836 530
3 T 1209258180.689000 xs 1 2 0 mm 867 531
3 T 1209258180.721000 xs 1 2 0 mm 899 519
2 T 1209258180.754000 xs 1 2 0 
2 T 1209258180.787000 xs 1 2 0 
2 T 1209258180.819000 xs 1 2 0 
3 T 1209258180.852000 xs 1 2 0 mm 899 517
2 T 1209258180.885000 xs 1 2 0 
2 T 1209258180.918000 xs 1 2 0 
2 T 1209258180.951000 xs 1 2 0 
2 T 1209258180.985000 xs 1 2 0 
2 T 1209258181.017000 xs 1 2 0 
2 T 1209258181.051000 xs 1 2 0 
2 T 1209258181.083000 xs 1 2 0 
2 T 1209258181.116000 xs 1 2 0 
2 T 1209258181.150000 xs 1 2 0 
2 T 1209258181.182000 xs 1 2 0 
2 T 1209258181.216000 xs 1 2 0 
2 T 1209258181.248000 xs 1 2 0 
2 T 1209258181.282000 xs 1 2 0 
2 T 1209258181.315000 xs 1 2 0 
2 T 1209258181.348000 xs 1 2 0 
2 T 1209258181.380000 xs 1 2 0 
2 T 1209258181.414000 xs 1 2 0 
2 T 1209258181.446000 xs 1 2 0 
2 T 1209258181.480000 xs 1 2 0 
2 T 1209258181.513000 xs 1 2 0 
2 T 1209258181.545000 xs 1 2 0 
2 T 1209258181.579000 xs 1 2 0 
2 T 1209258181.611000 xs 1 2 0 
2 T 1209258181.645000 xs 1 2 0 
2 T 1209258181.678000 xs 1 2 0 
2 T 1209258181.710000 xs 1 2 0 
2 T 1209258181.744000 xs 1 2 0 
2 T 1209258181.776000 xs 1 2 0 
2 T 1209258181.810000 xs 1 2 0 
2 T 1209258181.843000 xs 1 2 0 
2 T 1209258181.875000 xs 1 2 0 
2 T 1209258181.909000 xs 1 2 0 
2 T 1209258181.941000 xs 1 2 0 
2 T 1209258181.975000 xs 1 2 0 
3 T 1209258182.007000 xs 1 2 0 mm 914 519
3 T 1209258182.041000 xs 1 2 0 mm 954 520
3 T 1209258182.074000 xs 1 2 0 mm 1006 515
2 T 1209258182.106000 xs 1 2 0 
2 T 1209258182.140000 xs 1 2 0 
2 T 1209258182.172000 xs 1 2 0 
2 T 1209258182.206000 xs 1 2 0 
2 T 1209258182.239000 xs 1 2 0 
3 T 1209258182.271000 xs 1 2 0 mm 1004 515
2 T 1209258182.305000 xs 1 2 0 
2 T 1209258182.337000 xs 1 2 0 
2 T 1209258182.371000 xs 1 2 0 
2 T 1209258182.404000 xs 1 2 0 
2 T 1209258182.436000 xs 1 2 0 
2 T 1209258182.470000 xs 1 2 0 
2 T 1209258182.502000 xs 1 2 0 
2 T 1209258182.536000 xs 1 2 0 
2 T 1209258182.569000 xs 1 2 0 
2 T 1209258182.601000 xs 1 2 0 
2 T 1209258182.634000 xs 1 2 0 
2 T 1209258182.668000 xs 1 2 0 
2 T 1209258182.700000 xs 1 2 0 
2 T 1209258182.734000 xs 1 2 0 
2 T 1209258182.766000 xs 1 2 0 
2 T 1209258182.800000 xs 1 2 0 
2 T 1209258182.833000 xs 1 2 0 
2 T 1209258182.865000 xs 1 2 0 
2 T 1209258182.899000 xs 1 2 0 
2 T 1209258182.931000 xs 1 2 0 
2 T 1209258182.965000 xs 1 2 0 
2 T 1209258182.998000 xs 1 2 0 
2 T 1209258183.030000 xs 1 2 0 
2 T 1209258183.064000 xs 1 2 0 
2 T 1209258183.096000 xs 1 2 0 
2 T 1209258183.130000 xs 1 2 0 
2 T 1209258183.163000 xs 1 2 0 
2 T 1209258183.195000 xs 1 2 0 
2 T 1209258183.229000 xs 1 2 0 
2 T 1209258183.261000 xs 1 2 0 
2 T 1209258183.295000 xs 1 2 0 
2 T 1209258183.328000 xs 1 2 0 
2 T 1209258183.361000 xs 1 2 0 
2 T 1209258183.393000 xs 1 2 0 
2 T 1209258183.427000 xs 1 2 0 
2 T 1209258183.460000 xs 1 2 0 
2 T 1209258183.492000 xs 1 2 0 
2 T 1209258183.526000 xs 1 2 0 
2 T 1209258183.558000 xs 1 2 0 
2 T 1209258183.592000 xs 1 2 0 
2 T 1209258183.625000 xs 1 2 0 
2 T 1209258183.657000 xs 1 2 0 
2 T 1209258183.691000 xs 1 2 0 
2 T 1209258183.723000 xs 1 2 0 
2 T 1209258183.757000 xs 1 2 0 
2 T 1209258183.789000 xs 1 2 0 
2 T 1209258183.823000 xs 1 2 0 
2 T 1209258183.856000 xs 1 2 0 
2 T 1209258183.889000 xs 1 2 0 
2 T 1209258183.921000 xs 1 2 0 
2 T 1209258183.955000 xs 1 2 0 
2 T 1209258183.987000 xs 1 2 0 
2 T 1209258184.021000 xs 1 2 0 
2 T 1209258184.054000 xs 1 2 0 
2 T 1209258184.086000 xs 1 2 0 
2 T 1209258184.120000 xs 1 2 0 
2 T 1209258184.152000 xs 1 2 0 
2 T 1209258184.186000 xs 1 2 0 
2 T 1209258184.219000 xs 1 2 0 
2 T 1209258184.251000 xs 1 2 0 
2 T 1209258184.285000 xs 1 2 0 
2 T 1209258184.317000 xs 1 2 0 
2 T 1209258184.351000 xs 1 2 0 
2 T 1209258184.383000 xs 1 2 0 
2 T 1209258184.417000 xs 1 2 0 
2 T 1209258184.449000 xs 1 2 0 
2 T 1209258184.483000 xs 1 2 0 
2 T 1209258184.515000 xs 1 2 0 
2 T 1209258184.549000 xs 1 2 0 
2 T 1209258184.582000 xs 1 2 0 
2 T 1209258184.614000 xs 1 2 0 
2 T 1209258184.648000 xs 1 2 0 
2 T 1209258184.680000 xs 1 2 0 
2 T 1209258184.713000 xs 1 2 0 
2 T 1209258184.747000 xs 1 2 0 
2 T 1209258184.779000 xs 1 2 0 
2 T 1209258184.813000 xs 1 2 0 
2 T 1209258184.846000 xs 1 2 0 
2 T 1209258184.878000 xs 1 2 0 
2 T 1209258184.912000 xs 1 2 0 
2 T 1209258184.944000 xs 1 2 0 
2 T 1209258184.977000 xs 1 2 0 
2 T 1209258185.010000 xs 1 2 0 
2 T 1209258185.044000 xs 1 2 0 
2 T 1209258185.077000 xs 1 2 0 
2 T 1209258185.110000 xs 1 2 0 
2 T 1209258185.143000 xs 1 2 0 
4 T 1209258185.176000 xs 1 2 0 xs 1 0 0 T 1209258185.178000 
1 T 1209258185.209000 
1 T 1209258185.242000 
1 T 1209258185.275000 
1 T 1209258185.307000 
1 T 1209258185.340000 
1 T 1209258185.374000 
1 T 1209258185.406000 
1 T 1209258185.440000 
1 T 1209258185.474000 
1 T 1209258185.506000 
1 T 1209258185.539000 
1 T 1209258185.572000 
1 T 1209258185.605000 
1 T 1209258185.637000 
1 T 1209258185.670000 
1 T 1209258185.703000 
1 T 1209258185.737000 
1 T 1209258185.770000 
1 T 1209258185.803000 
1 T 1209258185.836000 
1 T 1209258185.869000 
2 T 1209258185.902000 mm 932 552
2 T 1209258185.935000 mm 791 622
2 T 1209258185.968000 mm 668 703
2 T 1209258186.003000 mm 623 748
2 T 1209258186.034000 mm 593 796
2 T 1209258186.067000 mm 567 831
2 T 1209258186.100000 mm 547 853
2 T 1209258186.133000 mm 526 874
2 T 1209258186.166000 mm 497 901
2 T 1209258186.199000 mm 451 928
2 T 1209258186.232000 mm 423 943
2 T 1209258186.264000 mm 402 952
2 T 1209258186.299000 mm 390 957
1  mm 385 961
0  
0  
1  mb 1 1 385 961
0  
0  
1  mb 1 0 385 961
