1208079418 seed, 30 fps, 1920x1080, fullScreen=1, version73_mouseSpeed1.000000_musicOff0_musicLoudness1.000000_webRetrySeconds16 39F5D403D9734472EB90545B8404B1BC918AF16B
3 T 1208079419.841000 mm 960 540 mm 1221 526
1  mm 1274 529
1  mm 1609 591
1  mm 1598 585
1  mm 1588 580
1  mm 1573 573
1  mm 1550 561
1  mm 1529 551
1  mm 1504 548
1  mm 1483 543
1  mm 1474 541
0  
0  
0  
0  
0  
0  
0  
0  
0  
0  
0  
0  
0  
0  
0  
0  
0  
0  
0  
0  
0  
0  
0  
0  
0  
1  mm 1474 540
0  
0  
0  
0  
0  
1  mm 1474 539
0  
1  mm 1469 539
0  
1  mm 1468 539
0  
0  
0  
0  
0  
0  
0  
0  
0  
0  
1  mm 1466 539
1  mm 1457 548
1  mm 1453 556
1  mm 1450 574
1  mm 1447 619
1  mm 1465 680
1  mm 1488 715
3 T 1208079423.340000 T 1208079423.343000 mm 1523 729
1 T 1208079423.373000 
2 T 1208079423.405000 mm 1522 728
2 T 1208079423.439000 mm 1522 725
1 T 1208079423.471000 
2 T 1208079423.505000 mm 1521 724
2 T 1208079423.537000 mm 1519 724
2 T 1208079423.570000 mm 1518 724
1 T 1208079423.603000 
2 T 1208079423.636000 mm 1514 724
2 T 1208079423.669000 mm 1486 755
2 T 1208079423.702000 mm 1473 808
2 T 1208079423.735000 mm 1477 842
2 T 1208079423.768000 mm 1486 860
2 T 1208079423.801000 mm 1490 876
2 T 1208079423.834000 mm 1493 891
2 T 1208079423.867000 mm 1494 906
2 T 1208079423.900000 mm 1495 922
2 T 1208079423.933000 mm 1495 936
2 T 1208079423.966000 mm 1495 951
2 T 1208079423.999000 mm 1495 959
2 T 1208079424.032000 mm 1495 962
1 T 1208079424.065000 
1 T 1208079424.098000 
1 T 1208079424.132000 
1 T 1208079424.164000 
2 T 1208079424.197000 mb 1 1 1495 962
1 T 1208079424.231000 
1 T 1208079424.264000 
2 t 1208079424 mb 1 0 1495 962
1 wb 0 0 
1 wb 0 0 
1 wb 0 0 
1 wb 0 0 
1 wb 0 0 
2 T 1208079424.494000 wb 0 0 
1 wb 0 0 
1 wb 0 0 
1 wb 0 0 
1 wb 0 0 
1 wb 0 0 
1 wb 0 0 
1 wb 0 0 
1 wb 0 0 
2 wb 0 0 mm 1492 963
2 wb 0 0 mm 1482 955
2 wb 0 0 mm 1477 952
2 wb 0 0 mm 1475 951
5 wb 0 1 wb 0 2 87 server2.onehouronelife.com
8005
73
http://onehouronelife.com/updateServer/server.php
OK wb 0 2 87 server2.onehouronelife.com
8005
73
http://onehouronelife.com/updateServer/server.php
OK T 1208079424.929000 mm 1471 948
1  mm 1466 940
2 T 1208079425.140000 mm 1380 818
2 T 1208079425.174000 mm 1377 815
2 T 1208079425.207000 mm 1377 807
2 T 1208079425.240000 mm 1379 777
2 T 1208079425.272000 mm 1385 760
2 T 1208079425.305000 mm 1395 751
2 T 1208079425.340000 mm 1407 745
2 T 1208079425.373000 mm 1415 741
1 T 1208079425.405000 
1 T 1208079425.437000 
1 T 1208079425.471000 
1 T 1208079425.504000 
1 T 1208079425.538000 
2 T 1208079425.571000 mm 1415 740
1 T 1208079425.604000 
1 T 1208079425.636000 
1 T 1208079425.670000 
2 T 1208079425.703000 mm 1415 739
2 T 1208079425.736000 mm 1413 736
1 T 1208079425.769000 
1 T 1208079425.802000 
1 T 1208079425.834000 
1 T 1208079425.868000 
1 T 1208079425.901000 
4 T 1208079425.934000 xs 0 2 21 534E0A32312F34300A313131333830370A37330A23 xs 0 2 0 xs 0 0 169 
2 T 1208079425.967000 xs 0 2 0 
2 T 1208079425.999000 xs 0 2 0 
2 T 1208079426.033000 xs 0 2 0 
2 T 1208079426.066000 xs 0 2 0 
2 T 1208079426.098000 xs 0 2 0 
2 T 1208079426.132000 xs 0 2 0 
2 T 1208079426.164000 xs 0 2 0 
2 T 1208079426.198000 xs 0 2 0 
2 T 1208079426.231000 xs 0 2 0 
2 T 1208079426.264000 xs 0 2 0 
5 T 1208079426.297000 xs 0 2 10 52454A45435445440A23 xs 0 3 -1 T 1208079426.298000 T 1208079426.300000 
1 T 1208079426.330000 
1 T 1208079426.363000 
1 T 1208079426.396000 
1 T 1208079426.429000 
1 T 1208079426.463000 
1 T 1208079426.496000 
1 T 1208079426.529000 
1 T 1208079426.561000 
1 T 1208079426.595000 
1 T 1208079426.627000 
1 T 1208079426.661000 
1 T 1208079426.693000 
1 T 1208079426.726000 
2 T 1208079426.759000 mm 1429 721
2 T 1208079426.791000 mm 1440 702
2 T 1208079426.826000 mm 1454 670
2 T 1208079426.859000 mm 1456 652
2 T 1208079426.892000 mm 1457 639
2 T 1208079426.925000 mm 1457 625
2 T 1208079426.958000 mm 1457 610
2 T 1208079426.991000 mm 1457 603
2 T 1208079427.024000 mm 1459 594
2 T 1208079427.057000 mm 1466 586
2 T 1208079427.090000 mm 1477 573
2 T 1208079427.123000 mm 1489 562
2 T 1208079427.156000 mm 1495 555
2 T 1208079427.189000 mm 1497 552
1 T 1208079427.221000 
2 T 1208079427.255000 mb 1 1 1497 552
1 T 1208079427.288000 
1 T 1208079427.319000 
1 T 1208079427.353000 
1 T 1208079427.386000 
2 T 1208079427.419000 mb 1 0 1497 552
0  
0  
0  
1  mb 1 1 1497 552
0  
0  
2 t 1208079427 mb 1 0 1497 552
1 wb 1 0 
1 wb 1 0 
1 wb 1 0 
2 wb 1 0 mb 1 1 1497 552
1 wb 1 0 
2 wb 1 0 mb 1 0 1497 552
1 wb 1 0 
1 wb 1 0 
2 T 1208079427.947000 wb 1 0 
1 wb 1 0 
2 wb 1 0 t 1208079428 
1 wb 1 0 
1 wb 1 0 
1 wb 1 0 
1 wb 1 0 
4 wb 1 1 wb 1 2 87 server1.onehouronelife.com
8005
73
http://onehouronelife.com/updateServer/server.php
OK wb 1 2 87 server1.onehouronelife.com
8005
73
http://onehouronelife.com/updateServer/server.php
OK T 1208079428.179000 
0  
1 T 1208079428.254000 
1 T 1208079428.287000 
1 T 1208079428.321000 
1 T 1208079428.354000 
1 T 1208079428.388000 
1 T 1208079428.420000 
1 T 1208079428.453000 
1 T 1208079428.485000 
1 T 1208079428.518000 
1 T 1208079428.551000 
1 T 1208079428.585000 
1 T 1208079428.618000 
1 T 1208079428.651000 
1 T 1208079428.684000 
1 T 1208079428.716000 
1 T 1208079428.749000 
1 T 1208079428.783000 
1 T 1208079428.816000 
1 T 1208079428.849000 
1 T 1208079428.882000 
1 T 1208079428.914000 
1 T 1208079428.947000 
1 T 1208079428.980000 
1 T 1208079429.014000 
1 T 1208079429.046000 
1 T 1208079429.080000 
1 T 1208079429.113000 
1 T 1208079429.145000 
4 T 1208079429.179000 xs 1 2 21 534E0A33392F34300A313237333536390A37330A23 xs 1 2 0 xs 1 0 169 
2 T 1208079429.211000 xs 1 2 0 
2 T 1208079429.245000 xs 1 2 0 
2 T 1208079429.278000 xs 1 2 0 
2 T 1208079429.310000 xs 1 2 0 
2 T 1208079429.344000 xs 1 2 0 
2 T 1208079429.376000 xs 1 2 0 
4 T 1208079429.410000 xs 1 2 10 52454A45435445440A23 xs 1 3 -1 T 1208079429.411000 
1 T 1208079429.443000 
1 T 1208079429.475000 
1 T 1208079429.510000 
1 T 1208079429.541000 
1 T 1208079429.574000 
1 T 1208079429.607000 
1 T 1208079429.640000 
1 T 1208079429.673000 
1 T 1208079429.706000 
1 T 1208079429.740000 
1 T 1208079429.773000 
2 T 1208079429.805000 mm 1449 559
2 T 1208079429.838000 mm 1308 581
2 T 1208079429.872000 mm 1175 598
2 T 1208079429.905000 mm 1018 626
2 T 1208079429.938000 mm 884 657
2 T 1208079429.971000 mm 810 666
2 T 1208079430.003000 mm 750 674
2 T 1208079430.036000 mm 685 680
2 T 1208079430.070000 mm 626 683
2 T 1208079430.103000 mm 589 684
2 T 1208079430.137000 mm 555 689
2 T 1208079430.169000 mm 530 693
2 T 1208079430.202000 mm 521 695
2 T 1208079430.235000 mm 520 697
2 T 1208079430.268000 mm 512 698
2 T 1208079430.302000 mm 498 701
2 T 1208079430.335000 mm 491 702
2 T 1208079430.367000 mm 486 705
2 T 1208079430.400000 mm 473 710
2 T 1208079430.435000 mm 465 713
2 T 1208079430.467000 mm 463 714
2 T 1208079430.500000 mm 460 715
2 T 1208079430.532000 mm 456 719
0  
0  
0  
0  
0  
0  
0  
0  
0  
0  
0  
0  
0  
0  
0  
0  
0  
0  
0  
0  
0  
1 T 1208079431.258000 
0  
0  
0  
0  
1  mm 523 719
1  mm 660 721
1  mm 922 748
1  mm 1208 798
1  mm 1421 828
1  mm 1511 850
1  mm 1535 861
1  mm 1542 865
1  mm 1546 871
1  mm 1549 882
1  mm 1549 890
1  mm 1549 899
1  mm 1504 921
1  mm 1415 932
1  mm 1164 932
1  mm 840 910
1  mm 568 886
1  mm 463 886
1  mm 423 897
1  mm 384 913
1  mm 351 921
1  mm 338 926
1  mm 338 931
1  mm 340 945
1  mm 345 956
1  mm 347 959
0  
0  
0  
0  
1  mb 1 1 347 959
0  
0  
0  
0  
1  mb 1 0 347 959
