1208602854 seed, 30 fps, 1920x1080, fullScreen=1, version77_mouseSpeed1.000000_musicOff0_musicLoudness1.000000_webRetrySeconds16 A8E911AAD8A71F20E335AC9B5460F7FDD709DC70
3 T 1208602855.011000 mm 351 720 mm 497 736
1  mm 509 736
1  mm 799 717
1  mm 797 717
0  
0  
0  
0  
0  
0  
0  
0  
0  
0  
0  
0  
0  
0  
0  
0  
0  
0  
0  
0  
0  
0  
0  
0  
0  
1  mm 794 717
1  mm 793 717
1  mm 778 717
1  mm 753 717
1  mm 698 717
1  mm 631 715
1  mm 258 822
1  mm 248 829
1  mm 239 842
1  mm 232 855
1  mm 227 863
1  mm 223 871
1  mm 219 880
1  mm 218 883
1  mm 218 885
1  mm 218 886
1  mm 218 890
1  mm 229 900
1  mm 258 907
1  mm 288 907
0  
0  
0  
0  
0  
0  
0  
0  
0  
0  
0  
0  
0  
0  
1  mm 273 919
3 T 1208602858.642000 T 1208602858.645000 mm 274 963
2 T 1208602858.674000 mm 260 950
2 T 1208602858.708000 mm 250 944
2 T 1208602858.741000 mm 245 943
2 T 1208602858.773000 mm 238 942
2 T 1208602858.807000 mm 221 940
2 T 1208602858.840000 mm 206 937
2 T 1208602858.873000 mm 194 935
2 T 1208602858.907000 mm 188 935
2 T 1208602858.938000 mm 187 935
2 T 1208602858.971000 mm 185 932
2 T 1208602859.006000 mm 181 930
2 T 1208602859.039000 mm 181 929
2 T 1208602859.071000 mm 192 923
2 T 1208602859.105000 mm 200 922
2 T 1208602859.138000 mm 223 935
2 T 1208602859.171000 mm 259 959
2 T 1208602859.204000 mm 305 986
2 T 1208602859.237000 mm 331 996
1 T 1208602859.269000 
1 T 1208602859.301000 
2 T 1208602859.335000 mm 342 977
2 T 1208602859.369000 mm 352 964
2 T 1208602859.401000 mb 1 1 352 964
1 T 1208602859.434000 
1 T 1208602859.467000 
1 T 1208602859.500000 
1  mb 1 0 352 964
