1208680706 seed, 30 fps, 1920x1080, fullScreen=1, version77_mouseSpeed1.000000_musicOff0_musicLoudness0.000000_webRetrySeconds16 AC3FA92D6A3A6045CC4C6D7FDB0D33AD259EF562
2 T 1208680707.401000 mm 468 676
0  
0  
0  
0  
0  
0  
0  
0  
0  
0  
0  
0  
0  
0  
0  
0  
0  
0  
0  
0  
0  
0  
0  
0  
0  
0  
0  
0  
0  
0  
0  
0  
0  
0  
0  
0  
0  
0  
0  
0  
0  
0  
0  
0  
0  
1  mm 470 676
1  mm 515 667
1  mm 589 660
1  mm 632 659
1  mm 666 658
1  mm 727 658
1  mm 829 659
1  mm 958 667
1  mm 1146 674
1  mm 1384 684
1  mm 1479 693
1  mm 1518 696
1  mm 1521 696
1  mm 1523 697
1  mm 1523 698
0  
0  
0  
3 T 1208680711.408000 T 1208680711.411000 mm 1523 702
2 T 1208680711.439000 mm 1521 711
2 T 1208680711.474000 mm 1561 748
2 T 1208680711.506000 mm 1790 824
2 T 1208680711.540000 mm 1919 868
1 T 1208680711.571000 
1 T 1208680711.604000 
1 T 1208680711.638000 
1 T 1208680711.670000 
2 T 1208680711.704000 mm 1919 879
2 T 1208680711.736000 mm 1919 896
2 T 1208680711.770000 mm 1919 917
2 T 1208680711.803000 mm 1919 965
2 T 1208680711.835000 mm 1919 1028
2 T 1208680711.869000 mm 1919 1066
2 T 1208680711.902000 mm 1919 1069
1 T 1208680711.934000 
2 T 1208680711.968000 mm 1919 1067
1 T 1208680712.000000 
2 T 1208680712.033000 mm 1919 1066
1 T 1208680712.066000 
1 T 1208680712.100000 
1 T 1208680712.133000 
1 T 1208680712.165000 
1 T 1208680712.199000 
1 T 1208680712.231000 
1 T 1208680712.265000 
1 T 1208680712.298000 
1 T 1208680712.331000 
2 T 1208680712.364000 mm 1821 1023
2 T 1208680712.398000 mm 1615 984
2 T 1208680712.430000 mm 1482 967
2 T 1208680712.463000 mm 1469 967
1 T 1208680712.495000 
1 T 1208680712.528000 
1 T 1208680712.562000 
0  
0  
0  
0  
0  
0  
0  
0  
0  
1  mm 1475 968
1  mm 1479 969
0  
0  
0  
0  
0  
0  
0  
1  mm 1479 970
0  
0  
0  
0  
0  
0  
0  
0  
0  
0  
0  
0  
0  
0  
0  
0  
0  
0  
0  
0  
0  
0  
0  
0  
0  
0  
0  
0  
0  
0  
0  
0  
0  
0  
0  
0  
0  
0  
0  
0  
0  
0  
0  
0  
0  
0  
0  
0  
0  
0  
0  
0  
0  
0  
0  
0  
0  
0  
0  
0  
0  
0  
0  
0  
0  
0  
0  
0  
0  
0  
0  
0  
0  
0  
0  
0  
0  
0  
0  
0  
1 T 1208680715.991000 
0  
0  
0  
0  
0  
0  
0  
0  
0  
0  
0  
0  
0  
0  
0  
0  
0  
0  
0  
0  
0  
0  
0  
0  
0  
0  
0  
0  
0  
0  
0  
0  
0  
0  
0  
0  
0  
0  
0  
0  
0  
0  
0  
0  
0  
0  
0  
0  
0  
0  
0  
0  
0  
0  
0  
0  
0  
0  
0  
0  
0  
0  
0  
0  
0  
0  
0  
0  
0  
0  
0  
0  
0  
0  
0  
0  
0  
0  
0  
0  
0  
0  
0  
0  
0  
0  
0  
0  
0  
0  
0  
0  
0  
0  
0  
0  
0  
0  
0  
1 T 1208680719.291000 
0  
0  
0  
0  
0  
0  
0  
0  
0  
0  
0  
0  
0  
0  
0  
0  
0  
0  
0  
0  
0  
0  
0  
0  
0  
0  
0  
0  
0  
0  
0  
0  
0  
0  
0  
0  
0  
0  
0  
0  
0  
0  
0  
0  
0  
0  
0  
0  
0  
0  
0  
0  
0  
0  
0  
0  
0  
0  
0  
0  
0  
0  
0  
0  
0  
0  
0  
0  
0  
0  
0  
0  
0  
0  
0  
0  
0  
0  
0  
0  
0  
0  
0  
0  
0  
0  
0  
0  
0  
0  
1  mm 1155 1076
0  
0  
0  
0  
0  
0  
0  
0  
1 T 1208680722.710000 
0  
1  mm 1187 1016
1  mm 1191 961
1  mm 1185 929
1  mm 1179 916
1  mm 1182 884
1  mm 1199 839
1  mm 1242 782
1  mm 1284 754
1  mm 1309 745
1  mm 1311 745
1  mm 1319 759
1  mm 1345 791
1  mm 1362 812
1  mm 1363 813
1  mm 1360 817
1  mm 1354 824
0  
1  mm 1352 821
1  mm 1351 793
1  mm 1346 776
1  mm 1299 769
1  mm 1157 760
1  mm 971 754
1  mm 701 754
1  mm 586 782
1  mm 501 819
1  mm 444 850
1  mm 408 867
1  mm 370 889
1  mm 345 918
1  mm 338 929
1  mm 334 936
1  mm 334 951
1  mm 337 960
1  mm 340 963
1  mm 342 965
1  mm 343 966
1  mm 345 967
0  
0  
0  
0  
0  
0  
0  
0  
0  
0  
0  
0  
0  
0  
0  
0  
0  
0  
0  
0  
1  mb 1 1 345 967
0  
0  
1  mb 1 0 345 967
