1208718635 seed, 30 fps, 1920x1080, fullScreen=1, version77_mouseSpeed1.000000_musicOff0_musicLoudness0.000000_webRetrySeconds16 AC3FA92D6A3A6045CC4C6D7FDB0D33AD259EF562
2 T 1208718637.400000 mm 1568 499
0  
0  
0  
0  
0  
0  
0  
0  
0  
0  
0  
0  
0  
1  mm 1569 499
0  
0  
0  
0  
0  
0  
1  mm 1570 499
0  
0  
0  
0  
0  
0  
0  
0  
0  
0  
0  
0  
0  
0  
0  
0  
0  
0  
0  
1  mm 1552 499
1  mm 1517 504
1  mm 1494 514
1  mm 1482 523
1  mm 1473 535
1  mm 1461 559
1  mm 1449 573
1  mm 1441 582
1  mm 1439 582
0  
0  
0  
0  
0  
0  
0  
0  
0  
0  
0  
0  
0  
0  
2 T 1208718640.999000 T 1208718641.001000 
1 T 1208718641.030000 
1 T 1208718641.063000 
2 T 1208718641.098000 kd 27 1439 582
1 T 1208718641.129000 
1 T 1208718641.163000 
1 T 1208718641.196000 
1 T 1208718641.229000 
1 T 1208718641.261000 
2 T 1208718641.295000 ku 27 1439 582
1 T 1208718641.327000 
1 T 1208718641.360000 
1 T 1208718641.394000 
1 T 1208718641.426000 
1 T 1208718641.459000 
1 T 1208718641.493000 
1 T 1208718641.526000 
1 T 1208718641.559000 
1 T 1208718641.592000 
1 T 1208718641.625000 
1 T 1208718641.657000 
2 T 1208718641.692000 mm 1422 599
2 T 1208718641.724000 mm 1386 631
2 T 1208718641.759000 mm 1340 664
2 T 1208718641.791000 mm 1321 682
2 T 1208718641.823000 mm 1320 684
2 T 1208718641.858000 mm 1308 696
2 T 1208718641.889000 mm 1304 699
1 T 1208718641.922000 
1 T 1208718641.955000 
1 T 1208718641.988000 
1 T 1208718642.022000 
1 T 1208718642.055000 
1 T 1208718642.087000 
1 T 1208718642.120000 
2 T 1208718642.153000 mm 1303 702
1  mm 1301 705
0  
0  
0  
0  
0  
0  
0  
0  
0  
1  mm 1168 715
1  mm 992 728
1  mm 751 779
1  mm 499 845
1  mm 432 873
1  mm 423 886
1  mm 415 903
1  mm 412 917
1  mm 408 929
1  mm 403 937
1  mm 398 947
1  mm 397 958
1  mm 395 964
0  
1  mb 1 1 395 964
0  
0  
1  mb 1 0 395 964
0  
0  
0  
0  
0  
0  
0  
0  
0  
0  
1  kd 27 395 964
0  
0  
0  
0  
0  
1  ku 27 395 964
0  
0  
0  
0  
0  
0  
1  mb 1 1 395 964
0  
0  
1  mb 1 0 395 964
