1207833476 seed, 60 fps, 1920x1080, fullScreen=1, version73_mouseSpeed1.000000_musicOff0_musicLoudness1.000000_webRetrySeconds16 39F5D403D9734472EB90545B8404B1BC918AF16B
0  
0  
0  
0  
0  
0  
0  
0  
0  
1 T 1207833480.838000 
0  
0  
0  
0  
0  
0  
0  
0  
0  
0  
0  
0  
0  
0  
0  
0  
0  
0  
0  
0  
0  
0  
0  
0  
0  
0  
0  
1  mm 960 542
1  mm 959 543
1  mm 959 544
1  mm 959 546
1  mm 959 548
1  mm 959 552
1  mm 963 557
1  mm 966 563
1  mm 974 572
1  mm 995 587
1  mm 1012 600
1  mm 1035 612
1  mm 1046 618
1  mm 1052 621
1  mm 1053 623
0  
0  
0  
0  
0  
0  
0  
0  
0  
0  
0  
0  
0  
0  
1  mm 1024 632
0  
0  
0  
0  
0  
0  
0  
0  
0  
0  
0  
0  
0  
0  
0  
0  
0  
0  
0  
0  
0  
0  
0  
0  
0  
0  
0  
0  
0  
0  
0  
0  
1  mm 1023 632
1  mm 1028 633
1  mm 1035 633
1  mm 1042 633
1  mm 1043 633
0  
0  
0  
0  
0  
1 T 1207833482.883000 
1  mm 1036 638
1  mm 1033 639
0  
0  
0  
2 T 1207833483.580000 T 1207833483.583000 
0  
0  
1 T 1207833483.586000 
1 T 1207833483.604000 
1 T 1207833483.620000 
1 T 1207833483.637000 
1 T 1207833483.654000 
1 T 1207833483.670000 
1 T 1207833483.687000 
1 T 1207833483.703000 
1 T 1207833483.720000 
2 T 1207833483.737000 mm 1032 639
2 T 1207833483.754000 mm 1036 642
2 T 1207833483.770000 mm 1044 643
2 T 1207833483.787000 mm 1053 646
2 T 1207833483.803000 mm 1057 647
2 T 1207833483.820000 mm 1060 647
2 T 1207833483.837000 mm 1063 647
1 T 1207833483.853000 
1 T 1207833483.870000 
1 T 1207833483.887000 
1 T 1207833483.904000 
1 T 1207833483.920000 
1 T 1207833483.937000 
1 T 1207833483.954000 
1 T 1207833483.970000 
2 T 1207833483.987000 mm 1062 650
1 T 1207833484.004000 
2 T 1207833484.020000 mm 1063 650
2 T 1207833484.037000 mm 1066 650
2 T 1207833484.053000 mm 1067 650
2 T 1207833484.070000 mm 1067 643
2 T 1207833484.087000 mm 1063 627
2 T 1207833484.104000 mm 1051 616
2 T 1207833484.120000 mm 1026 604
2 T 1207833484.137000 mm 983 596
2 T 1207833484.154000 mm 892 588
2 T 1207833484.170000 mm 807 586
2 T 1207833484.187000 mm 708 586
2 T 1207833484.203000 mm 627 586
2 T 1207833484.220000 mm 566 592
2 T 1207833484.237000 mm 524 605
2 T 1207833484.253000 mm 489 623
2 T 1207833484.270000 mm 477 635
2 T 1207833484.287000 mm 468 647
2 T 1207833484.304000 mm 457 660
2 T 1207833484.320000 mm 449 674
2 T 1207833484.337000 mm 430 690
2 T 1207833484.354000 mm 417 698
2 T 1207833484.370000 mm 410 701
2 T 1207833484.387000 mm 407 704
2 T 1207833484.403000 mm 403 708
2 T 1207833484.420000 mm 400 710
1 T 1207833484.437000 
2 T 1207833484.453000 mm 397 711
2 T 1207833484.470000 mm 394 712
1 T 1207833484.487000 
1 T 1207833484.504000 
1 T 1207833484.520000 
1 T 1207833484.537000 
2 T 1207833484.553000 mb 1 1 394 712
1 T 1207833484.570000 
1 T 1207833484.587000 
1 T 1207833484.603000 
1 T 1207833484.620000 
1 T 1207833484.636000 
1 T 1207833484.653000 
2 F 0.000000 mb 1 0 394 712
1 F 0.000000 
3 af 0 af 1 F 0.000000 
1 F 0.000000 
1 F 0.000000 
1 F 0.000000 
1 F 0.000000 
1 F 0.000000 
1 F 0.000000 
1 F 0.000000 
1 F 0.000000 
1 F 0.000000 
2 F 0.000000 mm 416 712
2 F 0.000000 mm 441 711
2 F 0.000000 mm 470 702
2 F 0.000000 mm 497 694
2 F 0.000000 mm 525 685
2 F 0.000000 mm 569 666
2 F 0.000000 mm 632 632
2 F 0.000000 mm 696 591
2 F 0.000000 mm 772 549
2 F 0.000000 mm 842 509
2 F 0.000000 mm 918 468
2 F 0.000000 mm 1015 394
2 F 0.000000 mm 1043 372
2 F 0.000000 mm 1091 317
3 T 1207833485.103000 F 0.000000 mm 1115 291
2 F 0.000000 mm 1133 276
2 F 0.000000 mm 1151 258
2 F 0.000000 mm 1165 247
2 F 0.000000 mm 1176 236
2 F 0.000000 mm 1188 229
2 F 0.000000 mm 1196 223
2 F 0.000000 mm 1197 222
2 F 0.000000 mm 1198 221
1 F 0.000000 
1 F 0.000000 
1 F 0.000000 
1 F 0.000000 
1 F 0.000000 
2 F 0.000000 mm 1196 218
2 F 0.000000 mm 1191 215
2 F 0.000000 mm 1188 212
2 F 0.000000 mm 1185 206
2 F 0.000000 mm 1185 200
2 F 0.000000 mm 1185 193
2 F 0.000000 mm 1185 189
2 F 0.000000 mm 1185 186
1 F 0.000000 
2 F 0.000000 mb 1 1 1185 186
1 F 0.000000 
1 F 0.000000 
1 F 0.000000 
1 F 0.000000 
1 F 0.000000 
1 F 0.000000 
1 F 0.000000 
1  mb 1 0 1185 186
