1207869474 seed, 30 fps, 1920x1080, fullScreen=1, version73_mouseSpeed1.000000_musicOff0_musicLoudness1.000000_webRetrySeconds16 39F5D403D9734472EB90545B8404B1BC918AF16B
3 T 1207869476.174000 mm 942 609 mm 940 609
0  
0  
0  
0  
0  
0  
0  
0  
0  
0  
0  
0  
0  
0  
0  
0  
0  
0  
0  
0  
0  
0  
0  
0  
0  
0  
0  
0  
0  
0  
0  
0  
0  
0  
0  
0  
0  
0  
0  
0  
0  
0  
0  
0  
0  
0  
0  
0  
0  
0  
0  
0  
0  
0  
0  
0  
0  
0  
0  
0  
0  
0  
0  
2 T 1207869479.508000 T 1207869479.510000 
1 T 1207869479.511000 
0  
1 T 1207869479.539000 
1 T 1207869479.573000 
1 T 1207869479.606000 
1 T 1207869479.639000 
1 T 1207869479.673000 
1 T 1207869479.708000 
1 T 1207869479.739000 
1 T 1207869479.772000 
1 T 1207869479.806000 
1 T 1207869479.839000 
1 T 1207869479.872000 
1 T 1207869479.906000 
1 T 1207869479.939000 
1 T 1207869479.973000 
1 T 1207869480.007000 
1 T 1207869480.039000 
1 T 1207869480.073000 
1 T 1207869480.106000 
1 T 1207869480.140000 
1 T 1207869480.173000 
1 T 1207869480.206000 
1 T 1207869480.239000 
1 T 1207869480.273000 
1 T 1207869480.306000 
1 T 1207869480.340000 
1 T 1207869480.373000 
1 T 1207869480.406000 
1 T 1207869480.439000 
1 T 1207869480.472000 
1 T 1207869480.506000 
1 T 1207869480.539000 
1 T 1207869480.572000 
1 T 1207869480.605000 
1 T 1207869480.639000 
0  
0  
0  
0  
0  
0  
0  
0  
0  
0  
0  
0  
0  
0  
0  
0  
0  
0  
0  
0  
0  
0  
0  
0  
0  
0  
0  
0  
0  
0  
0  
0  
0  
0  
0  
0  
0  
0  
0  
0  
0  
0  
0  
0  
0  
0  
0  
0  
0  
0  
0  
0  
0  
0  
0  
0  
0  
0  
0  
0  
0  
0  
0  
0  
0  
0  
0  
0  
0  
0  
0  
0  
0  
0  
0  
0  
0  
0  
0  
0  
0  
0  
0  
0  
1  mm 989 609
1  mm 1030 601
1  mm 1037 598
0  
1  mm 1051 594
1  mm 1075 590
1  mm 1105 586
1  mm 1173 568
1  mm 1245 558
1  mm 1317 546
1  mm 1378 539
1  mm 1422 534
1  mm 1448 531
1  mm 1472 530
2 T 1207869482.354000 mm 1505 528
1  mm 1540 528
1  mm 1563 528
1  mm 1577 528
1  mm 1589 528
1  mm 1614 528
1  mm 1636 524
1  mm 1657 516
1  mm 1664 514
1  mm 1665 514
0  
1  mm 1663 514
1  mm 1650 521
1  mm 1629 531
1  mm 1605 539
1  mm 1582 546
1  mm 1572 548
1  mm 1571 548
0  
0  
0  
0  
0  
0  
0  
0  
0  
0  
0  
1  mm 1570 546
0  
0  
0  
0  
0  
0  
0  
0  
0  
0  
0  
0  
0  
0  
0  
0  
0  
0  
0  
0  
0  
0  
0  
0  
0  
0  
0  
0  
0  
0  
0  
0  
0  
0  
0  
0  
0  
0  
0  
0  
0  
0  
0  
0  
0  
0  
0  
0  
0  
0  
0  
0  
0  
0  
0  
0  
0  
0  
0  
0  
0  
0  
0  
0  
0  
0  
0  
0  
0  
0  
1 T 1207869484.020000 
0  
0  
0  
0  
0  
0  
0  
0  
0  
0  
0  
0  
0  
0  
0  
0  
0  
0  
0  
0  
0  
0  
0  
0  
0  
0  
0  
0  
0  
0  
0  
0  
0  
0  
0  
0  
0  
0  
0  
0  
0  
0  
0  
0  
0  
0  
0  
0  
0  
0  
0  
0  
0  
0  
0  
0  
0  
0  
0  
0  
0  
0  
0  
0  
0  
1  mm 1524 554
1  mm 1427 575
1  mm 1307 599
1  mm 1200 624
1  mm 1108 638
1  mm 1027 648
1  mm 955 660
1  mm 907 667
1  mm 880 671
1  mm 858 673
1  mm 839 676
1  mm 829 679
1  mm 814 681
1  mm 798 685
1  mm 780 689
1  mm 763 691
1  mm 743 694
1  mm 727 695
1  mm 700 699
0  
1  mm 679 700
1  mm 638 701
1  mm 608 701
1  mm 575 701
1  mm 543 701
1  mm 520 701
1  mm 506 703
1  mm 496 704
1  mm 488 706
1  mm 482 706
1  mm 475 707
1  mm 469 707
1  mm 463 707
1  mm 458 707
2 T 1207869485.687000 mm 451 707
1  mm 447 708
1  mm 442 708
1  mm 435 708
1  mm 432 708
0  
0  
0  
0  
0  
0  
0  
0  
0  
0  
0  
0  
0  
0  
0  
0  
0  
0  
0  
0  
0  
0  
0  
0  
0  
0  
0  
0  
0  
0  
0  
0  
0  
0  
0  
0  
0  
0  
0  
0  
0  
0  
0  
0  
0  
0  
0  
0  
0  
0  
0  
0  
0  
0  
0  
0  
0  
0  
0  
0  
0  
0  
0  
0  
0  
0  
0  
0  
0  
0  
0  
0  
0  
0  
0  
0  
0  
0  
1  mm 450 708
1  mm 494 704
1  mm 607 681
1  mm 717 655
1  mm 853 633
1  mm 994 600
1  mm 1145 567
1  mm 1279 532
1  mm 1401 501
1  mm 1505 473
1  mm 1596 448
1  mm 1648 440
1  mm 1680 437
1  mm 1687 436
1  mm 1688 436
0  
1  mm 1685 436
2 T 1207869487.353000 mm 1666 444
1  mm 1640 460
1  mm 1615 478
1  mm 1597 487
1  mm 1591 491
1  mm 1589 492
1  mm 1589 493
1  mm 1586 496
1  mm 1579 509
1  mm 1567 529
1  mm 1565 536
1  mm 1564 536
0  
0  
0  
0  
0  
0  
0  
0  
0  
0  
0  
0  
0  
0  
0  
0  
1  mm 1556 539
1  mm 1516 551
1  mm 1447 563
1  mm 1302 586
1  mm 1140 601
1  mm 914 624
1  mm 802 635
1  mm 718 646
1  mm 662 655
1  mm 632 663
1  mm 605 673
1  mm 583 682
1  mm 566 688
1  mm 555 690
1  mm 549 691
1  mm 543 692
1  mm 538 694
1  mm 532 695
1  mm 520 697
1  mm 512 698
1  mm 502 698
1  mm 488 700
1  mm 480 700
1  mm 474 701
1  mm 467 702
1  mm 460 703
1  mm 453 704
1  mm 445 705
1  mm 438 705
1  mm 434 706
0  
1  mb 1 1 434 706
0  
0  
0  
0  
0  
0  
2 F 0.000000 mb 1 0 434 706
1 F 0.000000 
3 af 0 af 1 F 0.000000 
1 F 0.000000 
1 F 0.000000 
1 F 0.000000 
1 F 0.000000 
1 F 0.000000 
1 F 0.000000 
1 F 0.000000 
2 F 0.000000 mm 434 707
2 F 0.000000 mm 438 707
2 F 0.000000 mm 441 707
2 F 0.000000 mm 444 707
2 F 0.000000 mm 449 707
2 F 0.000000 mm 456 707
2 F 0.000000 mm 465 708
2 F 0.000000 mm 468 708
2 F 0.000000 mm 472 708
2 F 0.000000 mm 479 708
2 F 0.000000 mm 482 708
2 F 0.000000 mm 490 708
2 F 0.000000 mm 497 708
2 F 0.000000 mm 505 708
2 F 0.000000 mm 515 708
2 F 0.000000 mm 524 706
2 F 0.000000 mm 532 706
2 F 0.000000 mm 541 705
2 F 0.000000 mm 552 705
2 F 0.000000 mm 560 705
2 F 0.000000 mm 568 705
2 F 0.000000 mm 574 705
2 F 0.000000 mm 582 705
2 F 0.000000 mm 584 705
3 T 1207869489.019000 F 0.000000 mm 589 707
2 F 0.000000 mm 591 708
2 F 0.000000 mm 595 710
2 F 0.000000 mm 597 712
2 F 0.000000 mm 605 719
2 F 0.000000 mm 615 728
2 F 0.000000 mm 634 748
2 F 0.000000 mm 649 761
2 F 0.000000 mm 666 773
2 F 0.000000 mm 684 782
2 F 0.000000 mm 700 789
2 F 0.000000 mm 713 794
2 F 0.000000 mm 728 802
2 F 0.000000 mm 732 804
2 F 0.000000 mm 742 811
2 F 0.000000 mm 751 820
2 F 0.000000 mm 759 829
2 F 0.000000 mm 769 842
2 F 0.000000 mm 794 872
2 F 0.000000 mm 810 889
2 F 0.000000 mm 830 902
2 F 0.000000 mm 842 913
2 F 0.000000 mm 853 920
2 F 0.000000 mm 855 925
2 F 0.000000 mm 858 928
2 F 0.000000 mm 858 929
1 F 0.000000 
1 F 0.000000 
2 F 0.000000 mm 859 931
2 F 0.000000 mm 866 933
2 F 0.000000 mm 875 935
2 F 0.000000 mm 879 936
2 F 0.000000 mm 892 937
2 F 0.000000 mm 897 937
2 F 0.000000 mm 904 937
2 F 0.000000 mm 912 937
2 F 0.000000 mm 922 937
2 F 0.000000 mm 932 937
2 F 0.000000 mm 939 936
2 F 0.000000 mm 948 934
2 F 0.000000 mm 957 932
2 F 0.000000 mm 962 930
2 F 0.000000 mm 964 929
2 F 0.000000 mm 965 928
2 F 0.000000 mm 966 928
2 F 0.000000 mm 968 925
2 F 0.000000 mm 971 923
2 F 0.000000 mm 972 923
1 F 0.000000 
2 F 0.000000 mb 1 1 972 923
1 F 0.000000 
1 F 0.000000 
1 F 0.000000 
1 F 0.000000 
1 F 0.000000 
3 T 1207869489.935000 T 1207869489.936000 mb 1 0 972 923
1 T 1207869489.952000 
1 T 1207869489.969000 
1 T 1207869489.985000 
1 T 1207869490.002000 
1 T 1207869490.018000 
1 T 1207869490.035000 
2 T 1207869490.052000 mm 977 923
2 T 1207869490.068000 mm 985 923
2 T 1207869490.085000 mm 1000 923
2 T 1207869490.102000 mm 1025 919
2 T 1207869490.119000 mm 1056 909
2 T 1207869490.135000 mm 1124 887
2 T 1207869490.152000 mm 1182 858
2 T 1207869490.168000 mm 1232 828
2 T 1207869490.185000 mm 1287 789
2 T 1207869490.202000 mm 1339 750
2 T 1207869490.218000 mm 1379 708
2 T 1207869490.235000 mm 1417 670
2 T 1207869490.252000 mm 1455 635
2 T 1207869490.268000 mm 1496 598
2 T 1207869490.285000 mm 1515 576
2 T 1207869490.302000 mm 1524 563
2 T 1207869490.319000 mm 1531 555
2 T 1207869490.335000 mm 1534 550
2 T 1207869490.352000 mm 1535 549
2 T 1207869490.368000 mm 1536 549
1 T 1207869490.385000 
2 T 1207869490.402000 mm 1540 549
2 T 1207869490.418000 mm 1544 548
2 T 1207869490.435000 mm 1548 547
2 T 1207869490.451000 mm 1550 547
1 T 1207869490.468000 
1 T 1207869490.485000 
1 T 1207869490.502000 
1 T 1207869490.518000 
1 T 1207869490.535000 
1 T 1207869490.551000 
1 T 1207869490.568000 
1 T 1207869490.585000 
1 T 1207869490.601000 
1 T 1207869490.618000 
2 T 1207869490.635000 mm 1551 547
2 T 1207869490.651000 mm 1553 547
1 T 1207869490.668000 
1 T 1207869490.685000 
1 T 1207869490.702000 
1 T 1207869490.718000 
1 T 1207869490.735000 
1 T 1207869490.751000 
1 T 1207869490.768000 
1 T 1207869490.785000 
1 T 1207869490.801000 
1 T 1207869490.818000 
1 T 1207869490.834000 
1 T 1207869490.851000 
1 T 1207869490.868000 
1 T 1207869490.885000 
1 T 1207869490.901000 
1 T 1207869490.918000 
2 T 1207869490.935000 mm 1553 546
2 T 1207869490.951000 mm 1550 545
2 T 1207869490.968000 mm 1548 545
2 T 1207869490.985000 mm 1547 544
2 T 1207869491.001000 mm 1546 544
2 T 1207869491.018000 mm 1544 543
1 T 1207869491.035000 
0  
0  
0  
1  mm 1544 542
1  mm 1544 541
1  mm 1544 538
1  mm 1544 537
1  mm 1544 536
1  mm 1543 534
1  mm 1539 532
1  mm 1531 532
1  mm 1527 532
1  mm 1524 532
1  mm 1523 532
0  
0  
0  
0  
1  mm 1522 529
1  mm 1522 526
1  mm 1522 523
0  
0  
0  
0  
0  
0  
0  
0  
0  
0  
0  
0  
0  
0  
0  
0  
0  
0  
1  mm 1521 523
0  
0  
0  
0  
0  
0  
0  
0  
0  
1  mm 1520 523
1  mm 1502 523
1  mm 1479 523
1  mm 1450 526
1  mm 1410 530
1  mm 1350 532
1  mm 1299 532
1  mm 1234 532
1  mm 1128 536
1  mm 1018 543
1  mm 892 548
1  mm 764 560
1  mm 665 578
1  mm 604 593
1  mm 534 622
1  mm 487 639
2  mm 462 645 mm 455 646
1  mm 445 650
1  mm 439 653
1  mm 434 655
1  mm 429 657
1  mm 422 659
1  mm 401 663
0  
0  
1  mm 399 664
1  mm 397 667
1  mm 392 672
1  mm 390 677
2 T 1207869492.351000 mm 389 679
1  mm 389 684
1  mm 389 688
1  mm 389 692
1  mm 389 697
1  mm 388 702
1  mm 387 706
1  mm 387 708
1  mm 387 710
1  mm 384 714
1  mm 382 717
1  mm 382 718
1  mm 381 719
0  
0  
0  
0  
0  
0  
0  
0  
0  
0  
0  
0  
0  
0  
0  
0  
0  
0  
0  
1  mb 1 1 381 719
0  
0  
0  
0  
0  
0  
2 F 0.000000 mb 1 0 381 719
1 F 0.000000 
1 F 0.000000 
1 F 0.000000 
1 F 0.000000 
1 F 0.000000 
1 F 0.000000 
1 F 0.000000 
1 F 0.000000 
1 F 0.000000 
1 F 0.000000 
1 F 0.000000 
1 F 0.000000 
1 F 0.000000 
1 F 0.000000 
1 F 0.000000 
1 F 0.000000 
1 F 0.000000 
2 F 0.000000 mm 384 720
2 F 0.000000 mm 390 721
2 F 0.000000 mm 400 722
2 F 0.000000 mm 413 722
2 F 0.000000 mm 437 723
2 F 0.000000 mm 485 723
2 F 0.000000 mm 520 723
2 F 0.000000 mm 550 723
2 F 0.000000 mm 571 723
2 F 0.000000 mm 588 723
2 F 0.000000 mm 605 726
2 F 0.000000 mm 625 726
2 F 0.000000 mm 641 726
2 F 0.000000 mm 654 726
2 F 0.000000 mm 673 726
2 F 0.000000 mm 694 726
2 F 0.000000 mm 709 726
2 F 0.000000 mm 722 726
2 F 0.000000 mm 724 726
2 F 0.000000 mm 725 726
1 F 0.000000 
1 F 0.000000 
1 F 0.000000 
1 F 0.000000 
1 F 0.000000 
1 F 0.000000 
1 F 0.000000 
2 F 0.000000 mm 726 735
2 F 0.000000 mm 730 745
2 F 0.000000 mm 734 760
2 F 0.000000 mm 743 771
2 F 0.000000 mm 755 790
2 F 0.000000 mm 770 814
2 F 0.000000 mm 784 840
2 F 0.000000 mm 802 875
2 F 0.000000 mm 817 910
2 F 0.000000 mm 823 931
2 F 0.000000 mm 827 938
2 F 0.000000 mm 829 940
2 F 0.000000 mm 830 941
1 F 0.000000 
2 F 0.000000 mm 831 941
2 F 0.000000 mm 836 941
3 T 1207869494.017000 F 0.000000 mm 846 941
2 F 0.000000 mm 859 936
2 F 0.000000 mm 870 933
2 F 0.000000 mm 882 931
2 F 0.000000 mm 893 930
2 F 0.000000 mm 902 930
2 F 0.000000 mm 907 930
2 F 0.000000 mm 912 929
2 F 0.000000 mm 915 928
2 F 0.000000 mm 920 928
2 F 0.000000 mm 925 926
2 F 0.000000 mm 927 926
2 F 0.000000 mm 929 926
2 F 0.000000 mm 932 926
2 F 0.000000 mm 937 926
2 F 0.000000 mm 945 925
2 F 0.000000 mm 955 923
2 F 0.000000 mm 965 923
2 F 0.000000 mm 969 923
2 F 0.000000 mm 970 923
1 F 0.000000 
1 F 0.000000 
1 F 0.000000 
2 F 0.000000 mb 1 1 970 923
1 F 0.000000 
1 F 0.000000 
1 F 0.000000 
1 F 0.000000 
1 F 0.000000 
1 F 0.000000 
1 F 0.000000 
3 T 1207869494.533000 T 1207869494.534000 mb 1 0 970 923
1 T 1207869494.550000 
1 T 1207869494.567000 
1 T 1207869494.584000 
1 T 1207869494.600000 
1 T 1207869494.617000 
1 T 1207869494.634000 
1 T 1207869494.650000 
1 T 1207869494.667000 
2 T 1207869494.684000 mm 992 914
2 T 1207869494.700000 mm 1021 897
2 T 1207869494.717000 mm 1075 862
2 T 1207869494.733000 mm 1125 824
2 T 1207869494.750000 mm 1168 786
2 T 1207869494.767000 mm 1205 747
2 T 1207869494.784000 mm 1264 695
2 T 1207869494.800000 mm 1296 658
2 T 1207869494.817000 mm 1324 628
2 T 1207869494.834000 mm 1353 594
2 T 1207869494.850000 mm 1376 568
2 T 1207869494.867000 mm 1401 549
2 T 1207869494.883000 mm 1424 531
2 T 1207869494.900000 mm 1441 518
2 T 1207869494.917000 mm 1455 504
2 T 1207869494.933000 mm 1463 491
2 T 1207869494.950000 mm 1465 482
2 T 1207869494.967000 mm 1465 480
1 T 1207869494.983000 
1 T 1207869495.000000 
1 T 1207869495.017000 
1 T 1207869495.033000 
1 T 1207869495.050000 
2 T 1207869495.067000 mm 1470 484
2 T 1207869495.083000 mm 1477 496
2 T 1207869495.100000 mm 1480 503
2 T 1207869495.117000 mm 1481 509
2 T 1207869495.133000 mm 1482 517
2 T 1207869495.150000 mm 1483 527
2 T 1207869495.167000 mm 1484 532
1 T 1207869495.183000 
2 T 1207869495.200000 mb 1 1 1484 532
1 T 1207869495.217000 
1 T 1207869495.233000 
1 T 1207869495.250000 
1 T 1207869495.267000 
1 T 1207869495.283000 
2 T 1207869495.300000 mb 1 0 1484 532
1 T 1207869495.316000 
1 T 1207869495.334000 
1 T 1207869495.350000 
2 T 1207869495.367000 mb 1 1 1484 532
1 T 1207869495.383000 
1 T 1207869495.400000 
1 T 1207869495.417000 
1 T 1207869495.433000 
1 T 1207869495.450000 
2 T 1207869495.466000 mb 1 0 1484 532
1 T 1207869495.483000 
1 T 1207869495.500000 
1 T 1207869495.517000 
2 T 1207869495.533000 mb 1 1 1484 532
1 T 1207869495.550000 
1 T 1207869495.566000 
1 T 1207869495.583000 
1 T 1207869495.600000 
1 T 1207869495.617000 
2 T 1207869495.633000 mb 1 0 1484 532
1 T 1207869495.650000 
0  
2 T 1207869495.683000 mm 1459 549
1  mm 1393 583
1  mm 1305 621
1  mm 1185 671
1  mm 1098 704
1  mm 1019 732
1  mm 941 751
1  mm 833 779
1  mm 743 801
1  mm 666 818
1  mm 603 831
1  mm 561 847
1  mm 534 855
1  mm 509 866
1  mm 485 878
1  mm 458 895
1  mm 431 910
1  mm 411 924
1  mm 391 936
1  mm 353 954
1  mm 323 965
1  mm 296 978
1  mm 275 987
1  mm 270 988
0  
0  
0  
0  
1  mm 271 988
1  mb 1 1 271 988
0  
0  
0  
0  
0  
0  
1  mb 1 0 271 988
0  
0  
0  
0  
1  mm 278 989
1  mm 287 989
1  mm 300 991
1  mm 303 991
1  mm 304 991
1  mm 308 991
1  mm 314 991
1  mm 323 991
1  mm 337 987
1  mm 356 985
1  mm 367 982
1  mb 1 1 367 982
0  
0  
0  
0  
0  
1  mb 1 0 367 982
