1208387071 seed, 30 fps, 1920x1080, fullScreen=1, version76_mouseSpeed1.000000_musicOff0_musicLoudness1.000000_webRetrySeconds16 4CB33D163DAAAB2DF34C9AD44399608906AFA469
2 T 1208387072.125000 mm 586 706
0  
1  mm 704 700
0  
0  
0  
0  
0  
0  
0  
0  
0  
0  
0  
0  
0  
0  
0  
0  
0  
0  
0  
0  
0  
0  
0  
0  
1  mm 745 700
1  mm 798 717
1  mm 860 731
1  mm 938 754
1  mm 991 768
1  mm 1027 780
1  mm 1051 791
1  mm 1065 800
1  mm 1103 775
0  
0  
0  
0  
0  
0  
0  
0  
0  
1  mm 1102 775
0  
0  
0  
0  
0  
0  
0  
0  
0  
0  
1  mm 1106 775
1  mm 1119 771
1  mm 1133 764
1  mm 1133 763
0  
1  mm 1133 762
0  
0  
3 T 1208387075.944000 T 1208387075.947000 mm 1121 758
1 T 1208387075.986000 
1 T 1208387076.020000 
1 T 1208387076.054000 
1 T 1208387076.086000 
1 T 1208387076.118000 
1 T 1208387076.152000 
1 T 1208387076.185000 
1 T 1208387076.218000 
2 T 1208387076.251000 mm 1119 756
1 T 1208387076.284000 
2 T 1208387076.318000 mm 1122 753
2 T 1208387076.350000 mm 1151 750
2 T 1208387076.382000 mm 1199 746
2 T 1208387076.416000 mm 1241 745
2 T 1208387076.450000 mm 1320 769
2 T 1208387076.482000 mm 1450 864
2 T 1208387076.515000 mm 1496 915
2 T 1208387076.548000 mm 1499 921
1 T 1208387076.581000 
2 T 1208387076.614000 mm 1501 925
2 T 1208387076.648000 mm 1504 929
2 T 1208387076.680000 mm 1524 952
2 T 1208387076.713000 mm 1551 972
2 T 1208387076.746000 mm 1556 976
1 T 1208387076.779000 
1 T 1208387076.813000 
1 T 1208387076.844000 
1 T 1208387076.878000 
1 T 1208387076.911000 
1 T 1208387076.944000 
1 T 1208387076.976000 
1 T 1208387077.009000 
1 T 1208387077.043000 
1 T 1208387077.076000 
1 T 1208387077.108000 
0  
0  
0  
0  
0  
0  
0  
0  
0  
0  
1  mm 1557 976
1  mm 1553 974
0  
0  
1  mm 1552 973
1  mm 1549 968
1  mm 1548 968
0  
0  
0  
0  
0  
0  
0  
0  
0  
0  
0  
0  
0  
0  
1  mm 1542 965
1  mm 1536 961
1  mm 1530 960
0  
0  
0  
1  mm 1526 956
1  mm 1526 955
0  
0  
0  
0  
0  
0  
0  
0  
0  
0  
0  
0  
0  
0  
0  
0  
0  
0  
0  
0  
0  
1  mm 1523 955
1  mm 1514 947
1  mm 1501 936
1  mm 1494 924
1  mm 1487 902
1  mm 1487 888
1  mm 1485 875
1  mm 1485 868
1  mm 1487 864
1  mm 1491 863
1  mm 1497 861
1  mm 1505 860
1  mm 1510 858
1  mm 1531 851
1  mm 1570 836
1  mm 1601 822
1  mm 1637 816
1  mm 1728 810
1  mm 1821 802
1  mm 1919 790
1  mm 1919 782
1  mm 1919 769
1  mm 1919 762
1  mm 1919 758
1  mm 1919 755
1  mm 1919 753
1  mm 1919 752
0  
0  
0  
0  
0  
0  
0  
0  
0  
0  
0  
0  
1 T 1208387080.528000 
0  
0  
0  
0  
0  
0  
0  
0  
0  
0  
0  
0  
0  
0  
0  
0  
0  
0  
0  
0  
0  
0  
0  
0  
0  
0  
0  
0  
0  
0  
0  
0  
0  
0  
0  
0  
0  
0  
0  
0  
0  
0  
0  
0  
0  
0  
0  
0  
0  
0  
0  
0  
0  
0  
0  
0  
0  
0  
0  
0  
0  
0  
0  
0  
0  
0  
0  
0  
0  
0  
0  
0  
0  
0  
0  
0  
0  
0  
0  
0  
0  
0  
0  
0  
0  
0  
0  
0  
0  
0  
0  
0  
0  
0  
0  
0  
0  
0  
0  
1 T 1208387083.829000 
0  
0  
0  
0  
0  
0  
0  
0  
0  
0  
0  
0  
0  
0  
0  
0  
0  
0  
0  
0  
0  
0  
0  
0  
0  
0  
0  
0  
0  
0  
0  
0  
0  
0  
0  
0  
0  
0  
0  
0  
0  
0  
0  
0  
0  
0  
0  
0  
0  
0  
0  
0  
0  
0  
0  
0  
0  
0  
0  
0  
0  
0  
0  
0  
0  
0  
0  
0  
0  
0  
0  
0  
0  
0  
0  
0  
0  
0  
0  
0  
0  
0  
0  
0  
0  
0  
0  
0  
0  
0  
0  
0  
0  
0  
0  
0  
0  
0  
0  
1 T 1208387087.129000 
0  
0  
0  
0  
0  
0  
0  
0  
0  
0  
0  
0  
0  
0  
0  
0  
0  
0  
0  
0  
0  
0  
0  
0  
0  
0  
0  
0  
0  
0  
0  
0  
0  
0  
0  
0  
0  
0  
0  
0  
0  
0  
0  
0  
0  
0  
0  
0  
0  
0  
0  
0  
0  
0  
0  
0  
0  
0  
0  
0  
0  
0  
0  
0  
0  
0  
0  
0  
0  
0  
0  
0  
0  
0  
0  
0  
0  
0  
0  
0  
0  
0  
0  
0  
0  
0  
0  
0  
0  
0  
0  
0  
0  
0  
0  
0  
0  
0  
0  
1 T 1208387090.430000 
0  
0  
0  
0  
0  
0  
0  
0  
0  
0  
0  
0  
0  
0  
0  
0  
0  
0  
0  
0  
0  
0  
0  
0  
0  
0  
0  
0  
0  
0  
0  
0  
0  
0  
0  
0  
0  
0  
0  
0  
0  
0  
0  
0  
0  
0  
0  
0  
0  
0  
0  
0  
0  
0  
0  
0  
0  
0  
0  
0  
0  
0  
0  
0  
0  
0  
0  
0  
0  
0  
0  
0  
0  
0  
0  
0  
0  
0  
0  
0  
0  
0  
0  
0  
0  
0  
0  
0  
0  
0  
0  
0  
0  
0  
0  
0  
0  
0  
0  
1 T 1208387093.730000 
0  
0  
0  
0  
0  
0  
0  
0  
0  
0  
0  
0  
0  
0  
0  
0  
0  
0  
0  
0  
0  
0  
0  
0  
0  
0  
0  
0  
0  
0  
0  
0  
0  
0  
0  
0  
0  
0  
0  
0  
0  
0  
0  
0  
0  
0  
0  
0  
0  
0  
0  
0  
0  
0  
0  
0  
0  
0  
0  
0  
0  
0  
0  
0  
0  
0  
0  
0  
0  
0  
0  
0  
0  
0  
0  
0  
0  
0  
0  
0  
0  
0  
0  
0  
0  
0  
0  
0  
0  
0  
0  
0  
0  
0  
0  
0  
0  
0  
0  
1 T 1208387097.030000 
0  
0  
0  
0  
0  
0  
0  
0  
0  
0  
0  
0  
0  
0  
0  
0  
0  
0  
0  
0  
0  
0  
0  
0  
0  
0  
0  
0  
0  
0  
0  
0  
0  
0  
0  
0  
0  
0  
0  
0  
0  
0  
0  
0  
0  
0  
0  
0  
0  
0  
0  
0  
0  
0  
0  
0  
0  
0  
0  
0  
0  
0  
0  
0  
0  
0  
0  
0  
0  
0  
0  
0  
0  
0  
0  
0  
0  
0  
0  
0  
0  
0  
0  
0  
0  
0  
0  
0  
0  
0  
0  
0  
0  
0  
0  
0  
0  
0  
0  
1 T 1208387100.330000 
0  
0  
0  
0  
0  
0  
0  
0  
0  
0  
0  
0  
0  
0  
0  
0  
0  
0  
0  
0  
0  
0  
0  
0  
0  
0  
0  
0  
0  
0  
0  
0  
0  
0  
0  
0  
0  
0  
0  
0  
0  
0  
0  
0  
0  
0  
0  
0  
0  
0  
0  
0  
0  
0  
0  
0  
0  
0  
0  
0  
0  
0  
0  
0  
0  
0  
0  
0  
0  
0  
0  
0  
0  
0  
0  
0  
0  
0  
0  
0  
0  
0  
0  
0  
0  
0  
0  
0  
0  
0  
0  
0  
0  
0  
0  
0  
0  
0  
0  
1 T 1208387103.630000 
0  
0  
0  
0  
0  
0  
0  
0  
0  
0  
0  
0  
0  
0  
0  
0  
0  
0  
0  
0  
0  
0  
0  
0  
0  
0  
0  
0  
0  
0  
0  
0  
0  
0  
0  
0  
0  
0  
0  
0  
0  
0  
0  
0  
0  
0  
0  
0  
0  
0  
0  
0  
0  
0  
0  
0  
0  
0  
0  
0  
0  
0  
0  
0  
0  
0  
0  
0  
0  
0  
0  
0  
0  
0  
0  
0  
0  
0  
0  
0  
0  
1  mm 1175 1076
0  
0  
0  
0  
0  
0  
0  
0  
1  mm 1174 1074
1  mm 1171 1057
1  mm 1171 1000
1  mm 1181 915
1  mm 1222 817
1  mm 1298 710
1  mm 1329 667
1  mm 1351 642
1  mm 1371 607
2 T 1208387107.068000 mm 1386 585
1  mm 1394 576
1  mm 1397 573
1  mm 1407 573
1  mm 1427 573
1  mm 1456 570
1  mm 1484 568
1  mm 1498 562
1  mm 1505 559
1  mm 1512 555
1  mm 1517 551
0  
1  mm 1522 551
1  mm 1527 550
1  mm 1527 549
0  
0  
0  
0  
0  
0  
0  
0  
0  
0  
0  
0  
0  
0  
0  
0  
0  
0  
0  
0  
0  
0  
0  
0  
0  
1  mm 1522 549
1  mm 1515 549
0  
1  mm 1469 564
1  mm 1255 658
1  mm 935 765
1  mm 605 881
1  mm 427 973
1  mm 390 988
1  mm 387 990
0  
0  
0  
0  
1  mm 390 988
1  mm 390 986
0  
0  
0  
1  mb 1 1 390 986
0  
1  mb 1 0 390 986
