1208392035 seed, 30 fps, 1920x1080, fullScreen=1, version76_mouseSpeed1.000000_musicOff0_musicLoudness1.000000_webRetrySeconds16 4CB33D163DAAAB2DF34C9AD44399608906AFA469
3 T 1208392035.569000 mm 582 703 mm 587 703
0  
1  mm 870 692
0  
0  
0  
0  
0  
0  
0  
0  
0  
0  
0  
0  
0  
0  
0  
0  
0  
0  
0  
0  
0  
0  
0  
0  
0  
0  
0  
1  mm 886 691
1  mm 904 691
1  mm 952 690
1  mm 1038 684
1  mm 1042 684
1  mm 992 682
0  
0  
0  
0  
0  
0  
0  
0  
0  
0  
0  
0  
0  
0  
0  
0  
0  
0  
0  
0  
0  
0  
0  
0  
0  
0  
1  mm 1000 680
1  mm 1039 675
3 T 1208392039.367000 T 1208392039.370000 mm 1036 652
2 T 1208392039.399000 mm 1048 642
2 T 1208392039.431000 mm 1050 640
2 T 1208392039.465000 mm 1051 640
1 T 1208392039.497000 
2 T 1208392039.531000 mm 1052 640
2 T 1208392039.564000 mm 1067 632
2 T 1208392039.597000 mm 1086 624
2 T 1208392039.630000 mm 1114 613
2 T 1208392039.663000 mm 1124 610
2 T 1208392039.696000 mm 1125 608
1 T 1208392039.729000 
2 T 1208392039.761000 mm 1127 608
2 T 1208392039.795000 mm 1141 606
2 T 1208392039.828000 mm 1169 596
2 T 1208392039.862000 mm 1215 582
2 T 1208392039.894000 mm 1260 567
2 T 1208392039.927000 mm 1306 559
2 T 1208392039.961000 mm 1334 553
2 T 1208392039.993000 mm 1350 551
2 T 1208392040.027000 mm 1378 546
2 T 1208392040.059000 mm 1435 537
2 T 1208392040.092000 mm 1543 519
2 T 1208392040.125000 mm 1595 512
2 T 1208392040.159000 mm 1604 512
2 T 1208392040.191000 mm 1624 512
2 T 1208392040.225000 mm 1632 510
1 T 1208392040.257000 
1 T 1208392040.290000 
1 T 1208392040.323000 
1 T 1208392040.356000 
1 T 1208392040.389000 
1 T 1208392040.422000 
2 T 1208392040.455000 mm 1630 510
1 T 1208392040.488000 
1 T 1208392040.521000 
0  
0  
1  mm 1626 510
1  mm 1606 510
1  mm 1593 510
1  mm 1591 510
0  
0  
1  mm 1585 513
1  mm 1582 517
1  mm 1582 519
0  
1  mm 1582 520
1  mm 1582 524
1  mm 1582 527
1  mm 1580 528
1  mm 1580 529
1  mm 1579 530
0  
1  mm 1578 534
1  mm 1575 540
1  mm 1575 541
1  mm 1575 542
0  
0  
0  
0  
0  
0  
0  
0  
0  
0  
0  
0  
0  
0  
0  
0  
0  
0  
0  
0  
0  
0  
0  
0  
0  
0  
0  
0  
0  
0  
0  
0  
0  
0  
0  
0  
0  
0  
0  
0  
0  
0  
0  
0  
0  
0  
0  
0  
0  
0  
0  
0  
0  
0  
0  
0  
0  
1  mb 1 1 1575 542
0  
0  
0  
0  
0  
0  
0  
0  
0  
0  
0  
0  
2 T 1208392043.629000 mb 1 0 1575 542
0  
1 T 1208392043.689000 
1 T 1208392043.722000 
1 T 1208392043.756000 
1 T 1208392043.789000 
1 T 1208392043.822000 
1 T 1208392043.854000 
1 T 1208392043.887000 
1 T 1208392043.921000 
1 T 1208392043.954000 
1 T 1208392043.987000 
1 T 1208392044.020000 
1 T 1208392044.052000 
1 T 1208392044.085000 
1 T 1208392044.119000 
1 T 1208392044.151000 
1 T 1208392044.184000 
1 T 1208392044.217000 
1 T 1208392044.251000 
1 T 1208392044.283000 
1 T 1208392044.317000 
2 T 1208392044.350000 mm 1579 542
1 T 1208392044.383000 
1 T 1208392044.416000 
1 T 1208392044.449000 
1 T 1208392044.482000 
1 T 1208392044.515000 
1 T 1208392044.547000 
1 T 1208392044.581000 
1 T 1208392044.614000 
5 T 1208392044.647000 xs 0 2 16 534E0A302F3230300A35340A37350A23 xs 0 2 0 xs 0 0 7 T 1208392044.649000 
1 T 1208392044.680000 
1 T 1208392044.713000 
2 T 1208392044.746000 mm 1573 547
2 T 1208392044.779000 mm 1550 560
2 T 1208392044.813000 mm 1543 560
2 T 1208392044.845000 mm 1542 560
1 T 1208392044.878000 
1 T 1208392044.910000 
1 T 1208392044.943000 
1 T 1208392044.977000 
1 T 1208392045.009000 
1 T 1208392045.042000 
1 T 1208392045.076000 
1 T 1208392045.108000 
1 T 1208392045.142000 
1 T 1208392045.175000 
1 T 1208392045.209000 
1 T 1208392045.242000 
1 T 1208392045.275000 
1 T 1208392045.307000 
1 T 1208392045.340000 
1 T 1208392045.373000 
1 T 1208392045.407000 
1 T 1208392045.439000 
1 T 1208392045.473000 
1 T 1208392045.506000 
1 T 1208392045.538000 
1 T 1208392045.572000 
1 T 1208392045.605000 
1 T 1208392045.638000 
1 T 1208392045.671000 
1 T 1208392045.704000 
1 T 1208392045.737000 
1 T 1208392045.770000 
0  
0  
0  
0  
0  
0  
0  
0  
0  
0  
0  
0  
0  
0  
0  
0  
0  
0  
0  
0  
0  
0  
0  
0  
0  
0  
1  mm 1539 558
1  mm 1523 524
1  mm 1510 484
1  mm 1498 450
1  mm 1480 413
1  mm 1452 374
1  mm 1422 337
1  mm 1387 300
1  mm 1355 271
1  mm 1334 253
1  mm 1314 243
1  mm 1295 235
1  mm 1252 221
1  mm 1210 205
2 T 1208392047.162000 mm 1137 195
1  mm 1038 174
1  mm 955 164
1  mm 914 157
1  mm 910 155
0  
0  
1  mm 940 149
1  mm 1045 140
1  mm 1242 140
1  mm 1327 140
0  
1  mm 1323 140
0  
0  
1  mm 1349 140
1  mm 1412 140
1  mm 1506 146
1  mm 1532 146
0  
1  mm 1512 146
1  mm 1510 146
0  
1  mm 1544 146
1  mm 1581 149
1  mm 1593 150
0  
1  mm 1594 151
0  
0  
0  
1  mm 1594 152
1  mm 1597 163
1  mm 1553 210
1  mm 1442 289
1  mm 1309 368
1  mm 1165 454
1  mm 1113 490
1  mm 1077 525
1  mm 1028 568
1  mm 959 613
1  mm 886 654
1  mm 816 691
1  mm 747 731
1  mm 674 766
1  mm 632 781
1  mm 604 796
1  mm 584 810
1  mm 560 827
1  mm 530 850
1  mm 494 872
1  mm 439 899
1  mm 411 911
1  mm 403 919
1  mm 397 926
1  mm 389 936
1  mm 389 937
1  mm 389 938
0  
0  
0  
1  mm 388 939
1  mm 387 945
1  mm 384 947
1  mm 383 948
1  mm 382 950
1  mm 381 952
1  mm 380 955
0  
1  mm 380 956
0  
0  
0  
0  
0  
0  
0  
0  
0  
0  
0  
0  
0  
0  
0  
0  
0  
0  
0  
0  
0  
0  
0  
0  
0  
0  
0  
0  
1  mb 1 1 380 956
0  
1 T 1208392050.462000 
0  
0  
1  mb 1 0 380 956
