1207872026 seed, 60 fps, 1920x1080, fullScreen=1, version73_mouseSpeed1.000000_musicOff0_musicLoudness1.000000_webRetrySeconds16 39F5D403D9734472EB90545B8404B1BC918AF16B
0  
0  
0  
0  
0  
0  
0  
0  
1 T 1207872031.007000 
0  
0  
0  
0  
0  
0  
0  
0  
0  
0  
0  
0  
0  
0  
0  
0  
0  
0  
0  
0  
0  
0  
0  
0  
0  
0  
0  
0  
0  
0  
0  
0  
0  
0  
0  
0  
0  
0  
0  
0  
0  
0  
0  
0  
0  
0  
0  
0  
0  
0  
0  
0  
0  
0  
0  
0  
0  
0  
0  
0  
0  
0  
0  
0  
0  
0  
1  mm 1140 338
1  mm 1135 344
0  
1  mm 1137 345
1  mm 1141 346
1  mm 1143 346
0  
0  
0  
0  
0  
0  
0  
0  
1  mm 1143 347
0  
0  
0  
0  
0  
0  
0  
0  
0  
0  
0  
0  
0  
0  
0  
0  
0  
0  
2 T 1207872033.941000 T 1207872033.942000 
0  
0  
0  
0  
0  
0  
2 T 1207872034.717000 T 1207872034.720000 
0  
0  
1 T 1207872034.740000 
1 T 1207872034.773000 
1 T 1207872034.807000 
1 T 1207872034.840000 
1 T 1207872034.873000 
1 T 1207872034.907000 
1 T 1207872034.940000 
1 T 1207872034.973000 
1 T 1207872035.007000 
1 T 1207872035.040000 
1 T 1207872035.073000 
1 T 1207872035.107000 
1 T 1207872035.140000 
1 T 1207872035.174000 
1 T 1207872035.207000 
1 T 1207872035.240000 
2 T 1207872035.274000 mm 1141 347
2 T 1207872035.307000 mm 1124 336
2 T 1207872035.340000 mm 1115 328
2 T 1207872035.374000 mm 1112 323
2 T 1207872035.407000 mm 1097 288
2 T 1207872035.440000 mm 1071 231
2 T 1207872035.473000 mm 1050 202
2 T 1207872035.507000 mm 1029 187
2 T 1207872035.540000 mm 1015 178
2 T 1207872035.574000 mm 1002 175
2 T 1207872035.607000 mm 880 211
2 T 1207872035.640000 mm 678 322
2 T 1207872035.674000 mm 517 470
2 T 1207872035.707000 mm 423 642
2 T 1207872035.740000 mm 403 713
2 T 1207872035.774000 mm 401 723
2 T 1207872035.807000 mm 389 732
2 T 1207872035.840000 mm 371 738
1  mm 347 746
1  mm 340 748
0  
0  
1  mm 341 734
1  mm 356 715
1  mm 367 702
0  
1  mb 1 1 367 702
0  
0  
0  
2 F 0.000000 mb 1 0 367 702
1 F 0.000000 
4 af 0 af 1 F 0.000000 mm 376 701
2 F 0.000000 mm 379 701
1 F 0.000000 
1 F 0.000000 
1 F 0.000000 
1 F 0.000000 
1 F 0.000000 
1 F 0.000000 
2 F 0.000000 mm 381 701
2 F 0.000000 mm 408 698
2 F 0.000000 mm 440 695
2 F 0.000000 mm 476 695
2 F 0.000000 mm 518 688
2 F 0.000000 mm 577 677
2 F 0.000000 mm 647 655
2 F 0.000000 mm 706 629
2 F 0.000000 mm 758 605
2 F 0.000000 mm 801 583
2 F 0.000000 mm 836 557
2 F 0.000000 mm 887 521
2 F 0.000000 mm 938 476
2 F 0.000000 mm 957 449
2 F 0.000000 mm 963 440
2 F 0.000000 mm 972 424
2 F 0.000000 mm 988 403
2 F 0.000000 mm 995 397
2 F 0.000000 mm 997 396
2 F 0.000000 mm 1006 382
2 F 0.000000 mm 1014 372
2 F 0.000000 mm 1024 354
2 F 0.000000 mm 1031 339
2 F 0.000000 mm 1044 321
2 F 0.000000 mm 1064 295
2 F 0.000000 mm 1081 280
2 F 0.000000 mm 1102 257
2 F 0.000000 mm 1131 227
2 F 0.000000 mm 1155 204
2 F 0.000000 mm 1166 189
2 F 0.000000 mm 1167 187
1 F 0.000000 
1 F 0.000000 
2 F 0.000000 mm 1168 183
3 T 1207872037.739000 F 0.000000 mm 1168 181
2 F 0.000000 mm 1168 180
2 F 0.000000 mm 1171 176
2 F 0.000000 mm 1178 171
2 F 0.000000 mm 1197 158
2 F 0.000000 mm 1210 148
1 F 0.000000 
2 F 0.000000 mb 1 1 1210 148
1 F 0.000000 
1 F 0.000000 
1 F 0.000000 
1 F 0.000000 
1 F 0.000000 
1  mb 1 0 1210 148
