1209259521 seed, 30 fps, 1920x1080, fullScreen=1, version84_mouseSpeed1.000000_musicOff0_musicLoudness0.000000_webRetrySeconds16 42465DEE661C4C80A66BFD33B6F8DBB5EF6ACF88
2 T 1209259521.679000 mm 990 353
0  
0  
0  
0  
0  
0  
0  
0  
0  
0  
0  
0  
0  
0  
0  
0  
0  
0  
0  
0  
0  
0  
0  
0  
0  
0  
0  
0  
0  
0  
0  
0  
0  
0  
1  mm 987 350
1  mm 987 351
1  mm 987 352
0  
0  
0  
0  
0  
0  
0  
0  
0  
0  
0  
0  
0  
0  
0  
0  
0  
0  
0  
0  
0  
0  
0  
0  
1  mm 1084 485
3 T 1209259525.558000 T 1209259525.561000 mm 1334 463
1 T 1209259525.591000 
1 T 1209259525.624000 
1 T 1209259525.657000 
1 T 1209259525.690000 
1 T 1209259525.722000 
1 T 1209259525.756000 
1 T 1209259525.789000 
1 T 1209259525.822000 
1 T 1209259525.855000 
1 T 1209259525.887000 
1 T 1209259525.921000 
1 T 1209259525.954000 
1 T 1209259525.986000 
1 T 1209259526.020000 
1 T 1209259526.053000 
2 T 1209259526.085000 mm 1348 463
2 T 1209259526.118000 mm 1386 461
2 T 1209259526.151000 mm 1411 461
2 T 1209259526.185000 mm 1423 461
2 T 1209259526.218000 mm 1426 461
2 T 1209259526.250000 mm 1430 461
2 T 1209259526.284000 mm 1436 460
2 T 1209259526.317000 mm 1446 460
2 T 1209259526.350000 mm 1453 460
2 T 1209259526.383000 mm 1456 460
2 T 1209259526.416000 mm 1459 466
2 T 1209259526.449000 mm 1472 487
2 T 1209259526.482000 mm 1478 504
2 T 1209259526.515000 mm 1480 515
2 T 1209259526.548000 mm 1480 516
2 T 1209259526.582000 mm 1480 518
2 T 1209259526.615000 mm 1480 519
1 T 1209259526.647000 
1 T 1209259526.680000 
0  
1 T 1209259526.746000 
0  
0  
0  
0  
0  
0  
0  
0  
0  
0  
1  mb 1 1 1480 519
0  
0  
2 T 1209259527.211000 mb 1 0 1480 519
0  
1 T 1209259527.274000 
1 T 1209259527.307000 
1 T 1209259527.339000 
2 T 1209259527.372000 mm 1509 525
2 T 1209259527.405000 mm 1549 534
2 T 1209259527.439000 mm 1563 538
1 T 1209259527.472000 
2 T 1209259527.504000 mm 1565 538
2 T 1209259527.538000 mm 1577 537
2 T 1209259527.571000 mm 1581 534
1 T 1209259527.604000 
1 T 1209259527.636000 
2 T 1209259527.670000 mm 1584 533
2 T 1209259527.703000 mm 1589 527
2 T 1209259527.736000 mm 1591 524
1 T 1209259527.768000 
1 T 1209259527.803000 
1 T 1209259527.834000 
2 T 1209259527.867000 mm 1564 516
2 T 1209259527.900000 mm 1479 527
2 T 1209259527.935000 mm 1302 568
2 T 1209259527.966000 mm 1198 602
2 T 1209259528.000000 mm 1139 624
2 T 1209259528.033000 mm 1090 643
2 T 1209259528.065000 mm 1040 666
2 T 1209259528.098000 mm 1013 678
2 T 1209259528.132000 mm 1009 680
2 T 1209259528.165000 mm 1028 681
2 T 1209259528.197000 mm 1035 681
3 T 1209259528.231000 xs 0 3 -1 T 1209259528.233000 
1 T 1209259528.264000 
1 T 1209259528.296000 
1 T 1209259528.329000 
1 T 1209259528.362000 
1 T 1209259528.397000 
1 T 1209259528.428000 
2 T 1209259528.691000 mm 497 889
2 T 1209259528.724000 mm 462 912
2 T 1209259528.756000 mm 438 930
2 T 1209259528.791000 mm 423 941
2 T 1209259528.824000 mm 413 947
2 T 1209259528.856000 mm 402 952
2 T 1209259528.889000 mm 397 954
1 T 1209259528.923000 
1 T 1209259528.956000 
1 T 1209259528.989000 
1 T 1209259529.022000 
2 T 1209259529.055000 mb 1 1 397 954
1 T 1209259529.087000 
1 T 1209259529.122000 
1 T 1209259529.154000 
1  mb 1 0 397 954
