1211196439 seed, 30 fps, 1920x1080, fullScreen=1, version98_mouseSpeed1.000000_musicOff0_musicLoudness0.000000_webRetrySeconds16 3A84615318F8E00D32AFC8D06EBEF000378BAC5B
2 T 1211196441.419000 mm 960 540
0  
0  
0  
0  
0  
0  
0  
0  
0  
0  
0  
0  
0  
0  
0  
0  
0  
0  
0  
0  
0  
0  
0  
0  
0  
0  
0  
0  
0  
0  
0  
0  
0  
0  
0  
0  
0  
0  
0  
0  
0  
0  
0  
0  
0  
0  
0  
0  
0  
0  
0  
0  
0  
0  
0  
0  
0  
0  
0  
0  
0  
0  
0  
0  
2 T 1211196445.421000 T 1211196445.424000 
1 T 1211196445.454000 
1 T 1211196445.487000 
1 T 1211196445.520000 
1 T 1211196445.552000 
1 T 1211196445.587000 
1 T 1211196445.619000 
1 T 1211196445.651000 
1 T 1211196445.685000 
1 T 1211196445.718000 
1 T 1211196445.752000 
1 T 1211196445.786000 
1 T 1211196445.818000 
1 T 1211196445.851000 
1 T 1211196445.884000 
1 T 1211196445.917000 
1 T 1211196445.951000 
1 T 1211196445.984000 
1 T 1211196446.016000 
1 T 1211196446.050000 
1 T 1211196446.082000 
1 T 1211196446.115000 
1 T 1211196446.148000 
1 T 1211196446.181000 
1 T 1211196446.214000 
1 T 1211196446.247000 
1 T 1211196446.280000 
1 T 1211196446.313000 
1 T 1211196446.345000 
1 T 1211196446.379000 
1 T 1211196446.413000 
1 T 1211196446.445000 
1 T 1211196446.478000 
1 T 1211196446.511000 
3 T 1211196446.544000 R R 
0  
0  
0  
0  
0  
0  
0  
0  
0  
0  
0  
0  
0  
0  
1  mm 1033 522
1  mm 1172 494
1  mm 1248 489
1  mm 1296 483
1  mm 1335 473
1  mm 1374 464
1  mm 1481 478
1  mm 1518 498
1  mm 1533 514
1  mm 1540 524
1  mm 1543 527
1  mm 1543 528
0  
1  mb 1 1 1543 528
0  
0  
2 T 1211196447.570000 mb 1 0 1543 528
0  
1 T 1211196447.745000 
1 T 1211196447.778000 
1 T 1211196447.812000 
1 T 1211196447.845000 
1 T 1211196447.877000 
1 T 1211196447.911000 
1 T 1211196447.944000 
1 T 1211196447.977000 
1 T 1211196448.010000 
1 T 1211196448.043000 
1 T 1211196448.076000 
1 T 1211196448.109000 
1 T 1211196448.142000 
1 T 1211196448.174000 
1 T 1211196448.208000 
1 T 1211196448.241000 
2 T 1211196448.274000 mm 1569 554
2 T 1211196448.307000 mm 1582 559
1 T 1211196448.340000 
1 T 1211196448.373000 
1 T 1211196448.406000 
1 T 1211196448.439000 
1 T 1211196448.472000 
1 T 1211196448.506000 
2 T 1211196448.538000 mm 1581 559
8 T 1211196448.571000 xs 0 2 16 534E0A302F3230300A36360A39350A23 xs 0 2 0 R R xs 0 0 7 T 1211196448.573000 T 1211196448.576000 
1 T 1211196448.605000 
1 T 1211196448.638000 
1 T 1211196448.672000 
1 T 1211196448.705000 
1 T 1211196448.737000 
1 T 1211196448.770000 
1 T 1211196448.803000 
1 T 1211196448.838000 
1 T 1211196448.870000 
1 T 1211196448.903000 
1 T 1211196448.937000 
1 T 1211196448.968000 
1 T 1211196449.003000 
1 T 1211196449.035000 
1 T 1211196449.067000 
1 T 1211196449.099000 
2 T 1211196449.134000 mm 1567 566
2 T 1211196449.167000 mm 1529 585
2 T 1211196449.201000 mm 1503 607
2 T 1211196449.233000 mm 1498 620
2 T 1211196449.267000 mm 1500 633
2 T 1211196449.299000 mm 1526 638
1 T 1211196449.331000 
1 T 1211196449.364000 
1 T 1211196449.399000 
1 T 1211196449.431000 
1 T 1211196449.465000 
2 T 1211196449.496000 mm 1535 637
2 T 1211196449.530000 mm 1498 641
2 T 1211196449.564000 mm 1242 671
2 T 1211196449.596000 mm 958 713
2 T 1211196449.629000 mm 744 759
2 T 1211196449.662000 mm 638 803
2 T 1211196449.694000 mm 576 844
1  mm 547 866
1  mm 507 881
1  mm 480 897
1  mm 468 916
1  mm 439 952
1  mm 423 968
1  mm 394 982
3 T 1211196449.957000 R mm 361 986
1  mm 346 988
0  
1  mb 1 1 346 988
0  
0  
1  mb 1 0 346 988
