1207836097 seed, 60 fps, 1920x1080, fullScreen=1, version73_mouseSpeed1.000000_musicOff0_musicLoudness1.000000_webRetrySeconds16 39F5D403D9734472EB90545B8404B1BC918AF16B
3 T 1207836098.920000 mm 960 534 mm 1048 540
0  
1  mm 1112 549
0  
0  
0  
0  
0  
0  
0  
0  
0  
0  
0  
1  mm 1111 547
1  mm 1105 539
1  mm 1104 535
0  
1  mm 1104 534
1  mm 1105 534
1  mm 1107 534
1  mm 1106 535
1  mm 1100 536
1  mm 1057 548
0  
1  mm 1042 551
1  mm 1025 555
1  mm 981 561
1  mm 926 570
1  mm 889 575
1  mm 862 578
1  mm 857 580
1  mm 856 580
0  
0  
0  
0  
0  
0  
0  
1  mm 853 580
1  mm 852 581
1  mm 850 581
0  
0  
0  
0  
0  
0  
0  
0  
0  
0  
0  
0  
0  
0  
0  
0  
0  
0  
0  
0  
0  
0  
1  mm 852 583
0  
0  
1  mm 867 601
1  mm 889 612
1  mm 908 621
1  mm 909 621
0  
0  
0  
0  
0  
0  
0  
0  
0  
1  mm 909 620
1  mm 912 618
1  mm 915 617
1  mm 916 617
1  mm 918 616
1  mm 924 613
1  mm 934 608
1  mm 943 600
1  mm 953 585
1  mm 958 569
1  mm 959 549
1  mm 960 530
1  mm 960 524
1  mm 959 520
1  mm 956 520
1  mm 950 520
1  mm 947 520
1  mm 946 520
1 T 1207836101.383000 
0  
1  mm 945 520
1  mm 945 526
1  mm 945 533
1  mm 945 542
1  mm 945 547
1  mm 945 549
1  mm 945 550
0  
0  
0  
0  
1  mm 945 552
0  
3 T 1207836102.346000 T 1207836102.348000 mm 951 580
2 T 1207836102.349000 mm 954 581
0  
2 T 1207836102.367000 mm 958 581
2 T 1207836102.383000 mm 964 581
2 T 1207836102.400000 mm 965 581
1 T 1207836102.417000 
1 T 1207836102.433000 
1 T 1207836102.450000 
1 T 1207836102.466000 
1 T 1207836102.483000 
1 T 1207836102.500000 
1 T 1207836102.517000 
1 T 1207836102.533000 
1 T 1207836102.550000 
1 T 1207836102.567000 
1 T 1207836102.584000 
1 T 1207836102.600000 
1 T 1207836102.616000 
1 T 1207836102.634000 
1 T 1207836102.650000 
2 T 1207836102.667000 mm 962 583
2 T 1207836102.684000 mm 959 584
2 T 1207836102.700000 mm 955 584
1 T 1207836102.716000 
1 T 1207836102.733000 
2 T 1207836102.750000 mm 954 584
2 T 1207836102.767000 mm 951 584
2 T 1207836102.783000 mm 948 585
2 T 1207836102.800000 mm 942 586
2 T 1207836102.817000 mm 936 589
2 T 1207836102.834000 mm 932 591
2 T 1207836102.850000 mm 932 592
2 T 1207836102.867000 mm 930 594
2 T 1207836102.884000 mm 928 597
2 T 1207836102.900000 mm 927 598
2 T 1207836102.917000 mm 926 599
1 T 1207836102.933000 
1 T 1207836102.950000 
1 T 1207836102.967000 
1 T 1207836102.983000 
1 T 1207836103.000000 
1 T 1207836103.016000 
1 T 1207836103.033000 
2 T 1207836103.050000 mm 925 600
2 T 1207836103.112000 mm 923 601
1 T 1207836103.113000 
1 T 1207836103.114000 
1 T 1207836103.116000 
1 T 1207836103.133000 
1 T 1207836103.150000 
1 T 1207836103.166000 
1 T 1207836103.183000 
1 T 1207836103.200000 
1 T 1207836103.216000 
1 T 1207836103.233000 
1 T 1207836103.250000 
1 T 1207836103.266000 
1 T 1207836103.283000 
1 T 1207836103.300000 
1 T 1207836103.316000 
1 T 1207836103.333000 
1 T 1207836103.350000 
1 T 1207836103.366000 
1 T 1207836103.383000 
1 T 1207836103.399000 
1 T 1207836103.416000 
1 T 1207836103.433000 
1 T 1207836103.450000 
0  
0  
0  
0  
0  
0  
0  
0  
0  
0  
0  
0  
0  
0  
0  
0  
1 T 1207836103.732000 
0  
0  
0  
0  
0  
0  
0  
0  
0  
0  
0  
0  
0  
0  
0  
0  
0  
0  
0  
0  
0  
0  
0  
0  
0  
0  
0  
0  
0  
0  
0  
0  
0  
0  
0  
0  
0  
0  
0  
0  
0  
0  
0  
0  
0  
1  mm 926 606
1  mm 937 613
1  mm 947 618
1  mm 965 624
1  mm 978 625
1  mm 985 625
0  
0  
0  
0  
0  
0  
0  
0  
0  
1  mm 985 641
1  mm 980 662
1  mm 977 682
1  mm 977 702
1  mm 979 727
1  mm 983 754
1  mm 986 788
1  mm 994 812
1  mm 1004 825
1  mm 1013 834
1  mm 1016 835
1  mm 1022 835
1  mm 1033 828
1  mm 1035 823
1  mm 1042 795
1  mm 1042 775
1  mm 1034 759
1  mm 1018 743
1  mm 989 732
1  mm 939 720
1  mm 878 715
1  mm 799 710
1  mm 708 702
1  mm 627 693
1  mm 569 684
1  mm 496 681
1  mm 473 681
1  mm 459 681
1  mm 454 681
1  mm 450 681
1  mm 443 681
1  mm 434 682
1  mm 422 690
1  mm 410 696
1  mm 400 701
1  mm 397 705
1  mm 396 705
1  mm 394 705
0  
1 T 1207836105.398000 
0  
1  mm 394 706
1  mm 394 709
1  mm 394 714
1  mm 393 722
1  mm 393 723
0  
0  
0  
0  
0  
0  
0  
0  
0  
0  
0  
0  
0  
1  mb 1 1 393 723
0  
0  
0  
0  
0  
0  
2 F 0.000000 mb 1 0 393 723
1 F 0.000000 
3 af 0 af 1 F 0.000000 
1 F 0.000000 
1 F 0.000000 
1 F 0.000000 
1 F 0.000000 
1 F 0.000000 
1 F 0.000000 
1 F 0.000000 
1 F 0.000000 
1 F 0.000000 
2 F 0.000000 mm 399 723
2 F 0.000000 mm 414 723
2 F 0.000000 mm 441 719
2 F 0.000000 mm 483 703
2 F 0.000000 mm 550 663
2 F 0.000000 mm 630 617
2 F 0.000000 mm 711 565
2 F 0.000000 mm 840 492
2 F 0.000000 mm 933 461
2 F 0.000000 mm 1034 418
2 F 0.000000 mm 1120 371
2 F 0.000000 mm 1184 329
2 F 0.000000 mm 1227 301
2 F 0.000000 mm 1249 282
2 F 0.000000 mm 1253 275
2 F 0.000000 mm 1253 268
2 F 0.000000 mm 1253 263
2 F 0.000000 mm 1249 252
2 F 0.000000 mm 1246 246
2 F 0.000000 mm 1242 237
2 F 0.000000 mm 1241 234
2 F 0.000000 mm 1233 224
2 F 0.000000 mm 1228 220
2 F 0.000000 mm 1220 219
2 F 0.000000 mm 1208 216
2 F 0.000000 mm 1195 214
2 F 0.000000 mm 1186 211
2 F 0.000000 mm 1176 204
2 F 0.000000 mm 1171 194
2 F 0.000000 mm 1170 188
2 F 0.000000 mm 1170 179
2 F 0.000000 mm 1170 174
2 F 0.000000 mm 1170 169
2 F 0.000000 mm 1173 164
2 F 0.000000 mm 1175 163
1 F 0.000000 
1 F 0.000000 
1 F 0.000000 
2 F 0.000000 mb 1 1 1175 163
1 F 0.000000 
1 F 0.000000 
1 F 0.000000 
1 F 0.000000 
1 F 0.000000 
1 F 0.000000 
1  mb 1 0 1175 163
