1210649565 seed, 30 fps, 1920x1080, fullScreen=1, version96_mouseSpeed1.000000_musicOff0_musicLoudness0.000000_webRetrySeconds16 D7B0694EEF5ECFC8B3CCDCAF722279C3F19F6647
3 T 1210649565.855000 mm 1263 202 mm 1266 208
1  mm 1284 286
1  mm 1479 497
1  mm 1479 498
0  
0  
0  
0  
0  
0  
0  
0  
0  
1  mm 1470 499
1  mm 1463 498
1  mm 1463 491
0  
0  
0  
0  
0  
0  
0  
0  
0  
0  
0  
0  
0  
0  
0  
0  
0  
0  
0  
1  mm 1462 491
1  mm 1464 493
0  
0  
0  
0  
0  
0  
0  
0  
0  
0  
0  
0  
0  
0  
0  
0  
0  
0  
0  
0  
0  
0  
0  
0  
0  
0  
0  
0  
2 T 1210649570.099000 T 1210649570.102000 
2 T 1210649570.132000 mm 1466 493
1 T 1210649570.164000 
1 T 1210649570.197000 
1 T 1210649570.230000 
1 T 1210649570.263000 
1 T 1210649570.296000 
1 T 1210649570.329000 
1 T 1210649570.362000 
1 T 1210649570.395000 
1 T 1210649570.428000 
2 T 1210649570.461000 mm 1465 494
2 T 1210649570.494000 mm 1465 502
2 T 1210649570.527000 mm 1468 508
2 T 1210649570.561000 mm 1476 518
2 T 1210649570.592000 mm 1486 532
2 T 1210649570.626000 mm 1493 542
2 T 1210649570.659000 mm 1494 544
1 T 1210649570.692000 
1 T 1210649570.725000 
1 T 1210649570.758000 
1 T 1210649570.791000 
2 T 1210649570.824000 mm 1497 545
2 T 1210649570.857000 mm 1499 545
1 T 1210649570.890000 
1 T 1210649570.923000 
1 T 1210649570.956000 
1 T 1210649570.989000 
1 T 1210649571.022000 
1 T 1210649571.055000 
1 T 1210649571.088000 
1 T 1210649571.121000 
1 T 1210649571.154000 
1 T 1210649571.186000 
1 T 1210649571.220000 
0  
0  
0  
0  
0  
0  
0  
0  
0  
0  
0  
0  
0  
0  
0  
0  
0  
0  
0  
0  
0  
0  
0  
1  mb 1 1 1499 545
0  
0  
0  
0  
2 t 1210649572 mb 1 0 1499 545
1 wb 0 0 
1 wb 0 0 
1 wb 0 0 
1 wb 0 0 
1 wb 0 0 
1 wb 0 0 
1 wb 0 0 
1 wb 0 0 
1 wb 0 0 
1 wb 0 0 
1 wb 0 0 
1 wb 0 0 
1 wb 0 0 
1 wb 0 0 
1 wb 0 0 
4 wb 0 1 wb 0 2 87 server1.onehouronelife.com
8005
96
http://onehouronelife.com/updateServer/server.php
OK wb 0 2 87 server1.onehouronelife.com
8005
96
http://onehouronelife.com/updateServer/server.php
OK T 1210649572.705000 
0  
1 T 1210649572.781000 
1 T 1210649572.815000 
1 T 1210649572.848000 
1 T 1210649572.881000 
1 T 1210649572.914000 
1 T 1210649572.947000 
1 T 1210649572.981000 
1 T 1210649573.012000 
1 T 1210649573.047000 
1 T 1210649573.079000 
1 T 1210649573.112000 
1 T 1210649573.145000 
1 T 1210649573.178000 
1 T 1210649573.211000 
1 T 1210649573.244000 
1 T 1210649573.277000 
1 T 1210649573.310000 
1 T 1210649573.343000 
1 T 1210649573.376000 
1 T 1210649573.408000 
1 T 1210649573.442000 
1 T 1210649573.475000 
1 T 1210649573.508000 
1 T 1210649573.541000 
1 T 1210649573.574000 
1 T 1210649573.607000 
1 T 1210649573.640000 
1 T 1210649573.673000 
6 T 1210649573.706000 xs 0 2 21 534E0A32382F3230300A3139333130300A39360A23 xs 0 2 0 xs 0 0 7 T 1210649573.707000 xs 0 0 169 
2 T 1210649573.739000 xs 0 2 0 
2 T 1210649573.772000 xs 0 2 0 
2 T 1210649573.805000 xs 0 2 0 
2 T 1210649573.838000 xs 0 2 0 
2 T 1210649573.871000 xs 0 2 0 
2 T 1210649573.904000 xs 0 2 0 
2 T 1210649573.937000 xs 0 2 0 
4 T 1210649573.970000 xs 0 2 10 52454A45435445440A23 xs 0 3 -1 T 1210649573.971000 
1 T 1210649574.003000 
1 T 1210649574.036000 
1 T 1210649574.069000 
1 T 1210649574.102000 
1 T 1210649574.135000 
1 T 1210649574.168000 
1 T 1210649574.201000 
1 T 1210649574.234000 
1 T 1210649574.266000 
1 T 1210649574.301000 
1 T 1210649574.333000 
1 T 1210649574.366000 
1 T 1210649574.399000 
1 T 1210649574.432000 
1 T 1210649574.465000 
1 T 1210649574.498000 
1 T 1210649574.531000 
1 T 1210649574.564000 
1 T 1210649574.597000 
1 T 1210649574.630000 
1 T 1210649574.663000 
1 T 1210649574.696000 
1 T 1210649574.729000 
1 T 1210649574.762000 
1 T 1210649574.795000 
1 T 1210649574.828000 
1 T 1210649574.861000 
1 T 1210649574.894000 
1 T 1210649574.927000 
1 T 1210649574.960000 
1 T 1210649574.993000 
1 T 1210649575.026000 
1 T 1210649575.060000 
1 T 1210649575.092000 
0  
0  
0  
0  
0  
0  
0  
0  
0  
0  
0  
0  
0  
0  
0  
0  
0  
1  mm 1469 547
1  mm 1344 576
1  mm 1142 612
1  mm 890 676
1  mm 746 745
1  mm 674 799
1  mm 633 836
1  mm 587 870
1  mm 533 902
1  mm 483 923
1  mm 438 936
1  mm 401 952
1  mm 384 962
1  mm 366 975
1  mm 350 983
1  mm 344 985
1  mm 343 985
0  
0  
0  
0  
0  
0  
0  
1  mb 1 1 343 985
0  
0  
0  
1  mb 1 0 343 985
