1207955001 seed, 60 fps, 1920x1080, fullScreen=1, version73_mouseSpeed1.000000_musicOff0_musicLoudness1.000000_webRetrySeconds16 39F5D403D9734472EB90545B8404B1BC918AF16B
3 T 1207955003.370000 mm 1103 497 mm 1294 430
0  
0  
0  
0  
0  
0  
0  
0  
0  
0  
0  
0  
0  
0  
0  
0  
0  
0  
0  
0  
0  
0  
0  
0  
0  
0  
0  
0  
0  
0  
0  
0  
0  
0  
0  
0  
0  
0  
0  
0  
0  
0  
0  
0  
0  
0  
0  
0  
0  
0  
0  
0  
0  
0  
0  
0  
0  
0  
0  
0  
0  
0  
0  
0  
0  
0  
0  
0  
0  
0  
0  
0  
0  
0  
0  
0  
0  
0  
0  
0  
0  
0  
0  
0  
0  
0  
0  
0  
0  
0  
0  
0  
0  
0  
0  
0  
0  
0  
1 T 1207955005.814000 
0  
0  
0  
0  
0  
0  
0  
0  
0  
0  
0  
0  
0  
0  
2 T 1207955006.733000 T 1207955006.735000 
1 T 1207955006.736000 
0  
1 T 1207955006.747000 
1 T 1207955006.764000 
1 T 1207955006.780000 
1 T 1207955006.797000 
1 T 1207955006.814000 
1 T 1207955006.830000 
1 T 1207955006.847000 
1 T 1207955006.864000 
1 T 1207955006.880000 
1 T 1207955006.897000 
1 T 1207955006.914000 
1 T 1207955006.930000 
1 T 1207955006.947000 
1 T 1207955006.964000 
1 T 1207955006.980000 
1 T 1207955006.997000 
1 T 1207955007.014000 
1 T 1207955007.030000 
1 T 1207955007.047000 
1 T 1207955007.063000 
1 T 1207955007.080000 
1 T 1207955007.097000 
1 T 1207955007.114000 
1 T 1207955007.130000 
1 T 1207955007.147000 
1 T 1207955007.164000 
1 T 1207955007.180000 
1 T 1207955007.197000 
1 T 1207955007.214000 
1 T 1207955007.230000 
1 T 1207955007.247000 
1 T 1207955007.263000 
1 T 1207955007.280000 
1 T 1207955007.297000 
1 T 1207955007.313000 
1 T 1207955007.330000 
1 T 1207955007.347000 
1 T 1207955007.363000 
1 T 1207955007.380000 
1 T 1207955007.397000 
1 T 1207955007.414000 
1 T 1207955007.430000 
1 T 1207955007.447000 
1 T 1207955007.464000 
1 T 1207955007.480000 
1 T 1207955007.497000 
1 T 1207955007.513000 
1 T 1207955007.530000 
1 T 1207955007.547000 
1 T 1207955007.564000 
1 T 1207955007.580000 
1 T 1207955007.597000 
1 T 1207955007.614000 
1 T 1207955007.630000 
1 T 1207955007.647000 
1 T 1207955007.664000 
1 T 1207955007.680000 
1 T 1207955007.697000 
1 T 1207955007.714000 
1 T 1207955007.730000 
1 T 1207955007.747000 
1 T 1207955007.763000 
1 T 1207955007.780000 
1 T 1207955007.797000 
1 T 1207955007.814000 
1 T 1207955007.830000 
1 T 1207955007.847000 
0  
0  
0  
0  
0  
0  
0  
0  
0  
0  
0  
0  
0  
0  
0  
1 T 1207955008.113000 
0  
0  
0  
0  
0  
0  
0  
0  
0  
0  
0  
0  
0  
0  
0  
0  
0  
1  mm 1296 429
1  mm 1304 431
0  
0  
1  mm 1309 431
1  mm 1336 427
1  mm 1373 418
1  mm 1408 414
1  mm 1446 414
1  mm 1481 417
1  mm 1518 433
1  mm 1526 440
1  mm 1542 450
1  mm 1547 456
1  mm 1548 460
0  
0  
0  
0  
0  
0  
0  
0  
0  
0  
0  
0  
0  
0  
0  
0  
0  
0  
1  mm 1550 461
0  
0  
0  
0  
0  
0  
0  
0  
0  
0  
0  
0  
0  
0  
0  
0  
0  
0  
0  
0  
1  mm 1551 461
1  mm 1552 458
1  mm 1552 456
0  
1  mm 1552 453
1  mm 1553 452
1  mm 1553 450
0  
0  
1  mm 1542 449
1  mm 1505 449
1  mm 1433 449
1  mm 1311 449
1  mm 1181 455
1  mm 1057 470
1  mm 937 494
2  mm 849 518 mm 815 528
1  mm 758 550
1  mm 702 579
1  mm 661 599
1  mm 635 610
1  mm 617 617
1  mm 596 623
1  mm 581 625
1  mm 566 631
1  mm 546 636
1  mm 526 641
1  mm 510 650
2 T 1207955009.779000 mm 499 655
1  mm 487 662
1  mm 474 673
1  mm 461 684
1  mm 455 692
1  mm 448 700
1  mm 442 707
1  mm 437 710
1  mm 427 713
1  mm 411 717
1  mm 400 720
1  mm 396 721
0  
0  
1  mb 1 1 396 721
0  
0  
0  
0  
0  
0  
0  
0  
2 F 0.000000 mb 1 0 396 721
1 F 0.000000 
3 af 0 af 1 F 0.000000 
1 F 0.000000 
1 F 0.000000 
1 F 0.000000 
1 F 0.000000 
1 F 0.000000 
1 F 0.000000 
1 F 0.000000 
1 F 0.000000 
1 F 0.000000 
1 F 0.000000 
1 F 0.000000 
1 F 0.000000 
1 F 0.000000 
1 F 0.000000 
1 F 0.000000 
1 F 0.000000 
1 F 0.000000 
1 F 0.000000 
1 F 0.000000 
1 F 0.000000 
1 F 0.000000 
1 F 0.000000 
1 F 0.000000 
1 F 0.000000 
1 F 0.000000 
1 F 0.000000 
2 F 0.000000 mm 402 721
2 F 0.000000 mm 407 721
2 F 0.000000 mm 413 721
2 F 0.000000 mm 422 721
2 F 0.000000 mm 435 718
2 F 0.000000 mm 459 712
2 F 0.000000 mm 492 700
2 F 0.000000 mm 538 685
2 F 0.000000 mm 601 660
2 F 0.000000 mm 703 619
2 F 0.000000 mm 751 600
2 F 0.000000 mm 889 553
2 F 0.000000 mm 954 533
2 F 0.000000 mm 993 526
2 F 0.000000 mm 1023 523
2 F 0.000000 mm 1038 522
2 F 0.000000 mm 1051 521
2 F 0.000000 mm 1064 521
2 F 0.000000 mm 1076 521
2 F 0.000000 mm 1088 521
2 F 0.000000 mm 1100 521
2 F 0.000000 mm 1113 521
2 F 0.000000 mm 1127 525
2 F 0.000000 mm 1134 529
2 F 0.000000 mm 1138 535
2 F 0.000000 mm 1141 548
2 F 0.000000 mm 1142 563
2 F 0.000000 mm 1142 581
2 F 0.000000 mm 1142 603
2 F 0.000000 mm 1138 621
2 F 0.000000 mm 1133 635
2 F 0.000000 mm 1129 641
2 F 0.000000 mm 1127 649
2 F 0.000000 mm 1122 661
2 F 0.000000 mm 1119 670
2 F 0.000000 mm 1116 680
2 F 0.000000 mm 1111 692
2 F 0.000000 mm 1105 706
2 F 0.000000 mm 1097 720
2 F 0.000000 mm 1089 737
2 F 0.000000 mm 1077 757
2 F 0.000000 mm 1065 776
2 F 0.000000 mm 1055 796
2 F 0.000000 mm 1048 808
2 F 0.000000 mm 1040 818
2 F 0.000000 mm 1037 824
2 F 0.000000 mm 1032 832
2 F 0.000000 mm 1026 840
3 T 1207955011.445000 F 0.000000 mm 1023 847
2 F 0.000000 mm 1020 852
2 F 0.000000 mm 1019 860
2 F 0.000000 mm 1017 865
2 F 0.000000 mm 1017 866
2 F 0.000000 mm 1018 869
2 F 0.000000 mm 1026 874
2 F 0.000000 mm 1043 881
2 F 0.000000 mm 1060 886
2 F 0.000000 mm 1078 889
2 F 0.000000 mm 1086 893
2 F 0.000000 mm 1091 895
1 F 0.000000 
1 F 0.000000 
2 F 0.000000 mm 1088 901
2 F 0.000000 mm 1080 906
2 F 0.000000 mm 1066 909
2 F 0.000000 mm 1047 912
2 F 0.000000 mm 1028 913
2 F 0.000000 mm 1002 913
2 F 0.000000 mm 982 913
2 F 0.000000 mm 963 913
2 F 0.000000 mm 951 913
2 F 0.000000 mm 938 913
2 F 0.000000 mm 934 913
1 F 0.000000 
1 F 0.000000 
1 F 0.000000 
1 F 0.000000 
2 F 0.000000 mm 938 913
2 F 0.000000 mm 941 913
2 F 0.000000 mm 943 913
1 F 0.000000 
1 F 0.000000 
1 F 0.000000 
1 F 0.000000 
1 F 0.000000 
1 F 0.000000 
1 F 0.000000 
1 F 0.000000 
2 F 0.000000 mm 946 913
1 F 0.000000 
1 F 0.000000 
1 F 0.000000 
1 F 0.000000 
1 F 0.000000 
2 F 0.000000 mm 948 913
2 F 0.000000 mm 949 913
1 F 0.000000 
1 F 0.000000 
1 F 0.000000 
2 F 0.000000 mb 1 1 949 913
1 F 0.000000 
1 F 0.000000 
1 F 0.000000 
1 F 0.000000 
1 F 0.000000 
1 F 0.000000 
1 F 0.000000 
1 F 0.000000 
1 F 0.000000 
1 F 0.000000 
1 F 0.000000 
3 T 1207955012.495000 T 1207955012.496000 mb 1 0 949 913
1 T 1207955012.512000 
1 T 1207955012.529000 
1 T 1207955012.545000 
1 T 1207955012.562000 
1 T 1207955012.578000 
1 T 1207955012.595000 
1 T 1207955012.612000 
1 T 1207955012.628000 
1 T 1207955012.645000 
1 T 1207955012.661000 
1 T 1207955012.679000 
1 T 1207955012.694000 
1 T 1207955012.711000 
1 T 1207955012.728000 
1 T 1207955012.745000 
1 T 1207955012.762000 
1 T 1207955012.779000 
2 T 1207955012.795000 mm 955 913
2 T 1207955012.812000 mm 969 911
2 T 1207955012.829000 mm 993 904
2 T 1207955012.845000 mm 1009 900
2 T 1207955012.862000 mm 1022 893
2 T 1207955012.878000 mm 1037 886
2 T 1207955012.895000 mm 1054 873
2 T 1207955012.911000 mm 1069 864
2 T 1207955012.928000 mm 1089 852
2 T 1207955012.945000 mm 1110 839
2 T 1207955012.962000 mm 1135 824
2 T 1207955012.978000 mm 1160 812
2 T 1207955012.995000 mm 1195 791
2 T 1207955013.011000 mm 1228 770
2 T 1207955013.028000 mm 1269 741
2 T 1207955013.044000 mm 1318 713
2 T 1207955013.061000 mm 1365 686
2 T 1207955013.078000 mm 1399 662
2 T 1207955013.095000 mm 1438 634
3 T 1207955013.111000 T 1207955013.112000 mm 1463 613
2 T 1207955013.128000 mm 1478 600
2 T 1207955013.145000 mm 1495 583
2 T 1207955013.161000 mm 1507 568
2 T 1207955013.178000 mm 1514 559
2 T 1207955013.195000 mm 1518 553
2 T 1207955013.211000 mm 1521 551
2 T 1207955013.228000 mm 1521 550
1 T 1207955013.245000 
1 T 1207955013.261000 
2 T 1207955013.278000 mm 1524 547
2 T 1207955013.295000 mm 1526 545
2 T 1207955013.311000 mm 1530 543
2 T 1207955013.328000 mm 1532 543
2 T 1207955013.345000 mm 1533 543
2 T 1207955013.361000 mm 1534 542
1 T 1207955013.378000 
1 T 1207955013.394000 
1 T 1207955013.411000 
1 T 1207955013.428000 
1 T 1207955013.444000 
1 T 1207955013.461000 
1 T 1207955013.478000 
1 T 1207955013.494000 
1 T 1207955013.511000 
1 T 1207955013.528000 
1 T 1207955013.544000 
1 T 1207955013.561000 
1 T 1207955013.578000 
1 T 1207955013.595000 
0  
0  
0  
1  mm 1538 587
1  mm 1538 658
1  mm 1538 713
1  mm 1538 769
1  mm 1530 824
1  mm 1522 861
1  mm 1512 887
1  mm 1507 907
1  mm 1500 919
1  mm 1495 930
1  mm 1491 935
1  mm 1484 946
1  mm 1480 954
1  mm 1479 958
1  mm 1478 959
0  
0  
0  
0  
0  
0  
0  
0  
0  
0  
1  mb 1 1 1478 959
0  
0  
0  
0  
0  
0  
0  
2 T 1207955014.214000 mb 1 0 1478 959
0  
0  
2  kd 27 1395 774 mm 1395 774
2  ku 27 1395 774 sd 113 1395 774
0  
1  kd 37 1436 743
