1207869868 seed, 60 fps, 1612x907, fullScreen=0, version73_mouseSpeed1.000000_musicOff0_musicLoudness1.000000_webRetrySeconds16 39F5D403D9734472EB90545B8404B1BC918AF16B
3 T 1207869869.162000 mm 143 667 mm 192 652
0  
1  mm 656 530
0  
0  
0  
0  
0  
0  
0  
0  
0  
0  
0  
0  
0  
0  
1  mm 655 531
1  mm 653 531
1  mm 653 533
1  mm 650 536
1  mm 644 541
0  
0  
0  
1  mm 679 513
1  mm 753 425
1  mm 805 367
1  mm 881 273
1  mm 939 197
1  mm 970 145
1  mm 975 129
1  mm 975 126
1  mm 975 125
1  mm 973 124
0  
0  
0  
0  
0  
0  
0  
1  mm 970 124
1  mm 968 124
1  mm 967 123
1  mm 967 111
1  mm 967 106
1  mm 967 96
1  mm 963 76
1  mm 957 60
1  mm 945 42
1  mm 928 28
1  mm 913 18
1  mm 902 11
1  mm 894 6
1  mm 888 2
1  mm 885 1
0  
0  
0  
0  
0  
0  
0  
0  
0  
0  
0  
0  
0  
0  
0  
0  
0  
0  
0  
0  
0  
0  
0  
0  
0  
0  
0  
0  
0  
0  
0  
0  
0  
0  
0  
0  
0  
0  
0  
0  
0  
0  
1 T 1207869871.657000 
0  
0  
0  
0  
0  
0  
0  
0  
0  
0  
0  
0  
0  
0  
2 T 1207869872.624000 T 1207869872.626000 
1 T 1207869872.639000 
1 T 1207869872.656000 
1 T 1207869872.674000 
1 T 1207869872.690000 
1 T 1207869872.707000 
1 T 1207869872.724000 
1 T 1207869872.741000 
1 T 1207869872.758000 
1 T 1207869872.774000 
1 T 1207869872.791000 
1 T 1207869872.808000 
1 T 1207869872.824000 
1 T 1207869872.840000 
1 T 1207869872.858000 
1 T 1207869872.874000 
1 T 1207869872.891000 
1 T 1207869872.908000 
1 T 1207869872.924000 
1 T 1207869872.941000 
1 T 1207869872.958000 
1 T 1207869872.974000 
1 T 1207869872.991000 
1 T 1207869873.008000 
1 T 1207869873.024000 
1 T 1207869873.041000 
1 T 1207869873.058000 
1 T 1207869873.074000 
1 T 1207869873.090000 
1 T 1207869873.107000 
1 T 1207869873.123000 
1 T 1207869873.141000 
1 T 1207869873.157000 
1 T 1207869873.174000 
1 T 1207869873.190000 
1 T 1207869873.207000 
1 T 1207869873.224000 
1 T 1207869873.892000 
0  
0  
0  
0  
0  
0  
0  
0  
1  mm 800 40
1  mm 755 120
1  mm 698 190
1  mm 615 290
1  mm 530 385
1  mm 457 463
1  mm 406 517
1  mm 376 556
1  mm 371 567
1  mm 369 573
1  mm 369 574
0  
0  
0  
0  
0  
1  mm 378 576
1  mm 392 578
1  mm 410 578
1  mm 441 578
1  mm 462 578
1  mm 489 577
1  mm 523 571
1  mm 551 564
1  mm 583 553
1  mm 612 536
1  mm 636 515
1  mm 647 500
1  mm 655 487
1  mm 655 485
1  mm 655 479
1  mm 649 474
1  mm 642 471
1  mm 637 467
1  mm 629 463
1  mm 621 458
1  mm 619 457
1  mm 618 456
0  
1 T 1207869874.672000 
1  mm 619 453
1  mm 622 446
1  mm 630 438
1  mm 634 418
1  mm 635 404
1  mm 636 394
1  mm 636 383
1  mm 638 373
1  mm 638 370
1  mm 627 369
1  mm 607 369
1  mm 583 369
1  mm 548 380
1  mm 503 411
1  mm 460 445
1  mm 415 488
1  mm 400 509
1  mm 382 532
1  mm 376 550
1  mm 369 563
1  mm 365 574
1  mm 358 588
1  mm 354 595
1  mm 348 601
1  mm 338 606
1  mm 321 611
1  mm 308 614
1  mm 293 618
1  mm 287 618
0  
0  
0  
0  
0  
0  
0  
0  
0  
0  
1  mb 1 1 287 618
0  
0  
0  
0  
0  
2 F 0.000000 mb 1 0 287 618
1 F 0.000000 
3 af 0 af 1 F 0.000000 
1 F 0.000000 
1 F 0.000000 
1 F 0.000000 
1 F 0.000000 
1 F 0.000000 
1 F 0.000000 
2 F 0.000000 mm 294 618
2 F 0.000000 mm 316 617
2 F 0.000000 mm 346 607
2 F 0.000000 mm 390 583
2 F 0.000000 mm 447 550
2 F 0.000000 mm 514 505
2 F 0.000000 mm 595 456
2 F 0.000000 mm 656 412
2 F 0.000000 mm 720 376
2 F 0.000000 mm 794 344
2 F 0.000000 mm 841 330
2 F 0.000000 mm 842 330
1 F 0.000000 
1 F 0.000000 
1 F 0.000000 
1 F 0.000000 
1 F 0.000000 
1 F 0.000000 
2 F 0.000000 mm 811 348
2 F 0.000000 mm 807 350
1 F 0.000000 
1 F 0.000000 
2 F 0.000000 mm 836 331
2 F 0.000000 mm 867 302
2 F 0.000000 mm 911 261
2 F 0.000000 mm 961 219
2 F 0.000000 mm 1004 185
2 F 0.000000 mm 1033 160
2 F 0.000000 mm 1046 145
2 F 0.000000 mm 1049 142
2 F 0.000000 mm 1049 141
1 F 0.000000 
1 F 0.000000 
1 F 0.000000 
1 F 0.000000 
1 F 0.000000 
1 F 0.000000 
1 F 0.000000 
1 F 0.000000 
1 F 0.000000 
1 F 0.000000 
1 F 0.000000 
1 F 0.000000 
1 F 0.000000 
2 F 0.000000 mb 1 1 1049 141
2 T 1207869876.339000 F 0.000000 
1 F 0.000000 
1 F 0.000000 
1 F 0.000000 
1 F 0.000000 
1 F 0.000000 
1 F 0.000000 
1  mb 1 0 1049 141
