1207863669 seed, 60 fps, 1612x907, fullScreen=0, version73_mouseSpeed1.000000_musicOff0_musicLoudness1.000000_webRetrySeconds16 39F5D403D9734472EB90545B8404B1BC918AF16B
0  
0  
0  
0  
0  
0  
0  
0  
1 T 1207863672.189000 
0  
0  
0  
0  
0  
0  
0  
0  
0  
0  
0  
0  
0  
0  
0  
0  
0  
0  
0  
0  
0  
0  
0  
0  
0  
0  
0  
0  
0  
0  
0  
0  
0  
0  
0  
0  
0  
0  
0  
0  
0  
0  
0  
0  
0  
0  
0  
0  
0  
0  
0  
0  
0  
0  
0  
0  
0  
0  
0  
0  
0  
0  
0  
0  
0  
0  
0  
0  
0  
0  
0  
0  
0  
0  
0  
0  
0  
0  
0  
0  
0  
0  
0  
0  
0  
0  
0  
0  
0  
0  
0  
0  
0  
0  
0  
0  
0  
0  
0  
1 T 1207863674.259000 
0  
0  
0  
0  
0  
0  
2 T 1207863675.042000 T 1207863675.045000 
1 T 1207863675.054000 
1 T 1207863675.071000 
1 T 1207863675.088000 
1 T 1207863675.105000 
1 T 1207863675.121000 
1 T 1207863675.138000 
1 T 1207863675.155000 
1 T 1207863675.172000 
1 T 1207863675.189000 
1 T 1207863675.205000 
1 T 1207863675.222000 
1 T 1207863675.238000 
1 T 1207863675.255000 
1 T 1207863675.272000 
1 T 1207863675.288000 
1 T 1207863675.305000 
1 T 1207863675.322000 
1 T 1207863675.338000 
1 T 1207863675.355000 
1 T 1207863675.373000 
1 T 1207863675.389000 
1 T 1207863675.405000 
1 T 1207863675.422000 
1 T 1207863675.439000 
1 T 1207863675.455000 
1 T 1207863675.472000 
1 T 1207863675.488000 
1 T 1207863675.505000 
1 T 1207863675.522000 
1 T 1207863675.539000 
1 T 1207863676.495000 
0  
0  
0  
0  
0  
0  
1  mm 878 10
1  mm 898 23
1  mm 924 39
1  mm 946 58
1  mm 972 78
1  mm 986 97
1  mm 1006 122
1  mm 1020 147
1  mm 1042 171
1  mm 1057 186
1  mm 1069 197
1  mm 1081 207
1  mm 1093 220
1  mm 1105 230
1  mm 1126 248
1  mm 1141 264
1  mm 1164 281
1  mm 1175 289
1  mm 1179 292
1  mm 1181 293
0  
0  
0  
0  
0  
0  
0  
0  
0  
0  
0  
0  
0  
0  
0  
0  
0  
0  
0  
0  
0  
0  
0  
0  
0  
0  
0  
0  
0  
0  
0  
0  
0  
0  
0  
1 T 1207863677.504000 
0  
0  
1  mm 1179 291
1  mm 1172 284
1  mm 1160 278
1  mm 1149 272
1  mm 1143 272
1  mm 1142 272
1  mm 1150 272
1  mm 1159 275
0  
0  
0  
0  
0  
0  
0  
0  
0  
0  
1  mm 1157 275
1  mm 1152 272
1  mm 1140 265
1  mm 1125 259
1  mm 1112 248
1  mm 1092 235
1  mm 1062 221
1  mm 1028 211
1  mm 993 202
1  mm 949 191
1  mm 913 186
1  mm 881 181
1  mm 844 178
1  mm 826 178
1  mm 814 178
1  mm 808 178
1  mm 802 178
1  mm 797 177
1  mm 795 177
0  
0  
0  
0  
1  mm 793 176
1  mm 785 174
1  mm 777 174
1  mm 763 173
1  mm 752 173
1  mm 747 172
1  mm 745 172
1  mm 744 172
0  
0  
0  
0  
0  
0  
0  
0  
0  
0  
0  
0  
0  
0  
0  
0  
0  
0  
0  
0  
0  
0  
0  
0  
0  
0  
0  
0  
0  
0  
0  
0  
0  
0  
0  
0  
0  
0  
0  
0  
0  
0  
0  
0  
0  
0  
0  
0  
1 T 1207863679.170000 
0  
0  
0  
0  
0  
0  
0  
0  
0  
0  
0  
0  
0  
0  
0  
0  
0  
1  mb 1 1 744 172
0  
0  
0  
0  
0  
1  mb 1 0 744 172
