1208927318 seed, 30 fps, 1920x1080, fullScreen=1, version84_mouseSpeed1.000000_musicOff0_musicLoudness0.000000_webRetrySeconds16 42465DEE661C4C80A66BFD33B6F8DBB5EF6ACF88
3 T 1208927318.787000 mm 997 553 mm 1172 506
0  
1  mm 1170 506
0  
0  
1  mm 1169 506
1  mm 1156 508
1  mm 1155 509
0  
1  mm 1172 504
1  mm 1217 481
1  mm 1256 462
1  mm 1268 452
0  
0  
0  
0  
0  
0  
0  
0  
0  
0  
0  
0  
0  
0  
0  
0  
0  
0  
0  
0  
0  
0  
1  mm 1304 538
0  
0  
0  
0  
0  
0  
0  
0  
0  
0  
0  
0  
0  
0  
0  
0  
0  
0  
0  
1  mm 1310 538
1  mm 1319 540
0  
0  
0  
0  
0  
0  
2 T 1208927322.727000 T 1208927322.730000 
1 T 1208927322.759000 
1 T 1208927322.793000 
1 T 1208927322.825000 
1 T 1208927322.859000 
1 T 1208927322.891000 
2 T 1208927322.926000 mm 1324 541
1 T 1208927322.958000 
1 T 1208927322.991000 
1 T 1208927323.024000 
2 T 1208927323.057000 mm 1323 541
1 T 1208927323.091000 
1 T 1208927323.123000 
2 T 1208927323.157000 mm 1337 541
2 T 1208927323.190000 mm 1407 541
2 T 1208927323.223000 mm 1482 541
2 T 1208927323.255000 mm 1521 539
2 T 1208927323.287000 mm 1526 538
1 T 1208927323.320000 
1 T 1208927323.353000 
1 T 1208927323.387000 
1 T 1208927323.420000 
1 T 1208927323.452000 
1 T 1208927323.485000 
1 T 1208927323.519000 
1 T 1208927323.552000 
1 T 1208927323.585000 
1 T 1208927323.617000 
1 T 1208927323.650000 
1 T 1208927323.684000 
1 T 1208927323.717000 
1 T 1208927323.750000 
1 T 1208927323.783000 
1 T 1208927323.815000 
1 T 1208927323.848000 
0  
1 T 1208927323.914000 
0  
0  
0  
0  
0  
0  
1  mb 1 1 1526 538
0  
0  
0  
2 T 1208927324.283000 mb 1 0 1526 538
0  
1 T 1208927324.344000 
1 T 1208927324.376000 
1 T 1208927324.410000 
1 T 1208927324.443000 
1 T 1208927324.476000 
1 T 1208927324.508000 
1 T 1208927324.541000 
1 T 1208927324.574000 
1 T 1208927324.608000 
1 T 1208927324.640000 
1 T 1208927324.674000 
1 T 1208927324.707000 
1 T 1208927324.739000 
1 T 1208927324.773000 
1 T 1208927324.806000 
1 T 1208927324.839000 
1 T 1208927324.872000 
1 T 1208927324.905000 
1 T 1208927324.937000 
1 T 1208927324.971000 
1 T 1208927325.004000 
1 T 1208927325.038000 
1 T 1208927325.070000 
1 T 1208927325.102000 
1 T 1208927325.136000 
1 T 1208927325.170000 
1 T 1208927325.201000 
2 T 1208927325.234000 mm 1525 537
2 T 1208927325.267000 mm 1520 536
7 T 1208927325.301000 xs 0 2 20 534E0A332F3230300A3330373739360A38340A23 xs 0 2 0 xs 0 0 7 T 1208927325.304000 xs 0 0 169 mm 1511 535
3 T 1208927325.334000 xs 0 2 0 mm 1473 531
3 T 1208927325.367000 xs 0 2 0 mm 1370 526
3 T 1208927325.400000 xs 0 2 0 mm 1243 515
3 T 1208927325.433000 xs 0 2 0 mm 1072 510
3 T 1208927325.467000 xs 0 2 0 mm 788 510
3 T 1208927325.499000 xs 0 2 0 mm 564 500
5 T 1208927325.533000 xs 0 2 10 52454A45435445440A23 xs 0 3 -1 T 1208927325.536000 mm 498 498
2 T 1208927325.565000 mm 452 498
2 T 1208927325.599000 mm 422 501
2 T 1208927325.630000 mm 413 503
1 T 1208927325.664000 
1 T 1208927325.697000 
1 T 1208927325.729000 
1 T 1208927325.763000 
1 T 1208927325.795000 
1 T 1208927325.829000 
1 T 1208927325.862000 
1 T 1208927325.895000 
1 T 1208927325.928000 
2 T 1208927325.961000 mm 417 503
2 T 1208927325.995000 mm 479 503
2 T 1208927326.027000 mm 764 503
2 T 1208927326.060000 mm 1061 503
2 T 1208927326.093000 mm 1254 503
2 T 1208927326.126000 mm 1305 503
2 T 1208927326.158000 mm 1306 503
1 T 1208927326.192000 
1 T 1208927326.225000 
2 T 1208927326.258000 mm 1310 503
2 T 1208927326.291000 mm 1325 503
2 T 1208927326.324000 mm 1367 503
2 T 1208927326.358000 mm 1433 512
2 T 1208927326.389000 mm 1472 516
2 T 1208927326.423000 mm 1475 516
2 T 1208927326.456000 mm 1477 516
2 T 1208927326.489000 mm 1491 516
2 T 1208927326.523000 mm 1497 516
1 T 1208927326.554000 
1 T 1208927326.587000 
1 T 1208927326.621000 
1 T 1208927326.654000 
1  mm 1502 519
1  mm 1510 528
1  mm 1514 532
0  
0  
0  
0  
0  
0  
0  
1  mb 1 1 1514 532
0  
0  
2 T 1208927327.119000 mb 1 0 1514 532
0  
1 T 1208927327.182000 
1 T 1208927327.215000 
1 T 1208927327.248000 
1 T 1208927327.280000 
1 T 1208927327.313000 
1 T 1208927327.347000 
1 T 1208927327.379000 
1 T 1208927327.413000 
1 T 1208927327.446000 
1 T 1208927327.479000 
1 T 1208927327.512000 
1 T 1208927327.544000 
1 T 1208927327.577000 
1 T 1208927327.610000 
1 T 1208927327.644000 
1 T 1208927327.677000 
1 T 1208927327.710000 
1 T 1208927327.743000 
1 T 1208927327.776000 
1 T 1208927327.809000 
1 T 1208927327.842000 
1 T 1208927327.875000 
1 T 1208927327.907000 
1 T 1208927327.940000 
1 T 1208927327.973000 
1 T 1208927328.006000 
1 T 1208927328.039000 
1 T 1208927328.073000 
1 T 1208927328.106000 
5 T 1208927328.138000 xs 1 2 20 534E0A332F3230300A3330373739370A38340A23 xs 1 2 0 T 1208927328.139000 xs 1 0 169 
2 T 1208927328.172000 xs 1 2 0 
2 T 1208927328.205000 xs 1 2 0 
2 T 1208927328.238000 xs 1 2 0 
2 T 1208927328.271000 xs 1 2 0 
2 T 1208927328.304000 xs 1 2 0 
2 T 1208927328.336000 xs 1 2 0 
4 T 1208927328.370000 xs 1 2 10 52454A45435445440A23 xs 1 3 -1 T 1208927328.372000 
1 T 1208927328.403000 
1 T 1208927328.436000 
1 T 1208927328.468000 
1 T 1208927328.502000 
1 T 1208927328.535000 
1 T 1208927328.568000 
1 T 1208927328.601000 
1 T 1208927328.634000 
1 T 1208927328.667000 
1 T 1208927328.701000 
1 T 1208927328.732000 
1 T 1208927328.767000 
1 T 1208927328.799000 
1 T 1208927328.832000 
1 T 1208927328.866000 
1 T 1208927328.899000 
1 T 1208927328.931000 
1 T 1208927328.966000 
1 T 1208927328.997000 
2 T 1208927329.033000 mm 1356 532
2 T 1208927329.063000 mm 1255 545
2 T 1208927329.097000 mm 1184 575
2 T 1208927329.130000 mm 1123 607
2 T 1208927329.163000 mm 1066 624
2 T 1208927329.195000 mm 957 644
2 T 1208927329.228000 mm 798 678
2 T 1208927329.262000 mm 678 725
2 T 1208927329.295000 mm 550 789
2 T 1208927329.327000 mm 492 833
2 T 1208927329.359000 mm 464 878
2 T 1208927329.394000 mm 439 914
2 T 1208927329.425000 mm 417 936
2 T 1208927329.459000 mm 394 948
2 T 1208927329.492000 mm 388 953
1  mm 386 956
1  mm 384 962
1  mm 383 967
1  mm 381 969
0  
0  
0  
0  
0  
0  
0  
0  
0  
0  
0  
0  
0  
0  
0  
1  mm 505 964
1  mm 1034 893
1  mm 1706 722
1  mm 1919 576
1  mm 1919 558
1  mm 1898 551
1  mm 1872 548
1  mm 1847 548
1  mm 1799 548
1  mm 1741 556
1  mm 1710 562
3 T 1208927330.516000 T 1208927330.517000 mm 1671 562
1  mm 1621 556
1  mm 1600 550
0  
1  mm 1593 546
1  mm 1585 543
1  mm 1576 543
1  mm 1567 542
0  
0  
0  
0  
1  mb 1 1 1567 542
0  
0  
0  
2 T 1208927331.045000 mb 1 0 1567 542
0  
1 T 1208927331.108000 
1 T 1208927331.141000 
1 T 1208927331.175000 
1 T 1208927331.208000 
1 T 1208927331.240000 
1 T 1208927331.274000 
1 T 1208927331.307000 
2 T 1208927331.339000 mm 1512 539
2 T 1208927331.373000 mm 1380 539
2 T 1208927331.405000 mm 1146 572
2 T 1208927331.439000 mm 910 655
2 T 1208927331.472000 mm 715 736
2 T 1208927331.505000 mm 635 768
2 T 1208927331.538000 mm 588 791
2 T 1208927331.571000 mm 547 823
2 T 1208927331.603000 mm 533 840
2 T 1208927331.636000 mm 524 847
2 T 1208927331.671000 mm 526 850
2 T 1208927331.703000 mm 538 851
1 T 1208927331.736000 
1 T 1208927331.769000 
1 T 1208927331.801000 
1 T 1208927331.834000 
1 T 1208927331.867000 
1 T 1208927331.900000 
2 T 1208927331.934000 mm 542 851
2 T 1208927331.966000 mm 544 851
1 T 1208927332.000000 
1 T 1208927332.033000 
7 T 1208927332.065000 xs 2 2 20 534E0A332F3230300A3330373739380A38340A23 xs 2 2 0 T 1208927332.066000 T 1208927332.067000 xs 2 0 169 mm 521 858
3 T 1208927332.099000 xs 2 2 0 mm 481 871
3 T 1208927332.132000 xs 2 2 0 mm 451 890
3 T 1208927332.165000 xs 2 2 0 mm 428 905
4 T 1208927332.198000 xs 2 2 0 T 1208927332.199000 mm 403 920
3 T 1208927332.231000 xs 2 2 0 mm 393 932
3 T 1208927332.264000 xs 2 2 0 mm 386 938
6 T 1208927332.298000 xs 2 2 10 52454A45435445440A23 xs 2 3 -1 T 1208927332.299000 T 1208927332.303000 mm 380 943
2 T 1208927332.331000 mm 379 946
2 T 1208927332.365000 mm 379 952
2 T 1208927332.396000 mm 378 959
2 T 1208927332.430000 mm 378 961
2 T 1208927332.463000 mm 378 962
1 T 1208927332.495000 
1 T 1208927332.528000 
1 T 1208927332.562000 
1 T 1208927332.595000 
2 T 1208927332.627000 mm 376 967
2 T 1208927332.661000 mm 370 980
2 T 1208927332.694000 mm 367 990
2 T 1208927332.727000 mm 366 993
2 T 1208927332.760000 mm 364 993
2 T 1208927332.792000 mm 363 993
2 T 1208927332.825000 mm 359 993
2 T 1208927332.859000 mm 357 993
1 T 1208927332.891000 
2 T 1208927332.924000 mb 1 1 357 993
1 T 1208927332.957000 
1 T 1208927332.990000 
1 T 1208927333.023000 
1  mb 1 0 357 993
