1208375450 seed, 30 fps, 1920x1080, fullScreen=1, version75_mouseSpeed1.000000_musicOff0_musicLoudness1.000000_webRetrySeconds16 BC3D5E7F7F79892FF6B0487E89DDE795D6A445C6
2 T 1208375451.248000 mm 607 548
0  
0  
1  mm 641 544
1  mm 922 500
1  mm 1613 420
1  mm 1919 374
1  mm 1919 360
0  
1  mm 1919 355
1  mm 1919 279
1  mm 1919 222
1  mm 1785 147
1  mm 856 0
1  mm 795 0
1  mm 779 0
1  mm 711 0
1  mm 587 0
1  mm 475 0
1  mm 364 0
1  mm 282 0
1  mm 183 0
1  mm 139 0
1  mm 181 0
1  mm 528 45
1  mm 1065 136
1  mm 1797 248
1  mm 1919 309
1  mm 1919 326
1  mm 1919 370
1  mm 1919 425
1  mm 1919 450
1  mm 1919 455
1  mm 1919 447
1  mm 1919 441
1  mm 1180 334
0  
1  mm 1190 332
1  mm 1195 331
1  mm 1196 331
0  
1  mm 1197 330
0  
0  
0  
0  
0  
0  
0  
0  
0  
0  
0  
0  
1  mm 1180 331
0  
0  
0  
0  
0  
0  
0  
0  
0  
2 T 1208375455.006000 T 1208375455.009000 
1 T 1208375455.039000 
1 T 1208375455.071000 
1 T 1208375455.105000 
1 T 1208375455.137000 
1 T 1208375455.171000 
1 T 1208375455.203000 
1 T 1208375455.237000 
1 T 1208375455.270000 
1 T 1208375455.302000 
1 T 1208375455.336000 
1 T 1208375455.369000 
1 T 1208375455.403000 
1 T 1208375455.434000 
1 T 1208375455.468000 
1 T 1208375455.501000 
1 T 1208375455.534000 
1 T 1208375455.567000 
1 T 1208375455.600000 
1 T 1208375455.632000 
1 T 1208375455.666000 
1 T 1208375455.699000 
1 T 1208375455.746000 
1 T 1208375455.765000 
1 T 1208375455.797000 
1 T 1208375455.831000 
1 T 1208375455.864000 
1 T 1208375455.897000 
1 T 1208375455.930000 
1 T 1208375455.963000 
1 T 1208375455.996000 
1 T 1208375456.029000 
1 T 1208375456.061000 
1 T 1208375456.095000 
1 T 1208375456.128000 
1 T 1208375456.160000 
0  
0  
0  
0  
0  
0  
0  
0  
0  
0  
0  
0  
0  
0  
0  
0  
0  
0  
0  
0  
0  
0  
0  
0  
0  
0  
0  
0  
0  
0  
0  
0  
0  
0  
0  
0  
0  
0  
0  
0  
0  
0  
0  
0  
0  
0  
0  
0  
0  
0  
0  
0  
0  
0  
0  
0  
0  
0  
0  
0  
0  
0  
0  
0  
0  
0  
0  
0  
0  
0  
0  
0  
0  
0  
0  
0  
0  
0  
0  
0  
0  
0  
0  
0  
0  
0  
0  
0  
0  
0  
0  
0  
0  
0  
0  
0  
0  
0  
0  
1 T 1208375459.462000 
0  
0  
0  
0  
0  
0  
0  
0  
0  
0  
0  
0  
0  
0  
0  
0  
0  
0  
0  
0  
0  
0  
0  
0  
0  
0  
0  
0  
0  
0  
0  
0  
0  
0  
0  
0  
0  
0  
0  
0  
0  
0  
0  
0  
0  
0  
0  
0  
0  
0  
0  
0  
0  
0  
0  
0  
0  
0  
0  
0  
0  
0  
0  
0  
0  
0  
0  
0  
0  
0  
0  
0  
0  
0  
0  
0  
0  
0  
0  
0  
0  
0  
0  
0  
0  
0  
0  
0  
0  
0  
0  
0  
0  
0  
0  
0  
0  
0  
0  
1 T 1208375462.761000 
0  
0  
0  
0  
0  
0  
0  
0  
0  
0  
0  
0  
0  
0  
0  
0  
0  
0  
0  
0  
0  
0  
0  
0  
0  
0  
0  
0  
0  
0  
0  
0  
0  
0  
0  
0  
0  
0  
0  
0  
0  
0  
0  
0  
0  
0  
0  
0  
0  
0  
0  
0  
0  
0  
0  
0  
0  
0  
0  
0  
0  
0  
0  
0  
0  
0  
0  
0  
0  
0  
0  
0  
0  
0  
0  
0  
0  
0  
0  
0  
0  
0  
0  
0  
0  
0  
0  
0  
0  
0  
0  
0  
0  
0  
0  
0  
0  
0  
0  
1 T 1208375466.063000 
0  
0  
0  
0  
0  
0  
0  
0  
0  
0  
0  
0  
0  
0  
0  
0  
0  
0  
0  
0  
0  
0  
0  
0  
0  
0  
0  
0  
0  
0  
0  
0  
0  
0  
0  
0  
0  
0  
0  
0  
0  
0  
0  
0  
0  
0  
0  
0  
0  
0  
0  
0  
0  
0  
0  
0  
0  
0  
0  
0  
0  
0  
0  
0  
0  
0  
0  
0  
0  
0  
0  
0  
0  
0  
0  
0  
0  
0  
0  
0  
0  
0  
0  
0  
0  
0  
0  
0  
0  
0  
0  
0  
0  
0  
0  
0  
0  
0  
0  
1 T 1208375469.363000 
0  
0  
0  
0  
0  
0  
0  
0  
0  
0  
0  
0  
0  
0  
0  
0  
0  
0  
0  
0  
0  
0  
0  
0  
0  
0  
0  
0  
0  
0  
0  
0  
0  
0  
0  
0  
0  
0  
0  
0  
0  
0  
0  
0  
0  
0  
0  
0  
0  
0  
0  
0  
0  
0  
0  
0  
0  
0  
0  
0  
0  
0  
0  
0  
0  
0  
0  
0  
0  
0  
0  
0  
0  
0  
0  
0  
0  
0  
0  
0  
0  
0  
0  
0  
0  
0  
0  
0  
0  
0  
0  
0  
0  
0  
0  
0  
0  
0  
0  
1 T 1208375472.664000 
0  
0  
0  
0  
0  
0  
0  
0  
0  
0  
0  
0  
0  
0  
0  
0  
0  
0  
0  
0  
0  
0  
0  
0  
0  
0  
0  
0  
0  
0  
0  
0  
0  
0  
0  
0  
0  
0  
0  
0  
0  
0  
0  
0  
0  
0  
0  
0  
0  
0  
0  
0  
0  
0  
0  
0  
0  
0  
0  
0  
0  
0  
0  
0  
0  
0  
0  
0  
0  
0  
0  
0  
0  
0  
0  
0  
0  
0  
0  
0  
0  
0  
0  
0  
0  
0  
0  
0  
0  
0  
0  
0  
0  
0  
0  
0  
0  
0  
0  
1 T 1208375475.966000 
0  
0  
0  
0  
0  
0  
0  
0  
0  
0  
0  
0  
0  
0  
0  
0  
0  
0  
0  
0  
0  
0  
0  
0  
0  
0  
0  
0  
0  
0  
0  
0  
0  
1  mm 1133 1054
0  
0  
0  
0  
0  
0  
0  
0  
0  
0  
0  
1  mb 1 1 1133 1054
0  
0  
0  
0  
1  mb 1 0 1133 1054
0  
0  
0  
0  
0  
0  
0  
0  
0  
0  
0  
0  
0  
0  
0  
1  mm 1161 1018
1  mm 1268 891
1  mm 1428 716
1  mm 1531 639
1  mm 1553 622
0  
0  
0  
1  mm 1561 619
1  mm 1569 610
1  mm 1569 604
1  mm 1563 592
1  mm 1556 578
1  mm 1553 562
1  mm 1553 555
1  mm 1552 550
1  mm 1550 547
0  
0  
0  
0  
0  
0  
0  
0  
0  
0  
0  
0  
0  
0  
0  
0  
1 T 1208375479.384000 
0  
1  mb 1 1 1550 547
0  
0  
0  
0  
0  
2 T 1208375479.653000 mb 1 0 1550 547
0  
1 T 1208375479.836000 
1 T 1208375479.869000 
1 T 1208375479.903000 
1 T 1208375479.935000 
1 T 1208375479.969000 
1 T 1208375480.002000 
1 T 1208375480.035000 
1 T 1208375480.067000 
1 T 1208375480.101000 
1 T 1208375480.134000 
1 T 1208375480.166000 
1 T 1208375480.200000 
1 T 1208375480.232000 
1 T 1208375480.266000 
1 T 1208375480.299000 
1 T 1208375480.331000 
1 T 1208375480.365000 
1 T 1208375480.397000 
1 T 1208375480.431000 
1 T 1208375480.464000 
1 T 1208375480.496000 
1 T 1208375480.530000 
1 T 1208375480.563000 
1 T 1208375480.595000 
1 T 1208375480.628000 
4 T 1208375480.662000 xs 0 2 17 53485554444F574E0A32312F3230300A23 xs 0 2 0 T 1208375480.663000 
1 T 1208375480.695000 
1 T 1208375480.729000 
1 T 1208375480.760000 
1 T 1208375480.793000 
1 T 1208375480.827000 
1 T 1208375480.860000 
1 T 1208375480.893000 
1 T 1208375480.926000 
1 T 1208375480.959000 
1 T 1208375480.991000 
1 T 1208375481.025000 
1 T 1208375481.058000 
1 T 1208375481.090000 
1 T 1208375481.123000 
1 T 1208375481.157000 
1 T 1208375481.190000 
1 T 1208375481.223000 
1 T 1208375481.255000 
1 T 1208375481.289000 
1 T 1208375481.323000 
1 T 1208375481.354000 
1 T 1208375481.388000 
1 T 1208375481.421000 
1 T 1208375481.454000 
1 T 1208375481.487000 
1 T 1208375481.519000 
1 T 1208375481.552000 
1 T 1208375481.586000 
1 T 1208375481.618000 
1 T 1208375481.651000 
1 T 1208375481.684000 
1 T 1208375481.718000 
1 T 1208375481.751000 
1 T 1208375481.784000 
0  
0  
0  
0  
0  
0  
0  
0  
0  
0  
0  
0  
0  
0  
0  
0  
0  
0  
0  
0  
0  
1  mm 1552 510
1  mm 1550 492
1  mm 1549 482
1  mm 1549 473
1  mm 1548 464
1  mm 1545 455
1  mm 1545 453
0  
0  
1 T 1208375482.807000 
0  
0  
0  
0  
0  
0  
0  
0  
0  
0  
0  
0  
0  
0  
0  
0  
0  
0  
0  
0  
0  
0  
0  
0  
0  
0  
0  
0  
1  mm 1539 431
1  mm 1528 397
1  mm 1522 364
1  mm 1507 330
1  mm 1494 313
1  mm 1483 305
1  mm 1474 301
1  mm 1473 301
0  
0  
0  
0  
0  
0  
1  mm 1471 301
1  mm 1467 309
1  mm 1459 317
1  mm 1459 318
0  
0  
0  
0  
0  
0  
0  
0  
0  
0  
0  
0  
0  
0  
0  
0  
0  
0  
0  
0  
0  
0  
0  
0  
0  
0  
0  
0  
0  
0  
0  
0  
0  
0  
0  
0  
0  
0  
0  
0  
0  
0  
0  
0  
0  
0  
0  
0  
0  
0  
0  
0  
0  
1 T 1208375486.108000 
0  
0  
0  
0  
0  
0  
0  
0  
0  
0  
0  
0  
0  
0  
0  
0  
0  
0  
0  
0  
0  
0  
0  
0  
0  
0  
0  
0  
0  
0  
0  
1  mm 1624 373
1  mm 1919 496
1  mm 1919 600
1  mm 1919 666
1  mm 1919 730
1  mm 1919 775
1  mm 1919 804
1  mm 1919 840
1  mm 1919 862
1  mm 1919 905
1  mm 1919 965
0  
0  
0  
0  
0  
0  
0  
0  
0  
0  
0  
0  
0  
0  
0  
0  
0  
0  
0  
0  
0  
0  
0  
0  
0  
0  
0  
0  
0  
0  
0  
0  
0  
0  
0  
0  
0  
0  
0  
0  
0  
0  
0  
0  
0  
0  
0  
0  
0  
0  
0  
0  
0  
0  
0  
0  
0  
1 T 1208375489.554000 
0  
0  
0  
0  
0  
0  
0  
0  
0  
0  
0  
0  
0  
0  
0  
0  
0  
0  
0  
0  
0  
0  
0  
0  
0  
0  
0  
0  
0  
0  
0  
0  
0  
0  
0  
0  
0  
0  
0  
0  
0  
0  
0  
0  
0  
0  
0  
0  
0  
0  
0  
0  
0  
0  
0  
0  
0  
0  
0  
0  
0  
0  
0  
0  
0  
0  
0  
0  
0  
0  
0  
0  
0  
0  
0  
0  
0  
0  
0  
0  
0  
0  
0  
0  
0  
0  
0  
0  
0  
0  
0  
0  
0  
0  
0  
0  
0  
0  
0  
1 T 1208375492.864000 
0  
0  
0  
0  
0  
0  
0  
0  
0  
0  
0  
0  
0  
0  
0  
0  
0  
0  
0  
0  
0  
0  
0  
0  
0  
0  
0  
0  
0  
0  
0  
0  
0  
0  
0  
0  
0  
0  
0  
0  
0  
0  
0  
0  
0  
0  
0  
0  
0  
0  
0  
0  
0  
0  
0  
0  
0  
0  
0  
0  
0  
0  
0  
0  
0  
0  
0  
0  
0  
0  
0  
0  
0  
0  
0  
0  
0  
0  
0  
0  
0  
0  
0  
0  
0  
0  
0  
0  
0  
0  
0  
0  
0  
0  
0  
0  
0  
0  
0  
1 T 1208375496.165000 
0  
0  
0  
0  
0  
0  
0  
0  
0  
0  
0  
0  
0  
0  
0  
0  
0  
0  
0  
0  
0  
0  
0  
0  
0  
0  
0  
0  
0  
0  
0  
0  
0  
0  
0  
0  
0  
0  
0  
0  
0  
0  
0  
0  
0  
0  
0  
0  
0  
0  
0  
0  
0  
0  
0  
0  
0  
0  
0  
0  
0  
0  
0  
0  
0  
0  
0  
0  
0  
0  
0  
0  
0  
0  
0  
0  
0  
0  
0  
0  
0  
0  
0  
0  
0  
0  
0  
0  
0  
0  
0  
0  
0  
0  
0  
0  
0  
0  
0  
1 T 1208375499.464000 
0  
0  
0  
0  
0  
0  
0  
0  
0  
0  
0  
0  
0  
0  
0  
0  
0  
0  
0  
0  
0  
0  
0  
0  
0  
0  
0  
0  
0  
0  
0  
0  
0  
0  
0  
0  
0  
0  
0  
0  
0  
0  
0  
0  
0  
0  
0  
0  
0  
0  
0  
0  
0  
0  
0  
0  
0  
0  
0  
0  
0  
0  
0  
0  
0  
0  
0  
0  
0  
0  
0  
0  
0  
0  
0  
0  
0  
0  
0  
0  
0  
0  
0  
0  
0  
0  
0  
0  
0  
0  
0  
0  
0  
0  
0  
0  
0  
0  
0  
1 T 1208375502.765000 
0  
0  
0  
0  
0  
0  
0  
0  
0  
0  
0  
0  
0  
0  
0  
0  
0  
0  
0  
0  
0  
0  
0  
0  
0  
0  
0  
0  
0  
0  
0  
0  
0  
0  
0  
0  
0  
0  
0  
0  
0  
0  
0  
0  
0  
0  
0  
0  
0  
0  
0  
0  
0  
0  
0  
0  
0  
0  
0  
0  
0  
0  
0  
0  
0  
0  
0  
0  
0  
0  
0  
0  
0  
0  
0  
0  
0  
0  
0  
0  
0  
0  
0  
0  
0  
0  
0  
0  
0  
0  
0  
0  
0  
0  
0  
0  
0  
0  
0  
1 T 1208375506.066000 
0  
0  
0  
0  
0  
0  
0  
0  
0  
0  
0  
0  
0  
0  
0  
0  
0  
0  
0  
0  
0  
0  
0  
0  
0  
0  
0  
0  
0  
0  
0  
0  
0  
0  
0  
0  
0  
0  
0  
0  
0  
0  
0  
0  
0  
0  
0  
0  
0  
0  
0  
0  
0  
0  
0  
0  
0  
0  
0  
0  
0  
0  
0  
0  
0  
0  
0  
0  
0  
0  
0  
0  
0  
0  
0  
0  
0  
0  
0  
0  
0  
0  
0  
0  
0  
0  
0  
0  
0  
0  
0  
0  
0  
0  
0  
0  
0  
0  
0  
1 T 1208375509.368000 
0  
0  
0  
0  
0  
0  
0  
0  
0  
0  
0  
0  
0  
0  
0  
0  
0  
0  
0  
0  
0  
0  
0  
0  
0  
0  
0  
0  
0  
0  
0  
0  
0  
0  
0  
0  
0  
0  
0  
0  
0  
0  
0  
0  
0  
0  
0  
0  
0  
0  
0  
0  
0  
0  
0  
0  
0  
0  
0  
0  
0  
0  
0  
0  
0  
0  
0  
0  
0  
0  
0  
0  
0  
0  
0  
0  
0  
0  
0  
0  
0  
0  
0  
0  
0  
0  
0  
0  
0  
0  
0  
0  
0  
0  
0  
0  
0  
0  
0  
1 T 1208375512.668000 
0  
0  
0  
0  
0  
0  
0  
0  
0  
0  
0  
0  
0  
0  
0  
0  
0  
0  
0  
0  
0  
0  
0  
0  
0  
0  
0  
0  
0  
0  
0  
0  
0  
0  
0  
0  
0  
0  
0  
0  
0  
0  
0  
0  
0  
0  
0  
0  
0  
0  
0  
0  
0  
0  
0  
0  
0  
0  
0  
0  
0  
0  
0  
0  
0  
0  
0  
0  
0  
0  
0  
0  
0  
0  
0  
0  
0  
0  
0  
0  
0  
0  
0  
0  
0  
0  
0  
0  
0  
0  
0  
0  
0  
0  
0  
0  
0  
0  
0  
1 T 1208375515.969000 
0  
0  
0  
0  
0  
0  
0  
0  
0  
0  
0  
0  
0  
0  
0  
0  
0  
0  
0  
0  
0  
0  
0  
0  
0  
0  
0  
0  
0  
0  
0  
0  
0  
0  
0  
0  
0  
0  
0  
0  
0  
0  
0  
0  
0  
0  
0  
0  
0  
0  
0  
0  
0  
0  
0  
0  
0  
0  
0  
0  
0  
0  
0  
0  
0  
0  
0  
0  
0  
0  
0  
0  
0  
0  
0  
0  
0  
0  
0  
0  
0  
0  
0  
0  
0  
0  
0  
0  
0  
0  
0  
0  
0  
0  
0  
0  
0  
0  
0  
1 T 1208375519.268000 
0  
0  
0  
0  
0  
0  
0  
0  
0  
0  
0  
0  
0  
0  
0  
0  
0  
0  
0  
0  
0  
0  
0  
0  
0  
0  
0  
0  
0  
0  
0  
0  
0  
0  
0  
0  
0  
0  
0  
0  
0  
0  
0  
0  
0  
0  
0  
0  
0  
0  
0  
0  
0  
0  
0  
0  
0  
0  
0  
0  
0  
0  
0  
0  
0  
0  
0  
0  
0  
0  
0  
0  
0  
0  
0  
0  
0  
0  
0  
0  
0  
0  
0  
0  
0  
0  
0  
0  
0  
0  
0  
0  
0  
0  
0  
0  
0  
0  
0  
1 T 1208375522.568000 
0  
0  
0  
0  
0  
0  
0  
0  
0  
0  
0  
0  
0  
0  
0  
0  
0  
0  
0  
0  
0  
0  
0  
0  
0  
0  
0  
0  
0  
0  
0  
0  
0  
0  
0  
0  
0  
0  
0  
0  
0  
0  
0  
0  
0  
0  
0  
0  
0  
0  
0  
0  
0  
0  
0  
0  
0  
0  
0  
0  
0  
0  
0  
0  
0  
0  
0  
0  
0  
0  
0  
0  
0  
0  
0  
0  
0  
0  
0  
0  
0  
0  
0  
0  
0  
0  
0  
0  
0  
0  
0  
0  
0  
0  
0  
0  
0  
0  
0  
1 T 1208375525.868000 
0  
0  
0  
0  
0  
0  
0  
0  
0  
0  
0  
0  
0  
0  
0  
0  
0  
0  
0  
0  
0  
0  
0  
0  
0  
0  
0  
0  
0  
0  
0  
0  
0  
0  
0  
0  
0  
0  
0  
0  
0  
0  
0  
0  
0  
0  
0  
0  
0  
0  
0  
0  
0  
0  
0  
0  
0  
0  
0  
0  
0  
0  
0  
0  
0  
0  
0  
0  
0  
0  
0  
0  
0  
0  
0  
0  
0  
0  
0  
0  
0  
0  
0  
0  
0  
0  
0  
0  
0  
0  
0  
0  
0  
0  
0  
0  
0  
0  
0  
1 T 1208375529.169000 
0  
0  
0  
0  
0  
0  
0  
0  
0  
0  
0  
0  
0  
0  
0  
0  
0  
0  
0  
0  
0  
0  
0  
0  
0  
0  
0  
0  
0  
0  
0  
0  
0  
0  
0  
0  
0  
0  
0  
0  
0  
0  
0  
0  
0  
0  
0  
0  
0  
0  
0  
0  
0  
0  
0  
0  
0  
0  
0  
0  
0  
0  
0  
0  
0  
0  
0  
0  
0  
0  
0  
0  
0  
0  
0  
0  
0  
0  
0  
0  
0  
0  
0  
0  
0  
0  
0  
0  
0  
0  
0  
0  
0  
0  
0  
0  
0  
0  
0  
1 T 1208375532.470000 
0  
0  
0  
0  
0  
0  
0  
0  
0  
0  
0  
0  
0  
0  
0  
0  
0  
0  
0  
0  
0  
0  
0  
0  
0  
0  
0  
0  
0  
0  
0  
0  
0  
0  
0  
0  
0  
0  
0  
0  
0  
0  
0  
0  
0  
0  
0  
0  
0  
0  
0  
0  
0  
0  
0  
0  
0  
0  
0  
0  
0  
0  
0  
0  
0  
0  
0  
0  
0  
0  
0  
0  
0  
0  
0  
0  
0  
0  
0  
0  
0  
0  
0  
0  
0  
0  
0  
0  
0  
0  
0  
0  
0  
0  
0  
0  
0  
0  
0  
1 T 1208375535.770000 
0  
0  
0  
0  
0  
0  
0  
0  
0  
0  
0  
0  
0  
0  
0  
0  
0  
0  
0  
0  
0  
0  
0  
0  
0  
0  
0  
0  
0  
0  
0  
0  
0  
0  
0  
0  
0  
0  
0  
0  
0  
0  
0  
0  
0  
0  
0  
0  
0  
0  
0  
0  
0  
0  
0  
0  
0  
0  
0  
0  
0  
0  
0  
0  
0  
0  
0  
0  
0  
0  
0  
0  
0  
0  
0  
0  
0  
0  
0  
0  
0  
0  
0  
0  
0  
0  
0  
0  
0  
0  
0  
0  
0  
0  
0  
0  
0  
0  
0  
1 T 1208375539.070000 
0  
0  
0  
0  
0  
0  
0  
0  
0  
0  
0  
0  
0  
0  
0  
0  
0  
0  
0  
0  
0  
0  
0  
0  
0  
0  
0  
0  
0  
0  
0  
0  
0  
0  
0  
0  
0  
0  
0  
0  
0  
0  
0  
0  
0  
0  
0  
0  
0  
0  
0  
0  
0  
0  
0  
0  
0  
0  
0  
0  
0  
0  
0  
0  
0  
0  
0  
0  
0  
0  
0  
0  
0  
0  
0  
0  
0  
0  
0  
0  
0  
0  
0  
0  
0  
0  
0  
0  
0  
0  
0  
0  
0  
0  
0  
0  
0  
0  
0  
1 T 1208375542.369000 
0  
0  
0  
0  
0  
0  
0  
0  
0  
0  
0  
0  
0  
0  
0  
0  
0  
0  
0  
0  
0  
0  
0  
0  
0  
0  
0  
0  
0  
0  
0  
0  
0  
0  
0  
0  
0  
0  
0  
0  
0  
0  
0  
0  
0  
0  
0  
0  
0  
0  
0  
0  
0  
0  
0  
0  
0  
0  
0  
0  
0  
0  
0  
0  
0  
0  
0  
0  
0  
0  
0  
0  
0  
0  
0  
0  
0  
0  
0  
0  
0  
0  
0  
0  
0  
0  
0  
0  
0  
0  
0  
0  
0  
0  
0  
0  
0  
0  
0  
1 T 1208375545.671000 
0  
0  
0  
0  
0  
0  
0  
0  
0  
0  
0  
0  
0  
0  
0  
0  
0  
0  
0  
0  
0  
0  
0  
0  
0  
0  
0  
0  
0  
0  
0  
0  
0  
0  
0  
0  
0  
0  
0  
0  
0  
0  
0  
0  
0  
0  
0  
0  
0  
0  
0  
0  
0  
0  
0  
0  
0  
0  
0  
0  
0  
0  
0  
0  
0  
0  
0  
0  
0  
0  
0  
0  
0  
0  
0  
0  
0  
0  
0  
0  
0  
0  
0  
0  
0  
0  
0  
0  
0  
0  
0  
0  
0  
0  
0  
0  
0  
0  
0  
1 T 1208375548.972000 
0  
0  
0  
0  
0  
0  
0  
0  
0  
0  
0  
0  
0  
0  
0  
0  
0  
0  
0  
0  
0  
0  
0  
0  
0  
0  
0  
0  
0  
0  
0  
0  
0  
0  
0  
0  
0  
0  
0  
0  
0  
0  
0  
0  
0  
0  
0  
0  
0  
0  
0  
0  
0  
0  
0  
0  
0  
0  
0  
0  
0  
0  
0  
0  
0  
0  
0  
0  
0  
0  
0  
0  
0  
0  
0  
0  
0  
0  
0  
0  
0  
0  
0  
0  
0  
0  
0  
0  
0  
0  
0  
0  
0  
0  
0  
0  
0  
0  
0  
1 T 1208375552.272000 
0  
0  
0  
0  
0  
0  
0  
0  
0  
0  
0  
0  
0  
0  
0  
0  
0  
0  
0  
0  
0  
0  
0  
0  
0  
0  
0  
0  
0  
0  
0  
0  
0  
0  
0  
0  
0  
0  
0  
0  
0  
0  
0  
0  
0  
0  
0  
0  
0  
0  
0  
0  
0  
0  
0  
0  
0  
0  
0  
0  
0  
0  
0  
0  
0  
0  
0  
0  
0  
0  
1  mm 1139 1062
0  
0  
0  
0  
0  
0  
0  
0  
0  
0  
0  
0  
1  mm 1188 1014
1  mm 1279 908
1  mm 1313 814
1  mm 1325 738
1  mm 1341 662
1  mm 1347 638
1  mm 1363 610
1  mm 1389 592
1  mm 1439 576
1  mm 1502 565
1  mm 1529 562
1  mm 1532 562
1  mm 1533 562
1  mm 1536 559
1  mm 1538 555
1  mm 1539 547
2 T 1208375555.684000 mm 1539 546
0  
1  mm 1539 545
1  mm 1540 537
1  mm 1543 531
1  mm 1544 531
0  
0  
0  
0  
0  
0  
0  
0  
0  
0  
0  
0  
0  
0  
0  
0  
0  
0  
0  
0  
0  
0  
0  
0  
0  
0  
0  
0  
0  
0  
0  
0  
0  
0  
0  
0  
0  
1  mb 1 1 1544 531
0  
0  
0  
0  
2 T 1208375557.270000 mb 1 0 1544 531
0  
1 T 1208375557.334000 
1 T 1208375557.366000 
1 T 1208375557.399000 
1 T 1208375557.433000 
1 T 1208375557.466000 
1 T 1208375557.499000 
1 T 1208375557.531000 
1 T 1208375557.565000 
1 T 1208375557.598000 
1 T 1208375557.630000 
1 T 1208375557.664000 
1 T 1208375557.696000 
1 T 1208375557.730000 
1 T 1208375557.763000 
1 T 1208375557.795000 
1 T 1208375557.829000 
1 T 1208375557.862000 
1 T 1208375557.894000 
1 T 1208375557.928000 
1 T 1208375557.960000 
1 T 1208375557.994000 
1 T 1208375558.027000 
1 T 1208375558.060000 
1 T 1208375558.092000 
1 T 1208375558.126000 
1 T 1208375558.158000 
1 T 1208375558.192000 
1 T 1208375558.224000 
1 T 1208375558.258000 
4 T 1208375558.291000 xs 1 2 17 53485554444F574E0A32302F3230300A23 xs 1 2 0 T 1208375558.292000 
1 T 1208375558.323000 
1 T 1208375558.357000 
1 T 1208375558.389000 
1 T 1208375558.422000 
1 T 1208375558.456000 
1 T 1208375558.488000 
1 T 1208375558.522000 
1 T 1208375558.554000 
1 T 1208375558.588000 
1 T 1208375558.621000 
1 T 1208375558.654000 
1 T 1208375558.686000 
1 T 1208375558.720000 
1 T 1208375558.753000 
2 T 1208375558.786000 mm 1511 530
2 T 1208375558.819000 mm 1309 598
2 T 1208375558.853000 mm 933 689
2 T 1208375558.885000 mm 536 759
2 T 1208375558.919000 mm 419 793
2 T 1208375558.952000 mm 390 816
3 T 1208375558.984000 T 1208375558.985000 mm 387 822
2 T 1208375559.018000 mm 386 831
2 T 1208375559.051000 mm 386 834
2 T 1208375559.083000 mm 389 856
2 T 1208375559.117000 mm 406 895
2 T 1208375559.150000 mm 413 905
2 T 1208375559.184000 mm 416 908
2 T 1208375559.215000 mm 417 911
2 T 1208375559.248000 mm 418 918
2 T 1208375559.281000 mm 418 923
2 T 1208375559.314000 mm 409 933
2 T 1208375559.349000 mm 393 947
2 T 1208375559.380000 mm 379 960
2 T 1208375559.414000 mm 372 967
1  mm 371 967
0  
0  
1  mb 1 1 371 967
0  
0  
0  
1  mb 1 0 371 967
