1209848521 seed, 30 fps, 1920x1080, fullScreen=1, version91_mouseSpeed1.000000_musicOff0_musicLoudness0.000000_webRetrySeconds16 9D45B0E2FBB967A2995A31505DB14EB418942ED9
2 T 1209848522.090000 mm 1110 367
0  
0  
0  
0  
0  
0  
0  
0  
0  
0  
0  
0  
0  
0  
0  
0  
0  
0  
0  
0  
0  
0  
0  
0  
0  
0  
0  
0  
0  
0  
0  
0  
0  
0  
1  mm 1220 483
0  
0  
0  
0  
0  
0  
0  
0  
0  
0  
0  
0  
0  
0  
0  
0  
0  
0  
0  
0  
0  
0  
0  
0  
0  
0  
0  
0  
0  
2 T 1209848526.535000 T 1209848526.541000 
1 T 1209848526.542000 
1 T 1209848526.576000 
1 T 1209848526.608000 
1 T 1209848526.642000 
1 T 1209848526.674000 
1 T 1209848526.707000 
1 T 1209848526.742000 
1 T 1209848526.774000 
1 T 1209848526.806000 
1 T 1209848526.840000 
1 T 1209848526.873000 
1 T 1209848526.905000 
1 T 1209848526.939000 
1 T 1209848526.971000 
1 T 1209848527.005000 
1 T 1209848527.037000 
1 T 1209848527.071000 
1 T 1209848527.103000 
1 T 1209848527.137000 
1 T 1209848527.169000 
1 T 1209848527.202000 
1 T 1209848527.236000 
1 T 1209848527.268000 
1 T 1209848527.301000 
1 T 1209848527.335000 
1 T 1209848527.367000 
1 T 1209848527.400000 
1 T 1209848527.433000 
1 T 1209848527.467000 
1 T 1209848527.500000 
1 T 1209848527.532000 
1 T 1209848527.565000 
1 T 1209848527.599000 
1 T 1209848527.631000 
1 T 1209848527.664000 
0  
0  
0  
0  
0  
0  
0  
0  
0  
0  
0  
0  
0  
0  
0  
0  
0  
0  
0  
0  
0  
0  
0  
0  
0  
0  
0  
0  
0  
0  
0  
0  
0  
0  
0  
0  
0  
0  
0  
0  
0  
0  
0  
0  
0  
0  
0  
0  
0  
0  
0  
0  
0  
0  
0  
0  
0  
0  
0  
0  
0  
0  
0  
0  
0  
0  
0  
0  
0  
0  
0  
0  
0  
0  
0  
0  
0  
0  
0  
0  
0  
0  
0  
0  
0  
0  
0  
0  
0  
0  
0  
0  
0  
0  
0  
0  
0  
0  
1 T 1209848530.932000 
0  
0  
0  
0  
0  
0  
0  
0  
0  
0  
0  
0  
0  
0  
0  
0  
0  
0  
0  
0  
0  
0  
0  
0  
0  
0  
0  
0  
0  
0  
0  
0  
0  
0  
0  
0  
0  
0  
0  
0  
0  
0  
0  
0  
0  
0  
0  
0  
0  
0  
0  
0  
0  
0  
0  
0  
0  
0  
0  
0  
0  
0  
0  
0  
0  
0  
0  
0  
0  
0  
0  
0  
0  
0  
0  
1  mm 1438 1079
1  mm 1491 1032
1  mm 1485 1031
1  mm 1484 1030
0  
0  
1  mm 1484 1001
1  mm 1474 927
1  mm 1442 846
1  mm 1421 803
1  mm 1424 797
1  mm 1439 795
0  
1  mm 1422 835
1  mm 1370 894
1  mm 1298 941
1  mm 1180 938
1  mm 865 887
1  mm 510 863
1  mm 385 871
1  mm 372 900
1  mm 373 922
1  mm 375 929
1  mm 381 939
2 T 1209848534.356000 mm 386 951
1  mm 392 973
1  mm 395 977
0  
0  
1  mb 1 1 395 977
0  
0  
1  mb 1 0 395 977
