1209253378 seed, 30 fps, 1920x1080, fullScreen=1, version84_mouseSpeed1.000000_musicOff0_musicLoudness0.000000_webRetrySeconds16 42465DEE661C4C80A66BFD33B6F8DBB5EF6ACF88
2 T 1209253379.104000 mm 967 491
0  
1  mm 1204 500
0  
1  mm 1204 501
0  
0  
0  
0  
0  
0  
0  
0  
0  
0  
0  
0  
0  
0  
0  
0  
0  
0  
0  
0  
0  
0  
0  
0  
0  
0  
0  
0  
0  
0  
1  mm 1466 525
0  
0  
0  
1  mm 1466 526
0  
0  
0  
0  
0  
0  
0  
0  
0  
0  
0  
0  
0  
0  
0  
0  
0  
0  
0  
0  
0  
0  
0  
2 T 1209253383.216000 T 1209253383.219000 
1 T 1209253383.249000 
1 T 1209253383.281000 
1 T 1209253383.315000 
1 T 1209253383.347000 
1 T 1209253383.381000 
1 T 1209253383.413000 
1 T 1209253383.446000 
1 T 1209253383.480000 
1 T 1209253383.513000 
1 T 1209253383.545000 
1 T 1209253383.578000 
1 T 1209253383.612000 
2 T 1209253383.644000 mm 1483 528
2 T 1209253383.678000 mm 1515 530
2 T 1209253383.710000 mm 1546 529
2 T 1209253383.743000 mm 1552 526
1 T 1209253383.776000 
1 T 1209253383.810000 
1 T 1209253383.843000 
1 T 1209253383.877000 
1 T 1209253383.909000 
1 T 1209253383.942000 
1 T 1209253383.976000 
1 T 1209253384.009000 
1 T 1209253384.041000 
1 T 1209253384.075000 
1 T 1209253384.107000 
1 T 1209253384.140000 
1 T 1209253384.174000 
1 T 1209253384.207000 
1 T 1209253384.239000 
1 T 1209253384.272000 
1 T 1209253384.305000 
1 T 1209253384.339000 
0  
1 T 1209253384.405000 
0  
0  
1  mb 1 1 1552 526
0  
0  
2 T 1209253384.606000 mb 1 0 1552 526
0  
1 T 1209253384.668000 
1 T 1209253384.701000 
1 T 1209253384.735000 
1 T 1209253384.767000 
1 T 1209253384.801000 
1 T 1209253384.833000 
1 T 1209253384.867000 
1 T 1209253384.899000 
1 T 1209253384.932000 
1 T 1209253384.965000 
1 T 1209253384.999000 
1 T 1209253385.031000 
1 T 1209253385.064000 
1 T 1209253385.097000 
1 T 1209253385.130000 
1 T 1209253385.164000 
1 T 1209253385.196000 
1 T 1209253385.230000 
1 T 1209253385.263000 
1 T 1209253385.296000 
1 T 1209253385.328000 
1 T 1209253385.362000 
1 T 1209253385.394000 
1 T 1209253385.427000 
1 T 1209253385.461000 
1 T 1209253385.493000 
1 T 1209253385.527000 
1 T 1209253385.559000 
1 T 1209253385.592000 
6 T 1209253385.626000 xs 0 2 15 534E0A302F3230300A320A38320A23 xs 0 2 0 xs 0 0 7 T 1209253385.627000 T 1209253385.632000 
1 T 1209253385.659000 
1 T 1209253385.692000 
1 T 1209253385.726000 
1 T 1209253385.759000 
1 T 1209253385.791000 
1 T 1209253385.826000 
1 T 1209253385.858000 
1 T 1209253385.891000 
1 T 1209253385.923000 
1 T 1209253385.956000 
1 T 1209253385.989000 
1 T 1209253386.023000 
2 T 1209253386.056000 mm 1398 575
2 T 1209253386.089000 mm 1065 637
2 T 1209253386.122000 mm 830 675
2 T 1209253386.157000 mm 659 742
2 T 1209253386.188000 mm 625 775
2 T 1209253386.220000 mm 605 810
2 T 1209253386.254000 mm 579 851
2 T 1209253386.287000 mm 555 884
2 T 1209253386.320000 mm 544 899
2 T 1209253386.353000 mm 534 906
2 T 1209253386.386000 mm 511 925
2 T 1209253386.418000 mm 463 941
2 T 1209253386.451000 mm 404 949
2 T 1209253386.485000 mm 378 959
2 T 1209253386.517000 mm 370 965
2 T 1209253386.551000 mm 369 966
1 T 1209253386.584000 
1 T 1209253386.617000 
2 T 1209253386.650000 mb 1 1 369 966
1 T 1209253386.682000 
1 T 1209253386.715000 
1 T 1209253386.749000 
1  mb 1 0 369 966
