1207828585 seed, 60 fps, 1612x907, fullScreen=0, version73_mouseSpeed1.000000_musicOff0_musicLoudness1.000000_webRetrySeconds16 39F5D403D9734472EB90545B8404B1BC918AF16B
3 T 1207828585.664000 mm 1109 782 mm 1146 762
0  
1  mm 799 543
1  mm 809 538
1  mm 832 526
1  mm 856 508
1  mm 891 477
1  mm 934 432
1  mm 978 384
1  mm 1023 333
1  mm 1065 278
1  mm 1128 197
1  mm 1148 169
1  mm 1189 113
1  mm 1205 91
1  mm 1219 79
1  mm 1225 75
1  mm 1232 72
1  mm 1236 70
1  mm 1242 68
1  mm 1251 64
1  mm 1258 62
1  mm 1264 61
1  mm 1281 60
1  mm 1284 60
1  mm 1293 60
1  mm 1304 60
1  mm 1311 60
1  mm 1326 60
1  mm 1338 60
1  mm 1360 60
1  mm 1371 60
1  mm 1395 60
1  mm 1404 60
1  mm 1407 61
1  mm 1408 62
0  
0  
1  mm 1409 68
1  mm 1400 81
1  mm 1374 113
1  mm 1344 145
1  mm 1277 207
1  mm 1163 291
1  mm 1077 351
1  mm 1052 372
1  mm 990 413
1  mm 922 462
1  mm 837 517
1  mm 764 562
1  mm 693 607
1  mm 654 636
1  mm 628 649
1  mm 613 656
1  mm 586 670
1  mm 568 678
1  mm 552 684
1  mm 535 688
1  mm 519 692
1  mm 502 695
1  mm 492 699
1  mm 487 700
1  mm 481 701
1  mm 478 703
1  mm 476 703
1  mm 626 682
0  
0  
0  
0  
0  
0  
0  
0  
0  
0  
0  
0  
1  mm 624 682
0  
0  
0  
0  
0  
0  
0  
0  
0  
0  
0  
0  
0  
0  
0  
0  
0  
0  
0  
0  
1 T 1207828588.165000 
0  
0  
0  
0  
0  
0  
0  
0  
0  
1  mm 627 682
0  
0  
0  
0  
2 T 1207828589.247000 T 1207828589.251000 
1 T 1207828589.263000 
1 T 1207828589.281000 
1 T 1207828589.298000 
1 T 1207828589.315000 
2 T 1207828589.331000 mm 628 682
2 T 1207828589.347000 mm 629 680
1 T 1207828589.364000 
2 T 1207828589.381000 mm 635 678
2 T 1207828589.397000 mm 636 677
2 T 1207828589.414000 mm 637 677
2 T 1207828589.431000 mm 639 677
1 T 1207828589.448000 
1 T 1207828589.464000 
1 T 1207828589.481000 
1 T 1207828589.497000 
1 T 1207828589.514000 
1 T 1207828589.530000 
1 T 1207828589.548000 
1 T 1207828589.565000 
1 T 1207828589.581000 
1 T 1207828589.598000 
2 T 1207828589.615000 mm 638 677
1 T 1207828589.631000 
1 T 1207828589.647000 
2 T 1207828589.664000 mm 635 675
2 T 1207828589.681000 mm 623 664
2 T 1207828589.698000 mm 609 658
2 T 1207828589.715000 mm 585 651
2 T 1207828589.732000 mm 548 647
2 T 1207828589.747000 mm 526 647
2 T 1207828589.764000 mm 500 654
2 T 1207828589.781000 mm 479 665
2 T 1207828589.797000 mm 459 680
2 T 1207828589.814000 mm 440 696
2 T 1207828589.830000 mm 420 716
2 T 1207828589.850000 mm 406 732
2 T 1207828589.866000 mm 391 749
2 T 1207828589.883000 mm 380 762
2 T 1207828589.899000 mm 376 768
2 T 1207828589.916000 mm 372 779
2 T 1207828589.932000 mm 368 786
2 T 1207828589.949000 mm 366 789
2 T 1207828589.967000 mm 363 793
2 T 1207828589.983000 mm 361 795
2 T 1207828590.000000 mm 357 798
1 T 1207828590.016000 
2 T 1207828590.033000 mm 356 798
1 T 1207828590.049000 
1 T 1207828590.066000 
2 T 1207828590.082000 mm 348 791
2 T 1207828590.100000 mm 338 774
2 T 1207828590.118000 mm 333 769
2 T 1207828590.133000 mm 331 764
2 T 1207828590.149000 mm 330 756
2 T 1207828590.166000 mm 330 748
2 T 1207828590.182000 mm 330 738
2 T 1207828590.199000 mm 331 727
2 T 1207828590.216000 mm 338 714
2 T 1207828590.233000 mm 342 698
2 T 1207828590.249000 mm 346 683
2 T 1207828590.266000 mm 348 674
2 T 1207828590.283000 mm 350 665
3 T 1207828590.301000 mm 351 661 mm 351 660
2 T 1207828590.317000 mm 352 658
2 T 1207828590.332000 mm 352 656
1 T 1207828590.349000 
1  mm 352 653
1  mm 352 648
1  mm 352 642
1  mm 352 634
1  mm 351 629
1  mm 348 622
1  mm 346 620
1  mm 346 619
1  mm 346 617
1  mm 345 616
1  mm 345 615
0  
0  
0  
0  
0  
0  
0  
1 T 1207828590.665000 
0  
0  
0  
0  
0  
0  
0  
0  
0  
0  
0  
0  
0  
0  
0  
0  
0  
0  
0  
0  
0  
0  
0  
0  
0  
1  mb 1 1 345 615
0  
0  
0  
0  
0  
0  
2 F 0.000000 mb 1 0 345 615
1 F 0.000000 
3 af 0 af 1 F 0.000000 
1 F 0.000000 
1 F 0.000000 
1 F 0.000000 
1 F 0.000000 
1 F 0.000000 
1 F 0.000000 
1 F 0.000000 
1 F 0.000000 
1 F 0.000000 
1 F 0.000000 
2 F 0.000000 mm 348 615
2 F 0.000000 mm 394 611
2 F 0.000000 mm 431 608
2 F 0.000000 mm 477 601
2 F 0.000000 mm 535 594
2 F 0.000000 mm 590 578
2 F 0.000000 mm 666 535
2 F 0.000000 mm 702 505
2 F 0.000000 mm 729 479
2 F 0.000000 mm 770 445
2 F 0.000000 mm 803 415
2 F 0.000000 mm 825 397
2 F 0.000000 mm 844 388
2 F 0.000000 mm 859 384
2 F 0.000000 mm 863 381
2 F 0.000000 mm 866 380
1 F 0.000000 
1 F 0.000000 
1 F 0.000000 
2 F 0.000000 mm 869 374
2 F 0.000000 mm 871 369
2 F 0.000000 mm 871 362
2 F 0.000000 mm 869 356
2 F 0.000000 mm 862 347
2 F 0.000000 mm 854 340
2 F 0.000000 mm 850 337
2 F 0.000000 mm 840 331
2 F 0.000000 mm 833 331
2 F 0.000000 mm 824 330
2 F 0.000000 mm 819 329
2 F 0.000000 mm 816 327
2 F 0.000000 mm 813 326
2 F 0.000000 mm 799 320
2 F 0.000000 mm 793 316
2 F 0.000000 mm 790 314
2 F 0.000000 mm 789 313
2 F 0.000000 mm 789 311
2 F 0.000000 mm 789 309
2 F 0.000000 mm 789 307
2 F 0.000000 mm 787 307
1 F 0.000000 
1 F 0.000000 
2 F 0.000000 mm 788 307
2 F 0.000000 mm 791 307
2 F 0.000000 mm 795 307
2 F 0.000000 mm 798 307
2 F 0.000000 mm 799 306
2 F 0.000000 mm 801 306
2 F 0.000000 mm 804 306
2 F 0.000000 mb 1 1 804 306
1 F 0.000000 
1 F 0.000000 
1 F 0.000000 
1 F 0.000000 
3 T 1207828592.332000 F 0.000000 mb 1 0 804 306
1 F 0.000000 
1 F 0.000000 
1 F 0.000000 
1 F 0.000000 
1 F 0.000000 
2 F 0.000000 mm 817 306
2 F 0.000000 mm 843 306
2 F 0.000000 mm 875 306
2 F 0.000000 mm 908 306
2 F 0.000000 mm 936 308
2 F 0.000000 mm 963 309
2 F 0.000000 mm 966 309
2 F 0.000000 mm 968 309
1 F 0.000000 
1 F 0.000000 
2 F 0.000000 mm 971 309
2 F 0.000000 mm 973 309
2 F 0.000000 mm 976 309
2 F 0.000000 mm 978 309
1 F 0.000000 
2 F 0.000000 mb 1 1 978 309
1 F 0.000000 
1 F 0.000000 
1 F 0.000000 
1 F 0.000000 
1  mb 1 0 978 309
