1210976295 seed, 30 fps, 1920x1080, fullScreen=1, version96_mouseSpeed1.000000_musicOff0_musicLoudness0.000000_webRetrySeconds16 D7B0694EEF5ECFC8B3CCDCAF722279C3F19F6647
2 T 1210976297.120000 mm 960 540
0  
0  
0  
0  
0  
0  
0  
0  
1  mm 967 539
1  mm 1056 523
1  mm 1190 501
1  mm 1240 484
1  mm 1254 469
1  mm 1254 468
0  
0  
0  
1  mm 1258 491
1  mm 1280 526
1  mm 1316 550
1  mm 1338 552
1  mm 1344 552
1  mm 1345 552
0  
0  
0  
0  
0  
0  
0  
0  
0  
0  
0  
1  mm 1348 551
0  
0  
0  
0  
0  
0  
0  
0  
0  
0  
0  
0  
0  
0  
0  
0  
0  
0  
0  
0  
0  
0  
0  
0  
0  
0  
0  
0  
0  
2 T 1210976300.969000 T 1210976300.972000 
1 T 1210976301.002000 
1 T 1210976301.035000 
1 T 1210976301.068000 
1 T 1210976301.102000 
2 T 1210976301.133000 mm 1349 545
2 T 1210976301.169000 mm 1350 540
1 T 1210976301.200000 
1 T 1210976301.233000 
1 T 1210976301.265000 
1 T 1210976301.299000 
2 T 1210976301.331000 mm 1350 539
2 T 1210976301.364000 mm 1345 548
2 T 1210976301.401000 mm 1346 549
2 T 1210976301.431000 mm 1364 549
2 T 1210976301.464000 mm 1398 549
2 T 1210976301.497000 mm 1436 549
2 T 1210976301.530000 mm 1444 549
2 T 1210976301.563000 mm 1446 549
2 T 1210976301.596000 mm 1459 555
2 T 1210976301.630000 mm 1474 556
2 T 1210976301.663000 mm 1484 556
2 T 1210976301.695000 mm 1494 556
2 T 1210976301.728000 mm 1504 556
2 T 1210976301.762000 mm 1509 554
2 T 1210976301.794000 mm 1513 553
1 T 1210976301.829000 
2 T 1210976301.861000 mm 1515 552
2 T 1210976301.893000 mm 1516 551
1 T 1210976301.926000 
1 T 1210976301.959000 
1 T 1210976301.992000 
1 T 1210976302.025000 
2 T 1210976302.061000 mb 1 1 1516 551
1 T 1210976302.091000 
0  
1  mb 1 0 1516 551
0  
0  
1  mb 1 1 1516 551
0  
2 T 1210976302.325000 mb 1 0 1516 551
0  
2 T 1210976302.408000 mb 1 1 1516 551
1 T 1210976302.442000 
2 T 1210976302.475000 mb 1 0 1516 551
1 T 1210976302.509000 
1 T 1210976302.541000 
1 T 1210976302.574000 
1 T 1210976302.607000 
2 T 1210976302.640000 mm 1483 537
2 T 1210976302.673000 mm 1397 511
2 T 1210976302.707000 mm 1335 493
2 T 1210976302.738000 mm 1298 483
2 T 1210976302.772000 mm 1289 477
2 T 1210976302.805000 mm 1280 472
2 T 1210976302.837000 mm 1259 463
2 T 1210976302.872000 mm 1243 456
2 T 1210976302.903000 mm 1237 455
1 T 1210976302.938000 
1 T 1210976302.969000 
1 T 1210976303.003000 
1 T 1210976303.037000 
1 T 1210976303.069000 
1 T 1210976303.102000 
1 T 1210976303.135000 
1 T 1210976303.169000 
1 T 1210976303.201000 
1 T 1210976303.235000 
1 T 1210976303.268000 
1 T 1210976303.302000 
4 T 1210976303.334000 xs 0 2 0 xs 0 0 0 T 1210976303.338000 
1 T 1210976303.368000 
1 T 1210976303.400000 
2 T 1210976303.434000 mm 1228 446
1 T 1210976303.467000 
2 T 1210976303.501000 mm 1227 444
2 T 1210976303.533000 mm 1218 434
2 T 1210976303.566000 mm 1206 421
1 T 1210976303.599000 
1 T 1210976303.631000 
2 T 1210976303.664000 mm 1189 402
2 T 1210976303.697000 mm 1169 385
2 T 1210976303.731000 mm 1160 377
2 T 1210976303.763000 mm 1148 364
2 T 1210976303.795000 mm 1142 343
2 T 1210976303.831000 mm 1136 308
2 T 1210976303.863000 mm 1134 299
2 T 1210976303.895000 mm 1134 298
1 T 1210976303.928000 
2 T 1210976303.962000 mm 1170 326
2 T 1210976303.996000 mm 1312 386
2 T 1210976304.027000 mm 1408 416
2 T 1210976304.063000 mm 1433 422
1 T 1210976304.094000 
2 T 1210976304.128000 mm 1435 433
2 T 1210976304.159000 mm 1443 474
2 T 1210976304.192000 mm 1425 521
2 T 1210976304.226000 mm 1314 575
2 T 1210976304.259000 mm 1155 591
2 T 1210976304.291000 mm 956 616
2 T 1210976304.325000 mm 826 645
2 T 1210976304.359000 mm 729 690
2 T 1210976304.390000 mm 677 721
2 T 1210976304.425000 mm 613 754
2 T 1210976304.456000 mm 541 790
1  mm 512 802
1  mm 506 808
1  mm 498 818
1  mm 487 836
1  mm 481 847
1  mm 480 848
1  mm 479 851
1  mm 467 869
1  mm 447 889
1  mm 426 912
1  mm 413 930
1  mm 408 938
0  
0  
0  
0  
1  mm 407 940
1  mm 404 943
1  mm 400 947
0  
1  mb 1 1 400 947
0  
0  
1  mb 1 0 400 947
