1207869433 seed, 60 fps, 1920x1080, fullScreen=1, version73_mouseSpeed1.000000_musicOff0_musicLoudness1.000000_webRetrySeconds16 39F5D403D9734472EB90545B8404B1BC918AF16B
0  
0  
0  
1  mm 972 587
1  mm 974 590
0  
1  mm 979 596
1  mm 981 600
1  mm 982 602
2 T 1207869437.453000 mm 984 604
1  mm 986 605
1  mm 991 608
1  mm 999 611
1  mm 1015 618
1  mm 1026 621
1  mm 1036 622
1  mm 1044 623
1  mm 1051 624
1  mm 1055 624
1  mm 1069 627
1  mm 1084 630
1  mm 1094 632
1  mm 1096 632
0  
0  
0  
0  
0  
0  
0  
0  
0  
0  
0  
0  
0  
0  
0  
0  
0  
0  
0  
0  
0  
0  
0  
0  
0  
0  
0  
0  
1  mm 1096 634
0  
0  
0  
0  
0  
0  
0  
0  
0  
0  
0  
0  
0  
0  
0  
0  
0  
0  
0  
0  
0  
0  
0  
0  
0  
0  
0  
0  
0  
0  
0  
0  
0  
0  
0  
0  
0  
0  
0  
0  
0  
0  
0  
0  
0  
0  
0  
0  
0  
0  
0  
0  
0  
0  
0  
0  
0  
2 T 1207869439.578000 mm 1098 634
0  
0  
0  
0  
0  
3 T 1207869440.286000 T 1207869440.289000 mm 1098 636
0  
0  
1 T 1207869440.302000 
1 T 1207869440.319000 
1 T 1207869440.336000 
1 T 1207869440.352000 
1 T 1207869440.369000 
1 T 1207869440.386000 
1 T 1207869440.402000 
1 T 1207869440.419000 
1 T 1207869440.435000 
1 T 1207869440.452000 
1 T 1207869440.469000 
1 T 1207869440.486000 
1 T 1207869440.502000 
1 T 1207869440.519000 
1 T 1207869440.535000 
1 T 1207869440.553000 
1 T 1207869440.569000 
1 T 1207869440.586000 
1 T 1207869440.602000 
1 T 1207869440.619000 
1 T 1207869440.636000 
1 T 1207869440.652000 
1 T 1207869440.669000 
1 T 1207869440.685000 
1 T 1207869440.702000 
1 T 1207869440.719000 
1 T 1207869440.735000 
1 T 1207869440.752000 
2 T 1207869440.769000 mm 1094 636
2 T 1207869440.786000 mm 1042 636
2 T 1207869440.803000 mm 977 636
2 T 1207869440.819000 mm 861 636
2 T 1207869440.836000 mm 756 636
2 T 1207869440.852000 mm 668 636
2 T 1207869440.869000 mm 590 636
2 T 1207869440.886000 mm 554 636
2 T 1207869440.902000 mm 534 637
2 T 1207869440.919000 mm 520 640
2 T 1207869440.936000 mm 517 642
2 T 1207869440.952000 mm 513 645
2 T 1207869440.969000 mm 505 654
2 T 1207869440.985000 mm 496 663
2 T 1207869441.002000 mm 485 673
2 T 1207869441.019000 mm 462 687
2 T 1207869441.035000 mm 446 699
2 T 1207869441.052000 mm 436 703
2 T 1207869441.069000 mm 426 711
2 T 1207869441.086000 mm 415 718
2 T 1207869441.102000 mm 407 723
2 T 1207869441.119000 mm 403 726
2 T 1207869441.136000 mm 400 729
1 T 1207869441.152000 
1 T 1207869441.169000 
1 T 1207869441.185000 
1 T 1207869441.202000 
1 T 1207869441.219000 
1 T 1207869441.235000 
1 T 1207869441.252000 
1 T 1207869441.269000 
1 T 1207869441.285000 
1 T 1207869441.302000 
1 T 1207869441.319000 
1 T 1207869441.335000 
1 T 1207869441.352000 
1 T 1207869441.369000 
1 T 1207869441.386000 
1 T 1207869441.402000 
0  
0  
1  mb 1 1 400 729
0  
0  
0  
0  
0  
0  
0  
2 F 0.000000 mb 1 0 400 729
1 F 0.000000 
3 af 0 af 1 F 0.000000 
1 F 0.000000 
1 F 0.000000 
1 F 0.000000 
1 F 0.000000 
1 F 0.000000 
1 F 0.000000 
1 F 0.000000 
1 F 0.000000 
1 F 0.000000 
1 F 0.000000 
1 F 0.000000 
2 T 1207869441.818000 F 0.000000 
1 F 0.000000 
1 F 0.000000 
1 F 0.000000 
1 F 0.000000 
1 F 0.000000 
1 F 0.000000 
1 F 0.000000 
1 F 0.000000 
1 F 0.000000 
1 F 0.000000 
1 F 0.000000 
1 F 0.000000 
1 F 0.000000 
1 F 0.000000 
1 F 0.000000 
1 F 0.000000 
1 F 0.000000 
1 F 0.000000 
1 F 0.000000 
1 F 0.000000 
1 F 0.000000 
1 F 0.000000 
1 F 0.000000 
1 F 0.000000 
2 F 0.000000 mm 444 728
2 F 0.000000 mm 512 721
2 F 0.000000 mm 589 715
2 F 0.000000 mm 665 711
2 F 0.000000 mm 733 711
2 F 0.000000 mm 808 711
2 F 0.000000 mm 863 711
2 F 0.000000 mm 909 726
2 F 0.000000 mm 937 743
2 F 0.000000 mm 960 769
2 F 0.000000 mm 974 802
2 F 0.000000 mm 984 835
2 F 0.000000 mm 991 877
2 F 0.000000 mm 991 887
2 F 0.000000 mm 991 895
2 F 0.000000 mm 991 902
2 F 0.000000 mm 990 911
2 F 0.000000 mm 988 924
2 F 0.000000 mm 984 938
2 F 0.000000 mm 984 953
2 F 0.000000 mm 984 960
1 F 0.000000 
1 F 0.000000 
1 F 0.000000 
1 F 0.000000 
1 F 0.000000 
1 F 0.000000 
2 F 0.000000 mm 983 961
2 F 0.000000 mm 981 961
2 F 0.000000 mm 980 961
2 F 0.000000 mm 975 956
2 F 0.000000 mm 972 950
2 F 0.000000 mm 971 941
2 F 0.000000 mm 971 936
2 F 0.000000 mm 971 930
2 F 0.000000 mm 971 927
2 F 0.000000 mm 971 926
1 F 0.000000 
1 F 0.000000 
1 F 0.000000 
1 F 0.000000 
1 F 0.000000 
1 F 0.000000 
1 F 0.000000 
1 F 0.000000 
1 F 0.000000 
1 F 0.000000 
1 F 0.000000 
1 F 0.000000 
2 F 0.000000 mb 1 1 971 926
1 F 0.000000 
1 F 0.000000 
1 F 0.000000 
1 F 0.000000 
1 F 0.000000 
1 F 0.000000 
1 F 0.000000 
1 F 0.000000 
1 F 0.000000 
3 T 1207869443.217000 T 1207869443.218000 mb 1 0 971 926
1 T 1207869443.235000 
1 T 1207869443.251000 
1 T 1207869443.268000 
1 T 1207869443.285000 
1 T 1207869443.301000 
1 T 1207869443.318000 
1 T 1207869443.334000 
1 T 1207869443.351000 
1 T 1207869443.368000 
1 T 1207869443.384000 
1 T 1207869443.402000 
1 T 1207869443.418000 
1 T 1207869443.435000 
1 T 1207869443.451000 
1 T 1207869443.468000 
2 T 1207869443.484000 T 1207869443.485000 
1 T 1207869443.501000 
1 T 1207869443.518000 
1 T 1207869443.535000 
1 T 1207869443.552000 
1 T 1207869443.568000 
1 T 1207869443.585000 
1 T 1207869443.601000 
1 T 1207869443.618000 
1 T 1207869443.635000 
1 T 1207869443.651000 
1 T 1207869443.668000 
1 T 1207869443.685000 
1 T 1207869443.702000 
1 T 1207869443.718000 
1 T 1207869443.735000 
1 T 1207869443.751000 
1 T 1207869443.768000 
1 T 1207869443.784000 
1 T 1207869443.802000 
1 T 1207869443.818000 
1 T 1207869443.835000 
1 T 1207869443.851000 
1 T 1207869443.868000 
1 T 1207869443.885000 
1 T 1207869443.902000 
1 T 1207869443.918000 
1 T 1207869443.935000 
1 T 1207869443.951000 
1 T 1207869443.968000 
1 T 1207869443.985000 
1 T 1207869444.001000 
1 T 1207869444.018000 
1 T 1207869444.035000 
1 T 1207869444.052000 
1 T 1207869444.068000 
1 T 1207869444.085000 
1 T 1207869444.102000 
1 T 1207869444.118000 
1 T 1207869444.135000 
1 T 1207869444.152000 
1 T 1207869444.168000 
1 T 1207869444.185000 
1 T 1207869444.201000 
1 T 1207869444.218000 
1 T 1207869444.235000 
1 T 1207869444.251000 
1 T 1207869444.268000 
1 T 1207869444.285000 
1 T 1207869444.301000 
1 T 1207869444.318000 
0  
0  
0  
0  
0  
0  
0  
0  
0  
0  
0  
0  
0  
0  
0  
0  
0  
0  
0  
0  
0  
0  
0  
0  
0  
0  
0  
0  
0  
0  
0  
0  
0  
0  
0  
0  
0  
0  
0  
0  
0  
0  
0  
0  
0  
0  
0  
0  
0  
1 T 1207869445.150000 
0  
0  
0  
0  
1  mm 971 921
1  mm 982 909
1  mm 998 893
1  mm 1008 881
1  mm 1013 869
1  mm 1014 858
1  mm 1014 849
1  mm 1012 841
1  mm 1005 832
1  mm 996 826
1  mm 980 817
1  mm 954 808
1  mm 922 799
1  mm 859 784
1  mm 805 779
1  mm 747 769
1  mm 678 757
1  mm 627 752
1  mm 574 749
1  mm 524 745
1  mm 475 737
1  mm 435 732
1  mm 409 730
1  mm 393 730
1  mm 383 729
0  
0  
0  
0  
0  
1  mm 385 728
1  mm 388 728
1  mm 389 728
0  
0  
0  
0  
0  
0  
0  
0  
0  
0  
0  
0  
0  
0  
0  
0  
0  
0  
0  
0  
0  
0  
0  
0  
0  
0  
0  
0  
0  
0  
0  
0  
0  
0  
1  mb 1 1 389 728
0  
0  
0  
0  
0  
0  
0  
2 F 0.000000 mb 1 0 389 728
1 F 0.000000 
1 F 0.000000 
1 F 0.000000 
1 F 0.000000 
1 F 0.000000 
1 F 0.000000 
1 F 0.000000 
1 F 0.000000 
1 F 0.000000 
1 F 0.000000 
1 F 0.000000 
1 F 0.000000 
1 F 0.000000 
1 F 0.000000 
1 F 0.000000 
1 F 0.000000 
1 F 0.000000 
2 F 0.000000 mm 405 719
2 F 0.000000 mm 492 641
3 T 1207869446.817000 F 0.000000 mm 583 562
2 F 0.000000 mm 685 471
2 F 0.000000 mm 775 372
2 F 0.000000 mm 842 277
2 F 0.000000 mm 869 219
2 F 0.000000 mm 872 201
2 F 0.000000 mm 873 190
2 F 0.000000 mm 873 184
2 F 0.000000 mm 873 178
2 F 0.000000 mm 873 177
2 F 0.000000 mm 871 174
2 F 0.000000 mm 871 168
2 F 0.000000 mm 874 159
2 F 0.000000 mm 884 150
2 F 0.000000 mm 895 139
2 F 0.000000 mm 911 125
2 F 0.000000 mm 917 119
2 F 0.000000 mm 920 114
2 F 0.000000 mm 923 107
2 F 0.000000 mm 926 101
2 F 0.000000 mm 928 95
2 F 0.000000 mm 935 87
2 F 0.000000 mm 941 80
2 F 0.000000 mm 952 72
2 F 0.000000 mm 962 65
2 F 0.000000 mm 971 58
2 F 0.000000 mm 972 57
1 F 0.000000 
1 F 0.000000 
1 F 0.000000 
1 F 0.000000 
1 F 0.000000 
1 F 0.000000 
1 F 0.000000 
2 F 0.000000 mm 970 62
2 F 0.000000 mm 967 66
1 F 0.000000 
1 F 0.000000 
1 F 0.000000 
2 F 0.000000 mb 1 1 967 66
1 F 0.000000 
1 F 0.000000 
1 F 0.000000 
1 F 0.000000 
1 F 0.000000 
2 F 0.000000 mb 1 0 967 66
1 F 0.000000 
1 F 0.000000 
1 F 0.000000 
2 F 0.000000 mm 963 77
2 F 0.000000 mm 952 98
2 F 0.000000 mm 941 118
2 F 0.000000 mm 936 128
2 F 0.000000 mm 930 134
1 F 0.000000 
1 F 0.000000 
1 F 0.000000 
1 F 0.000000 
1 F 0.000000 
1 F 0.000000 
1 F 0.000000 
1 F 0.000000 
1 F 0.000000 
1 F 0.000000 
1 F 0.000000 
1 F 0.000000 
2 F 0.000000 mm 930 135
2 F 0.000000 mm 939 136
2 F 0.000000 mm 947 136
2 F 0.000000 mm 953 136
2 F 0.000000 mm 954 136
2 F 0.000000 mb 1 1 954 136
1 F 0.000000 
1 F 0.000000 
1 F 0.000000 
1 F 0.000000 
1 F 0.000000 
2 F 0.000000 mb 1 0 954 136
1 F 0.000000 
1 F 0.000000 
1 F 0.000000 
1 F 0.000000 
1 F 0.000000 
2 F 0.000000 mb 1 1 954 136
2 F 0.000000 md 958 136
2 F 0.000000 md 959 136
1 F 0.000000 
1 F 0.000000 
2 F 0.000000 mb 1 0 959 136
1 F 0.000000 
1 F 0.000000 
1 F 0.000000 
2 F 0.000000 mb 1 1 959 136
1 F 0.000000 
1 F 0.000000 
1 F 0.000000 
1 F 0.000000 
1 F 0.000000 
2 F 0.000000 mb 1 0 959 136
1 F 0.000000 
2 T 1207869448.483000 F 0.000000 
1 F 0.000000 
2 F 0.000000 mb 1 1 959 136
1 F 0.000000 
1 F 0.000000 
1 F 0.000000 
2 F 0.000000 mb 1 0 959 136
1 F 0.000000 
1 F 0.000000 
1 F 0.000000 
2 F 0.000000 mb 1 1 959 136
1 F 0.000000 
1 F 0.000000 
1 F 0.000000 
1 F 0.000000 
2 F 0.000000 mb 1 0 959 136
1 F 0.000000 
1 F 0.000000 
1 F 0.000000 
2 F 0.000000 mb 1 1 959 136
1 F 0.000000 
1 F 0.000000 
1 F 0.000000 
1 F 0.000000 
2 F 0.000000 mb 1 0 959 136
1 F 0.000000 
2 F 0.000000 mb 1 1 959 136
1 F 0.000000 
1 F 0.000000 
1 F 0.000000 
1 F 0.000000 
1 F 0.000000 
2 F 0.000000 mb 1 0 959 136
1 F 0.000000 
1 F 0.000000 
1 F 0.000000 
2 F 0.000000 mb 1 1 959 136
1 F 0.000000 
1 F 0.000000 
1 F 0.000000 
1 F 0.000000 
1 F 0.000000 
2 F 0.000000 mb 1 0 959 136
1 F 0.000000 
1 F 0.000000 
2 F 0.000000 mb 1 1 959 136
1 F 0.000000 
1 F 0.000000 
1 F 0.000000 
1 F 0.000000 
1 F 0.000000 
1 F 0.000000 
2 F 0.000000 mb 1 0 959 136
1 F 0.000000 
1 F 0.000000 
1 F 0.000000 
1 F 0.000000 
1 F 0.000000 
1 F 0.000000 
1 F 0.000000 
1 F 0.000000 
1 F 0.000000 
1 F 0.000000 
2 F 0.000000 mm 971 142
2 F 0.000000 mm 979 145
2 F 0.000000 mm 984 145
2 F 0.000000 mm 987 146
1 F 0.000000 
1 F 0.000000 
1 F 0.000000 
1 F 0.000000 
1 F 0.000000 
2 F 0.000000 mm 993 148
2 F 0.000000 mm 995 152
2 F 0.000000 mm 1002 154
2 F 0.000000 mm 1004 155
2 F 0.000000 mm 1010 157
2 F 0.000000 mm 1016 158
2 F 0.000000 mm 1021 159
2 F 0.000000 mm 1027 162
2 F 0.000000 mm 1036 166
2 F 0.000000 mm 1043 171
2 F 0.000000 mm 1051 175
2 F 0.000000 mm 1059 181
2 F 0.000000 mm 1070 189
2 F 0.000000 mm 1080 197
2 F 0.000000 mm 1100 213
2 F 0.000000 mm 1113 223
2 F 0.000000 mm 1126 234
2 F 0.000000 mm 1138 246
2 F 0.000000 mm 1150 257
2 F 0.000000 mm 1160 271
2 F 0.000000 mm 1170 283
2 F 0.000000 mm 1180 304
2 F 0.000000 mm 1192 330
2 F 0.000000 mm 1202 358
2 F 0.000000 mm 1212 388
2 F 0.000000 mm 1219 419
2 F 0.000000 mm 1219 462
2 F 0.000000 mm 1217 487
3 T 1207869450.149000 F 0.000000 mm 1211 510
2 F 0.000000 mm 1204 531
2 F 0.000000 mm 1194 552
2 F 0.000000 mm 1190 566
2 F 0.000000 mm 1184 581
2 F 0.000000 mm 1180 598
2 F 0.000000 mm 1173 614
2 F 0.000000 mm 1169 630
2 F 0.000000 mm 1165 649
2 F 0.000000 mm 1160 668
2 F 0.000000 mm 1156 691
2 F 0.000000 mm 1156 701
2 F 0.000000 mm 1154 712
2 F 0.000000 mm 1153 721
2 F 0.000000 mm 1153 733
2 F 0.000000 mm 1150 748
2 F 0.000000 mm 1148 759
2 F 0.000000 mm 1146 770
2 F 0.000000 mm 1144 774
2 F 0.000000 mm 1140 783
2 F 0.000000 mm 1135 793
2 F 0.000000 mm 1126 808
2 F 0.000000 mm 1114 828
2 F 0.000000 mm 1101 841
2 F 0.000000 mm 1089 854
2 F 0.000000 mm 1076 863
2 F 0.000000 mm 1062 875
2 F 0.000000 mm 1049 883
2 F 0.000000 mm 1034 892
2 F 0.000000 mm 1016 897
2 F 0.000000 mm 997 899
2 F 0.000000 mm 982 903
2 F 0.000000 mm 972 904
2 F 0.000000 mm 965 906
2 F 0.000000 mm 958 907
2 F 0.000000 mm 956 907
1 F 0.000000 
1 F 0.000000 
1 F 0.000000 
1 F 0.000000 
1 F 0.000000 
1 F 0.000000 
1 F 0.000000 
1 F 0.000000 
1 F 0.000000 
1 F 0.000000 
1 F 0.000000 
1 F 0.000000 
1 F 0.000000 
1 F 0.000000 
1 F 0.000000 
1 F 0.000000 
1 F 0.000000 
1 F 0.000000 
1 F 0.000000 
1 F 0.000000 
1 F 0.000000 
1 F 0.000000 
1 F 0.000000 
1 F 0.000000 
1 F 0.000000 
1 F 0.000000 
1 F 0.000000 
1 F 0.000000 
1 F 0.000000 
1 F 0.000000 
1 F 0.000000 
1 F 0.000000 
1 F 0.000000 
2 F 0.000000 mb 1 1 956 907
1 F 0.000000 
1 F 0.000000 
1 F 0.000000 
1 F 0.000000 
1 F 0.000000 
1 F 0.000000 
1 F 0.000000 
1 F 0.000000 
3 T 1207869451.448000 T 1207869451.449000 mb 1 0 956 907
1 T 1207869451.465000 
1 T 1207869451.482000 
1 T 1207869451.498000 
1 T 1207869451.515000 
1 T 1207869451.532000 
1 T 1207869451.548000 
1 T 1207869451.565000 
1 T 1207869451.582000 
1 T 1207869451.599000 
1 T 1207869451.615000 
1 T 1207869451.632000 
1 T 1207869451.649000 
1 T 1207869451.666000 
1 T 1207869451.682000 
1 T 1207869451.699000 
1 T 1207869451.716000 
1 T 1207869451.732000 
1 T 1207869451.749000 
1 T 1207869451.766000 
1 T 1207869451.782000 
1 T 1207869451.798000 
2 T 1207869451.815000 T 1207869451.816000 
1 T 1207869451.832000 
1 T 1207869451.849000 
1 T 1207869451.866000 
1 T 1207869451.882000 
1 T 1207869451.899000 
1 T 1207869451.915000 
1 T 1207869451.932000 
1 T 1207869451.949000 
1 T 1207869451.965000 
1 T 1207869451.982000 
1 T 1207869451.998000 
1 T 1207869452.016000 
1 T 1207869452.032000 
1 T 1207869452.049000 
1 T 1207869452.066000 
1 T 1207869452.082000 
1 T 1207869452.099000 
2 T 1207869452.115000 mm 972 901
2 T 1207869452.132000 mm 1005 877
2 T 1207869452.149000 mm 1022 855
2 T 1207869452.165000 mm 1035 830
2 T 1207869452.182000 mm 1037 808
2 T 1207869452.199000 mm 1037 788
2 T 1207869452.216000 mm 1030 766
2 T 1207869452.232000 mm 1009 742
2 T 1207869452.249000 mm 974 722
2 T 1207869452.266000 mm 927 711
2 T 1207869452.284000 mm 873 705
2 T 1207869452.299000 mm 808 705
2 T 1207869452.316000 mm 740 705
2 T 1207869452.332000 mm 672 705
2 T 1207869452.353000 mm 565 729
2 T 1207869452.368000 mm 501 757
2 T 1207869452.382000 mm 456 789
2 T 1207869452.398000 mm 425 817
2 T 1207869452.415000 mm 411 834
2 T 1207869452.432000 mm 409 838
2 T 1207869452.449000 mm 408 841
2 T 1207869452.466000 mm 409 843
2 T 1207869452.482000 mm 411 844
2 T 1207869452.499000 mm 416 844
2 T 1207869452.516000 mm 420 844
1 T 1207869452.532000 
1 T 1207869452.549000 
0  
0  
0  
0  
0  
0  
0  
0  
0  
0  
0  
0  
1  mm 425 842
0  
1  mm 426 842
0  
0  
0  
0  
0  
0  
0  
0  
0  
0  
0  
0  
1  mm 427 842
1  mm 434 841
1  mm 439 841
1  mm 445 840
1  mm 456 840
1  mm 469 838
1  mm 483 836
1  mm 507 829
1  mm 558 819
1  mm 610 814
1  mm 670 808
1  mm 757 800
1  mm 827 798
1  mm 923 796
1  mm 1025 796
1  mm 1123 796
1  mm 1205 796
1  mm 1280 796
1  mm 1330 800
1  mm 1373 809
1  mm 1404 815
1  mm 1442 834
1  mm 1462 852
1  mm 1489 871
1  mm 1522 891
1  mm 1546 904
1  mm 1570 911
1  mm 1585 916
2 T 1207869453.481000 mm 1596 919
1  mm 1598 919
1  mm 1599 919
0  
0  
0  
0  
0  
0  
0  
1  mm 1599 924
1  mm 1594 937
1  mm 1589 946
1  mm 1585 950
1  mm 1578 955
1  mm 1573 958
1  mm 1568 961
1  mm 1567 961
1  mm 1562 963
1  mm 1560 964
0  
0  
0  
0  
0  
0  
0  
0  
0  
0  
0  
0  
0  
0  
0  
0  
0  
0  
0  
0  
0  
0  
0  
0  
0  
0  
0  
0  
0  
0  
0  
0  
0  
0  
0  
0  
0  
0  
0  
0  
0  
0  
0  
0  
0  
0  
0  
0  
1  mm 1557 961
1  mm 1550 931
1  mm 1540 902
1  mm 1527 872
1  mm 1513 846
1  mm 1493 817
1  mm 1472 791
1  mm 1439 764
1  mm 1399 738
1  mm 1344 712
1  mm 1260 682
1  mm 1196 664
1  mm 1133 653
1  mm 1088 652
1  mm 1044 649
1  mm 994 649
1  mm 929 649
1  mm 876 651
1  mm 829 656
1  mm 773 667
1  mm 724 675
1  mm 657 692
1  mm 619 702
1  mm 565 717
1  mm 541 727
1  mm 515 735
1  mm 494 745
1  mm 476 751
1  mm 460 759
1  mm 443 770
1  mm 430 779
1  mm 422 785
2 T 1207869455.147000 mm 415 791
1  mm 410 797
1  mm 404 804
1  mm 400 808
1  mm 397 809
1  mm 394 815
1  mm 391 821
1  mm 387 833
1  mm 386 838
1  mm 382 852
1  mm 380 863
1  mm 376 877
1  mm 375 896
1  mm 373 914
1  mm 371 930
1  mm 371 935
1  mm 371 939
1  mm 371 941
1  mm 371 944
1  mm 371 949
1  mm 373 956
1  mm 375 964
1  mm 377 971
1  mm 377 976
1  mm 378 981
1  mm 380 989
1  mm 381 992
0  
0  
0  
0  
0  
0  
0  
0  
0  
0  
0  
0  
0  
0  
1  mm 382 992
1  mm 383 989
1  mm 380 986
1  mm 376 982
1  mm 373 979
1  mm 372 977
1  mm 372 976
1  mm 371 976
1  mm 370 974
1  mm 369 973
1  mm 366 970
1  mm 365 969
0  
0  
0  
0  
1  mb 1 1 365 969
0  
0  
0  
0  
0  
0  
0  
1  mb 1 0 365 969
