1209256616 seed, 30 fps, 1920x1080, fullScreen=1, version84_mouseSpeed1.000000_musicOff0_musicLoudness0.000000_webRetrySeconds16 42465DEE661C4C80A66BFD33B6F8DBB5EF6ACF88
2 T 1209256616.877000 mm 950 454
0  
0  
0  
0  
0  
0  
0  
0  
0  
0  
0  
0  
0  
0  
0  
0  
0  
0  
0  
0  
0  
0  
0  
0  
0  
0  
0  
0  
0  
0  
0  
0  
0  
0  
1  mm 1255 662
1  mm 1257 664
0  
0  
0  
0  
0  
0  
0  
0  
0  
0  
0  
0  
1  mm 1274 643
1  mm 1293 620
0  
0  
0  
0  
0  
0  
0  
0  
0  
0  
0  
0  
2 T 1209256620.723000 T 1209256620.726000 
1 T 1209256620.756000 
1 T 1209256620.789000 
1 T 1209256620.821000 
1 T 1209256620.855000 
1 T 1209256620.889000 
1 T 1209256620.921000 
1 T 1209256620.953000 
1 T 1209256620.986000 
1 T 1209256621.019000 
1 T 1209256621.053000 
1 T 1209256621.086000 
1 T 1209256621.118000 
1 T 1209256621.152000 
1 T 1209256621.185000 
1 T 1209256621.218000 
1 T 1209256621.250000 
1 T 1209256621.283000 
1 T 1209256621.316000 
1 T 1209256621.350000 
1 T 1209256621.383000 
1 T 1209256621.416000 
1 T 1209256621.449000 
1 T 1209256621.482000 
1 T 1209256621.514000 
1 T 1209256621.547000 
1 T 1209256621.581000 
1 T 1209256621.614000 
1 T 1209256621.647000 
1 T 1209256621.680000 
1 T 1209256621.713000 
1 T 1209256621.746000 
1 T 1209256621.780000 
1 T 1209256621.811000 
1 T 1209256621.844000 
0  
1 T 1209256621.910000 
1  mm 1294 619
1  mm 1303 627
1  mm 1337 649
1  mm 1389 664
1  mm 1447 665
1  mm 1502 665
1  mm 1529 665
1  mm 1535 665
1  mm 1543 658
1  mm 1555 639
1  mm 1560 613
1  mm 1561 598
1  mm 1554 585
1  mm 1547 578
1  mm 1545 576
0  
0  
0  
0  
0  
1  mb 1 1 1545 576
0  
0  
2 T 1209256622.705000 mb 1 0 1545 576
0  
1 T 1209256622.768000 
1 T 1209256622.802000 
1 T 1209256622.834000 
1 T 1209256622.868000 
1 T 1209256622.901000 
1 T 1209256622.933000 
1 T 1209256622.967000 
1 T 1209256622.999000 
1 T 1209256623.033000 
1 T 1209256623.066000 
1 T 1209256623.098000 
1 T 1209256623.132000 
1 T 1209256623.164000 
1 T 1209256623.197000 
1 T 1209256623.231000 
1 T 1209256623.264000 
1 T 1209256623.296000 
1 T 1209256623.329000 
1 T 1209256623.363000 
1 T 1209256623.396000 
1 T 1209256623.428000 
1 T 1209256623.463000 
1 T 1209256623.494000 
1 T 1209256623.528000 
1 T 1209256623.560000 
1 T 1209256623.594000 
1 T 1209256623.627000 
1 T 1209256623.659000 
1 T 1209256623.693000 
6 T 1209256623.726000 xs 0 2 15 534E0A302F34300A31310A37330A23 xs 0 2 0 xs 0 0 7 T 1209256623.727000 T 1209256623.728000 
1 T 1209256623.758000 
1 T 1209256623.791000 
1 T 1209256623.824000 
1 T 1209256623.857000 
1 T 1209256623.891000 
1 T 1209256623.923000 
1 T 1209256623.956000 
1 T 1209256623.989000 
1 T 1209256624.022000 
1 T 1209256624.055000 
1 T 1209256624.089000 
1 T 1209256624.121000 
1 T 1209256624.154000 
1 T 1209256624.188000 
1 T 1209256624.220000 
1 T 1209256624.253000 
1 T 1209256624.286000 
1 T 1209256624.319000 
1 T 1209256624.352000 
1 T 1209256624.385000 
1 T 1209256624.418000 
1 T 1209256624.451000 
1 T 1209256624.485000 
1 T 1209256624.518000 
1 T 1209256624.551000 
1 T 1209256624.584000 
1 T 1209256624.617000 
2 T 1209256624.650000 mm 1532 511
2 T 1209256624.683000 mm 1521 461
2 T 1209256624.717000 mm 1513 451
1 T 1209256624.749000 
1 T 1209256624.782000 
2 T 1209256624.816000 mm 1515 451
1 T 1209256624.848000 
0  
0  
0  
0  
0  
0  
0  
0  
0  
0  
1 T 1209256625.211000 
0  
0  
0  
0  
0  
0  
0  
0  
0  
0  
0  
1  mm 1505 451
1  mm 1382 472
1  mm 1208 511
1  mm 1042 561
1  mm 900 624
1  mm 771 696
1  mm 720 736
1  mm 628 814
1  mm 553 855
1  mm 512 878
1  mm 509 881
0  
1  mm 498 894
1  mm 466 910
1  mm 423 930
1  mm 412 936
1  mm 392 940
1  mm 386 941
1  mm 380 942
1  mm 377 944
0  
0  
0  
0  
0  
0  
0  
0  
0  
0  
0  
0  
0  
0  
0  
0  
0  
0  
0  
1  mb 1 1 377 944
1  md 377 945
0  
0  
1  mb 1 0 377 945
