1211027867 seed, 30 fps, 1920x1080, fullScreen=1, version30000_mouseSpeed1.000000_musicOff0_musicLoudness0.000000_webRetrySeconds16 B6F8F43F97F7D2FE50F3C1DF1E9C07E120042F41
2 T 1211027868.403000 mm 620 837
0  
1  mm 812 797
1  mm 920 777
1  mm 983 769
1  mm 1016 760
1  mm 1035 755
1  mm 1071 744
1  mm 1087 740
1  mm 1109 736
1  mm 1132 732
1  mm 1153 728
1  mm 1170 723
2  mm 1194 717 mm 1195 717
0  
0  
0  
0  
0  
0  
0  
0  
0  
0  
0  
0  
0  
0  
0  
0  
0  
0  
0  
0  
0  
1  mm 1290 714
0  
0  
0  
0  
1  mm 1286 719
1  mm 1285 719
1  mm 1283 720
0  
1  mm 1286 719
1  mm 1327 686
1  mm 1361 662
1  mm 1386 646
1  mm 1403 636
1  mm 1415 629
1  mm 1429 620
1  mm 1430 620
0  
0  
0  
0  
0  
0  
1  mm 1477 586
0  
1  mm 1484 578
0  
0  
0  
0  
2 T 1211027876.297000 T 1211027876.300000 
1 T 1211027876.330000 
1 T 1211027876.363000 
1 T 1211027876.396000 
1 T 1211027876.429000 
1 T 1211027876.462000 
1 T 1211027876.494000 
1 T 1211027876.529000 
1 T 1211027876.561000 
1 T 1211027876.594000 
1 T 1211027876.629000 
1 T 1211027876.659000 
1 T 1211027876.693000 
1 T 1211027876.727000 
1 T 1211027876.758000 
1 T 1211027876.792000 
1 T 1211027876.825000 
1 T 1211027876.858000 
1 T 1211027876.891000 
1 T 1211027876.924000 
1 T 1211027876.957000 
1 T 1211027876.991000 
1 T 1211027877.023000 
1 T 1211027877.055000 
1 T 1211027877.089000 
1 T 1211027877.122000 
1 T 1211027877.156000 
1 T 1211027877.191000 
1 T 1211027877.223000 
1 T 1211027877.254000 
1 T 1211027877.287000 
1 T 1211027877.322000 
1 T 1211027878.376000 
0  
1 T 1211027878.486000 
0  
0  
0  
0  
0  
0  
0  
0  
0  
0  
0  
0  
0  
0  
0  
0  
0  
0  
0  
0  
0  
0  
0  
0  
0  
0  
0  
0  
0  
0  
0  
0  
0  
0  
0  
0  
0  
0  
1  mm 0 323
0  
1  mm 975 20
1  mm 1012 0
1  mm 1078 0
1  mm 1170 0
1  mm 1223 0
1  mm 1228 0
0  
1  mm 1178 0
1  mm 944 21
1  mm 559 108
1  mm 215 265
1  mm 47 422
1  mm 0 636
1  mm 6 741
1  mm 30 778
1  mm 44 796
1  mm 66 817
1  mm 116 842
1  mm 173 861
1  mm 227 881
1  mm 241 891
1  mm 245 898
1  mm 266 912
1  mm 350 941
1  mm 386 956
1  mm 387 956
0  
1  mm 390 956
0  
0  
0  
0  
1  mb 1 1 390 956
0  
0  
0  
0  
0  
0  
1  mb 1 0 390 956
