1210964958 seed, 30 fps, 1920x1080, fullScreen=1, version96_mouseSpeed1.000000_musicOff0_musicLoudness0.000000_webRetrySeconds16 D7B0694EEF5ECFC8B3CCDCAF722279C3F19F6647
2 T 1210964960.914000 mm 1475 666
0  
1  mm 1473 644
0  
0  
1  mm 1461 638
1  mm 1446 634
1  mm 1444 633
0  
0  
0  
0  
0  
0  
0  
0  
0  
0  
0  
0  
0  
0  
0  
0  
0  
0  
0  
0  
0  
0  
0  
0  
0  
0  
0  
0  
0  
0  
0  
0  
0  
1  mm 1448 631
1  mm 1450 631
1  mm 1460 625
1  mm 1474 619
1  mm 1496 614
1  mm 1535 609
1  mm 1569 605
1  mm 1603 605
1  mm 1619 605
1  mm 1623 605
0  
0  
1  mm 1624 605
1  mm 1626 605
0  
1  mm 1629 605
1  mm 1630 605
1  mm 1631 605
0  
0  
0  
0  
0  
0  
2 T 1210964964.821000 T 1210964964.824000 
1 T 1210964964.853000 
1 T 1210964964.888000 
1 T 1210964964.919000 
1 T 1210964964.953000 
1 T 1210964964.986000 
1 T 1210964965.019000 
1 T 1210964965.052000 
1 T 1210964965.085000 
1 T 1210964965.118000 
1 T 1210964965.152000 
1 T 1210964965.184000 
1 T 1210964965.217000 
1 T 1210964965.251000 
1 T 1210964965.283000 
1 T 1210964965.316000 
1 T 1210964965.349000 
2 T 1210964965.382000 mm 1629 605
2 T 1210964965.417000 mm 1613 605
2 T 1210964965.448000 mm 1597 605
2 T 1210964965.483000 mm 1595 605
1 T 1210964965.513000 
1 T 1210964965.547000 
1 T 1210964965.580000 
2 T 1210964965.615000 mm 1602 602
2 T 1210964965.646000 mm 1607 589
2 T 1210964965.680000 mm 1607 566
2 T 1210964965.713000 mm 1597 557
2 T 1210964965.745000 mm 1587 554
1 T 1210964965.778000 
1 T 1210964965.812000 
1 T 1210964965.844000 
2 T 1210964965.879000 mm 1584 554
1 T 1210964965.910000 
1 T 1210964965.942000 
0  
0  
0  
0  
0  
0  
0  
0  
1  mb 1 1 1584 554
0  
0  
2 T 1210964966.343000 mb 1 0 1584 554
0  
1 T 1210964966.428000 
1 T 1210964966.462000 
1 T 1210964966.495000 
1 T 1210964966.527000 
1 T 1210964966.561000 
1 T 1210964966.593000 
2 T 1210964966.628000 mm 1579 562
2 T 1210964966.660000 mm 1566 578
2 T 1210964966.693000 mm 1521 597
2 T 1210964966.725000 mm 1457 607
2 T 1210964966.760000 mm 1411 608
2 T 1210964966.792000 mm 1406 608
2 T 1210964966.825000 mm 1419 608
2 T 1210964966.858000 mm 1429 608
1 T 1210964966.891000 
1 T 1210964966.924000 
1 T 1210964966.957000 
1 T 1210964966.990000 
1 T 1210964967.023000 
2 T 1210964967.056000 mm 1422 610
1 T 1210964967.089000 
1 T 1210964967.123000 
1 T 1210964967.155000 
1 T 1210964967.187000 
1 T 1210964967.221000 
1 T 1210964967.254000 
1 T 1210964967.287000 
1 T 1210964967.320000 
4 T 1210964967.354000 xs 0 2 0 xs 0 0 0 T 1210964967.357000 
1 T 1210964967.386000 
1 T 1210964967.419000 
1 T 1210964967.452000 
1 T 1210964967.485000 
1 T 1210964967.518000 
1 T 1210964967.552000 
1 T 1210964967.583000 
1 T 1210964967.617000 
1 T 1210964967.650000 
1 T 1210964967.683000 
1 T 1210964967.716000 
2 T 1210964967.750000 mm 1421 610
2 T 1210964967.783000 mm 1421 607
2 T 1210964967.815000 mm 1409 557
2 T 1210964967.849000 mm 1400 539
2 T 1210964967.882000 mm 1396 533
1 T 1210964967.915000 
1 T 1210964967.947000 
1 T 1210964967.981000 
1 T 1210964968.014000 
2 T 1210964968.047000 mm 1398 531
1 T 1210964968.080000 
1 T 1210964968.112000 
1 T 1210964968.146000 
1 T 1210964968.178000 
1 T 1210964968.212000 
1 T 1210964968.245000 
1 T 1210964968.278000 
1 T 1210964968.310000 
1 T 1210964968.344000 
1 T 1210964968.376000 
1 T 1210964968.410000 
1 T 1210964968.442000 
1 T 1210964968.476000 
0  
0  
0  
0  
1  mm 1276 555
1  mm 1019 627
1  mm 779 717
1  mm 620 831
1  mm 587 876
1  mm 581 885
1  mm 570 897
1  mm 536 925
1  mm 492 940
1  mm 459 948
1  mm 433 952
1  mm 381 956
1  mm 364 956
1  mm 359 956
0  
0  
0  
0  
0  
1 T 1210964969.267000 
0  
0  
0  
0  
0  
0  
0  
0  
0  
0  
0  
0  
0  
0  
0  
0  
0  
0  
0  
0  
0  
0  
0  
0  
1  mb 1 1 359 956
0  
0  
0  
1  mb 1 0 359 956
