1208725695 seed, 30 fps, 1920x1080, fullScreen=1, version77_mouseSpeed1.000000_musicOff0_musicLoudness0.000000_webRetrySeconds16 AC3FA92D6A3A6045CC4C6D7FDB0D33AD259EF562
2 T 1208725695.955000 mm 447 549
0  
0  
0  
0  
0  
0  
0  
0  
0  
0  
0  
0  
0  
0  
0  
0  
0  
0  
0  
0  
1  mm 448 555
1  mm 457 569
1  mm 526 591
1  mm 667 633
1  mm 794 675
1  mm 884 700
1  mm 900 704
0  
0  
0  
0  
0  
0  
0  
0  
0  
0  
0  
0  
0  
0  
0  
0  
0  
0  
0  
1  mm 903 705
1  mm 917 708
1  mm 967 710
1  mm 1034 710
1  mm 1090 710
0  
0  
0  
0  
0  
0  
0  
0  
0  
0  
1  mm 1088 707
1  mm 1085 702
3 T 1208725700.808000 T 1208725700.811000 mm 1249 769
2 T 1208725700.841000 mm 1250 769
1 T 1208725700.874000 
2 T 1208725700.907000 mm 1250 767
2 T 1208725700.940000 mm 1247 765
2 T 1208725700.972000 mm 1247 751
2 T 1208725701.005000 mm 1261 727
2 T 1208725701.039000 mm 1301 699
2 T 1208725701.072000 mm 1370 648
2 T 1208725701.105000 mm 1408 609
2 T 1208725701.137000 mm 1435 572
2 T 1208725701.170000 mm 1456 558
2 T 1208725701.203000 mm 1474 545
2 T 1208725701.237000 mm 1485 539
2 T 1208725701.271000 mm 1494 532
2 T 1208725701.303000 mm 1496 532
1 T 1208725701.335000 
1 T 1208725701.369000 
1 T 1208725701.401000 
1 T 1208725701.435000 
1 T 1208725701.467000 
1 T 1208725701.501000 
1 T 1208725701.534000 
1 T 1208725701.566000 
2 T 1208725701.600000 mm 1498 532
2 T 1208725701.633000 mm 1504 532
2 T 1208725701.666000 mm 1505 532
1 T 1208725701.699000 
1 T 1208725701.731000 
1 T 1208725701.764000 
2 T 1208725701.798000 mm 1511 532
2 T 1208725701.831000 mm 1519 532
2 T 1208725701.864000 mm 1523 531
2 T 1208725701.897000 mm 1524 531
1 T 1208725701.930000 
1 T 1208725701.963000 
0  
0  
0  
0  
0  
0  
0  
0  
0  
0  
0  
0  
1  mb 1 1 1524 531
0  
2 T 1208725702.462000 mb 1 0 1524 531
0  
1 T 1208725702.523000 
1 T 1208725702.557000 
1 T 1208725702.590000 
1 T 1208725702.622000 
1 T 1208725702.656000 
1 T 1208725702.688000 
1 T 1208725702.722000 
1 T 1208725702.755000 
1 T 1208725702.787000 
1 T 1208725702.821000 
2 T 1208725702.853000 mm 1526 531
1 T 1208725702.887000 
2 T 1208725702.920000 mm 1526 530
1 T 1208725702.952000 
2 T 1208725702.986000 mm 1526 529
1 T 1208725703.018000 
1 T 1208725703.051000 
1 T 1208725703.085000 
1 T 1208725703.117000 
2 T 1208725703.151000 mm 1525 529
1 T 1208725703.183000 
1 T 1208725703.217000 
1 T 1208725703.249000 
1 T 1208725703.283000 
1 T 1208725703.316000 
1 T 1208725703.348000 
1 T 1208725703.382000 
1 T 1208725703.414000 
1 T 1208725703.448000 
3 T 1208725703.480000 xs 0 3 -1 T 1208725703.481000 
1 T 1208725703.514000 
2 T 1208725703.547000 mm 1524 528
1 T 1208725703.580000 
1 T 1208725703.613000 
1 T 1208725703.646000 
1 T 1208725703.679000 
1 T 1208725703.712000 
1 T 1208725703.744000 
1 T 1208725703.778000 
1 T 1208725703.810000 
1 T 1208725703.844000 
1 T 1208725703.877000 
1 T 1208725703.910000 
1 T 1208725703.942000 
1 T 1208725703.976000 
1 T 1208725704.008000 
1 T 1208725704.041000 
1 T 1208725704.075000 
1 T 1208725704.108000 
1 T 1208725704.140000 
2 T 1208725704.173000 mm 1524 527
1 T 1208725704.206000 
1 T 1208725704.240000 
2 T 1208725704.273000 mm 1503 542
2 T 1208725704.305000 mm 1376 609
2 T 1208725704.338000 mm 1167 667
2 T 1208725704.372000 mm 867 720
2 T 1208725704.404000 mm 596 765
2 T 1208725704.437000 mm 429 822
2 T 1208725704.470000 mm 339 885
2 T 1208725704.504000 mm 312 918
2 T 1208725704.537000 mm 312 923
2 T 1208725704.569000 mm 313 929
2 T 1208725704.602000 mm 313 931
1  mm 318 934
1  mm 340 941
1  mm 379 946
1  mm 387 947
0  
0  
0  
0  
1  mb 1 1 387 947
0  
0  
0  
0  
0  
0  
1  mb 1 0 387 947
