1210975508 seed, 30 fps, 1920x1080, fullScreen=1, version96_mouseSpeed1.000000_musicOff0_musicLoudness0.000000_webRetrySeconds16 D7B0694EEF5ECFC8B3CCDCAF722279C3F19F6647
3 T 1210975510.652000 mm 1096 583 mm 1396 625
0  
1  mm 1499 642
0  
0  
0  
0  
0  
0  
0  
0  
0  
0  
0  
0  
0  
0  
0  
0  
0  
0  
0  
0  
0  
0  
0  
0  
0  
0  
0  
0  
0  
0  
0  
0  
0  
0  
0  
0  
0  
0  
0  
0  
0  
0  
0  
0  
0  
0  
0  
0  
0  
0  
0  
0  
0  
0  
0  
0  
0  
0  
0  
0  
0  
0  
2 T 1210975514.504000 T 1210975514.507000 
1 T 1210975514.537000 
1 T 1210975514.570000 
1 T 1210975514.602000 
1 T 1210975514.637000 
1 T 1210975514.670000 
1 T 1210975514.702000 
1 T 1210975514.735000 
1 T 1210975514.768000 
1 T 1210975514.801000 
1 T 1210975514.834000 
1 T 1210975514.866000 
2 T 1210975514.901000 mm 1488 639
2 T 1210975514.934000 mm 1480 634
2 T 1210975514.966000 mm 1479 632
1 T 1210975515.000000 
2 T 1210975515.032000 mm 1479 630
2 T 1210975515.065000 mm 1479 621
2 T 1210975515.098000 mm 1479 602
2 T 1210975515.132000 mm 1479 588
2 T 1210975515.165000 mm 1479 574
2 T 1210975515.197000 mm 1492 551
2 T 1210975515.231000 mm 1503 537
2 T 1210975515.264000 mm 1505 535
1 T 1210975515.297000 
1 T 1210975515.330000 
1 T 1210975515.362000 
1 T 1210975515.395000 
1 T 1210975515.428000 
1 T 1210975515.462000 
1 T 1210975515.494000 
1 T 1210975515.527000 
1 T 1210975515.560000 
2 T 1210975515.594000 mb 1 1 1505 535
2 T 1210975515.626000 T 1210975515.627000 
0  
1  mb 1 0 1505 535
0  
1  mb 1 1 1505 535
0  
0  
2 T 1210975515.861000 mb 1 0 1505 535
0  
1 T 1210975515.944000 
1 T 1210975515.977000 
1 T 1210975516.011000 
1 T 1210975516.044000 
1 T 1210975516.077000 
1 T 1210975516.110000 
1 T 1210975516.143000 
1 T 1210975516.176000 
1 T 1210975516.209000 
1 T 1210975516.242000 
1 T 1210975516.275000 
1 T 1210975516.308000 
1 T 1210975516.341000 
1 T 1210975516.374000 
1 T 1210975516.407000 
1 T 1210975516.439000 
2 T 1210975516.473000 mm 1462 541
2 T 1210975516.506000 mm 1403 548
2 T 1210975516.540000 mm 1360 558
2 T 1210975516.572000 mm 1325 569
2 T 1210975516.605000 mm 1301 582
1 T 1210975516.638000 
2 T 1210975516.671000 mm 1335 582
1 T 1210975516.703000 
1 T 1210975516.737000 
1 T 1210975516.770000 
1 T 1210975516.802000 
1 T 1210975516.835000 
4 T 1210975516.869000 xs 0 2 0 xs 0 0 0 T 1210975516.873000 
1 T 1210975516.902000 
1 T 1210975516.935000 
2 T 1210975516.968000 mm 1334 582
1 T 1210975517.001000 
2 T 1210975517.033000 mm 1333 582
1 T 1210975517.067000 
1 T 1210975517.099000 
1 T 1210975517.133000 
1 T 1210975517.166000 
2 T 1210975517.200000 mm 1262 575
2 T 1210975517.233000 mm 1231 547
2 T 1210975517.267000 mm 1214 522
2 T 1210975517.299000 mm 1213 501
2 T 1210975517.334000 mm 1226 475
2 T 1210975517.364000 mm 1248 446
2 T 1210975517.399000 mm 1258 437
2 T 1210975517.430000 mm 1258 436
2 T 1210975517.466000 mm 1258 435
1 T 1210975517.496000 
2 T 1210975517.530000 mm 1260 435
2 T 1210975517.563000 mm 1279 435
2 T 1210975517.596000 mm 1296 446
2 T 1210975517.628000 mm 1301 455
2 T 1210975517.661000 mm 1302 456
2 T 1210975517.695000 mm 1299 460
2 T 1210975517.728000 mm 1224 502
2 T 1210975517.761000 mm 1033 549
2 T 1210975517.794000 mm 790 595
2 T 1210975517.827000 mm 711 619
2 T 1210975517.860000 mm 700 625
2 T 1210975517.894000 mm 692 635
2 T 1210975517.926000 mm 675 650
2 T 1210975517.959000 mm 634 682
2 T 1210975517.992000 mm 572 730
1  mm 537 761
1  mm 504 794
1  mm 487 814
1  mm 478 825
1  mm 469 843
1  mm 459 868
1  mm 440 901
1  mm 418 935
1  mm 417 937
0  
0  
0  
0  
1  mm 435 923
1  mm 447 919
0  
0  
1  mm 437 925
0  
1  mm 431 925
1  mm 407 927
1  mm 404 927
0  
0  
0  
0  
0  
1  mm 397 936
2 T 1210975518.948000 mm 392 944
1  mm 391 946
1  mm 390 949
1  mm 390 950
0  
1  mm 387 953
1  mm 387 954
0  
0  
0  
0  
1  mb 1 1 387 954
0  
0  
1  mb 1 0 387 954
