1208080351 seed, 30 fps, 1920x1080, fullScreen=1, version73_mouseSpeed1.000000_musicOff0_musicLoudness1.000000_webRetrySeconds16 39F5D403D9734472EB90545B8404B1BC918AF16B
3 T 1208080352.969000 mm 1463 731 mm 1483 758
1  mm 1430 744
1  mm 1409 743
0  
0  
1  mm 1405 741
1  mm 1402 739
0  
0  
0  
1  mm 1402 738
1  mm 1398 733
1  mm 1397 731
0  
0  
0  
0  
0  
0  
0  
0  
0  
0  
0  
0  
0  
0  
1  mm 1383 729
1  mm 1374 729
1  mm 1371 729
0  
1  mm 1356 731
1  mm 1346 734
1  mm 1341 734
0  
1  mm 1337 732
0  
0  
0  
0  
0  
0  
0  
0  
0  
0  
0  
0  
0  
0  
0  
0  
0  
1  mm 1336 732
0  
0  
0  
0  
1  mm 1336 731
0  
0  
0  
0  
0  
2 T 1208080356.485000 T 1208080356.488000 
1 T 1208080356.518000 
1 T 1208080356.551000 
1 T 1208080356.584000 
1 T 1208080356.618000 
1 T 1208080356.650000 
1 T 1208080356.683000 
1 T 1208080356.717000 
1 T 1208080356.749000 
2 T 1208080356.784000 mm 1326 730
2 T 1208080356.815000 mm 1299 728
2 T 1208080356.849000 mm 1251 726
2 T 1208080356.882000 mm 1226 723
2 T 1208080356.914000 mm 1228 723
2 T 1208080356.947000 mm 1236 723
1 T 1208080356.980000 
2 T 1208080357.014000 mm 1249 717
2 T 1208080357.046000 mm 1262 710
2 T 1208080357.081000 mm 1245 710
2 T 1208080357.113000 mm 1167 710
2 T 1208080357.146000 mm 1034 710
2 T 1208080357.179000 mm 821 710
2 T 1208080357.212000 mm 644 710
2 T 1208080357.244000 mm 536 706
2 T 1208080357.278000 mm 484 708
2 T 1208080357.310000 mm 461 717
2 T 1208080357.344000 mm 455 722
2 T 1208080357.376000 mm 447 728
2 T 1208080357.410000 mm 443 734
2 T 1208080357.442000 mm 436 744
2 T 1208080357.475000 mm 435 754
2 T 1208080357.509000 mm 434 766
2 T 1208080357.541000 mm 433 774
2 T 1208080357.575000 mm 433 786
2 T 1208080357.608000 mm 433 801
2 T 1208080357.640000 mm 433 810
1  mm 433 814
1  mm 432 827
1  mm 431 834
0  
1  mm 431 827
1  mm 426 792
1  mm 418 751
1  mm 406 724
1  mm 404 715
1  mm 404 711
0  
0  
0  
0  
0  
0  
0  
0  
0  
0  
0  
0  
0  
0  
0  
0  
0  
0  
0  
0  
0  
0  
0  
0  
0  
1  mb 1 1 404 711
0  
0  
0  
2 F 0.000000 mb 1 0 404 711
1 F 0.000000 
3 af 0 af 1 F 0.000000 
1 F 0.000000 
1 F 0.000000 
1 F 0.000000 
1 F 0.000000 
1 F 0.000000 
1 F 0.000000 
1 F 0.000000 
1 F 0.000000 
1 F 0.000000 
1 F 0.000000 
1 F 0.000000 
1 F 0.000000 
1 F 0.000000 
1 F 0.000000 
1 F 0.000000 
1 F 0.000000 
1 F 0.000000 
1 F 0.000000 
1 F 0.000000 
1 F 0.000000 
1 F 0.000000 
1 F 0.000000 
1 F 0.000000 
2 F 0.000000 mm 474 722
2 F 0.000000 mm 600 749
2 F 0.000000 mm 723 787
2 F 0.000000 mm 807 818
2 F 0.000000 mm 894 846
2 F 0.000000 mm 960 859
2 F 0.000000 mm 999 861
2 F 0.000000 mm 1005 861
1 F 0.000000 
1 F 0.000000 
1 F 0.000000 
2 F 0.000000 mm 988 864
2 F 0.000000 mm 974 868
2 F 0.000000 mm 971 872
2 F 0.000000 mm 971 878
2 F 0.000000 mm 970 886
2 F 0.000000 mm 969 887
2 F 0.000000 mm 969 888
2 F 0.000000 mm 967 890
2 F 0.000000 mm 966 892
2 F 0.000000 mm 966 894
1 F 0.000000 
1 F 0.000000 
2 F 0.000000 mb 1 1 966 894
1 F 0.000000 
1 F 0.000000 
3 T 1208080360.675000 T 1208080360.676000 mb 1 0 966 894
1 T 1208080360.709000 
1 T 1208080360.742000 
1 T 1208080360.774000 
1 T 1208080360.808000 
2 T 1208080360.841000 mm 966 901
2 T 1208080360.874000 mm 972 912
2 T 1208080360.907000 mm 1014 940
2 T 1208080360.940000 mm 1086 953
2 T 1208080360.973000 mm 1193 955
2 T 1208080361.006000 mm 1305 950
2 T 1208080361.038000 mm 1411 927
2 T 1208080361.072000 mm 1504 889
2 T 1208080361.105000 mm 1588 835
2 T 1208080361.138000 mm 1627 800
2 T 1208080361.171000 mm 1642 774
2 T 1208080361.204000 mm 1650 742
2 T 1208080361.237000 mm 1653 715
2 T 1208080361.270000 mm 1648 691
2 T 1208080361.303000 mm 1636 671
2 T 1208080361.336000 mm 1605 647
2 T 1208080361.369000 mm 1554 615
2 T 1208080361.403000 mm 1532 603
2 T 1208080361.434000 mm 1528 597
2 T 1208080361.468000 mm 1528 593
2 T 1208080361.501000 mm 1527 587
2 T 1208080361.534000 mm 1524 577
2 T 1208080361.567000 mm 1522 572
2 T 1208080361.600000 mm 1519 566
2 T 1208080361.633000 mm 1518 564
2 T 1208080361.666000 mm 1517 563
1 T 1208080361.700000 
1 T 1208080361.732000 
1 T 1208080361.765000 
2 T 1208080361.798000 mm 1516 562
1  mm 1524 552
1  mm 1528 549
0  
0  
0  
0  
0  
0  
0  
0  
0  
0  
0  
0  
0  
0  
0  
0  
0  
0  
0  
0  
0  
0  
0  
0  
0  
0  
0  
0  
0  
1  mm 1531 548
1  mm 1540 548
1  mm 1550 548
1  mm 1555 548
1  mm 1568 549
1  mm 1571 549
0  
0  
0  
0  
0  
0  
0  
0  
0  
0  
0  
0  
0  
0  
0  
0  
0  
0  
0  
0  
1  mb 1 1 1571 549
0  
0  
0  
0  
0  
0  
0  
0  
0  
0  
0  
0  
0  
0  
0  
1 T 1208080364.240000 
0  
0  
0  
0  
0  
0  
0  
0  
0  
2 t 1208080364 mb 1 0 1571 549
1 wb 0 0 
1 wb 0 0 
1 wb 0 0 
1 wb 0 0 
1 wb 0 0 
1 wb 0 0 
1 wb 0 0 
1 wb 0 0 
1 wb 0 0 
1 wb 0 0 
1 wb 0 0 
1 wb 0 0 
1 wb 0 0 
2 wb 0 0 t 1208080365 
1 wb 0 0 
4 wb 0 1 wb 0 2 87 server1.onehouronelife.com
8005
73
http://onehouronelife.com/updateServer/server.php
OK wb 0 2 87 server1.onehouronelife.com
8005
73
http://onehouronelife.com/updateServer/server.php
OK T 1208080365.099000 
0  
1 T 1208080365.181000 
1 T 1208080365.215000 
1 T 1208080365.248000 
1 T 1208080365.281000 
1 T 1208080365.314000 
1 T 1208080365.347000 
1 T 1208080365.380000 
1 T 1208080365.412000 
1 T 1208080365.446000 
1 T 1208080365.479000 
1 T 1208080365.512000 
1 T 1208080365.544000 
1 T 1208080365.578000 
1 T 1208080365.612000 
1 T 1208080365.644000 
1 T 1208080365.677000 
1 T 1208080365.709000 
1 T 1208080365.743000 
1 T 1208080365.775000 
1 T 1208080365.809000 
1 T 1208080365.842000 
1 T 1208080365.875000 
1 T 1208080365.908000 
1 T 1208080365.940000 
1 T 1208080365.974000 
1 T 1208080366.007000 
1 T 1208080366.040000 
1 T 1208080366.074000 
4 T 1208080366.106000 xs 0 2 21 534E0A33372F34300A313237333833330A37330A23 xs 0 2 0 xs 0 0 169 
2 T 1208080366.138000 xs 0 2 0 
2 T 1208080366.172000 xs 0 2 0 
2 T 1208080366.205000 xs 0 2 0 
2 T 1208080366.238000 xs 0 2 0 
2 T 1208080366.271000 xs 0 2 0 
2 T 1208080366.303000 xs 0 2 0 
2 T 1208080366.336000 xs 0 2 0 
5 T 1208080366.369000 xs 0 2 10 52454A45435445440A23 xs 0 3 -1 T 1208080366.370000 T 1208080366.371000 
1 T 1208080366.403000 
1 T 1208080366.436000 
1 T 1208080366.469000 
1 T 1208080366.501000 
1 T 1208080366.535000 
1 T 1208080366.567000 
1 T 1208080366.601000 
1 T 1208080366.635000 
1 T 1208080366.667000 
1 T 1208080366.700000 
1 T 1208080366.733000 
1 T 1208080366.766000 
1 T 1208080366.799000 
1 T 1208080366.831000 
1 T 1208080366.864000 
1 T 1208080366.898000 
1 T 1208080366.932000 
1 T 1208080366.964000 
1 T 1208080366.997000 
1 T 1208080367.029000 
1 T 1208080367.063000 
1 T 1208080367.096000 
1 T 1208080367.129000 
1 T 1208080367.162000 
2 T 1208080367.195000 mm 1515 510
2 T 1208080367.228000 mm 1387 446
2 T 1208080367.261000 mm 1255 385
2 T 1208080367.294000 mm 1187 361
2 T 1208080367.327000 mm 1145 357
2 T 1208080367.360000 mm 1133 356
2 T 1208080367.393000 mm 1132 355
1 T 1208080367.426000 
1 T 1208080367.459000 
1 T 1208080367.492000 
1  mm 1144 347
2 T 1208080367.558000 mm 1170 341
1  mm 1206 337
1  mm 1240 333
1  mm 1284 331
1  mm 1318 331
1  mm 1355 331
1  mm 1386 335
1  mm 1400 337
1  mm 1402 337
0  
1  mm 1408 339
1  mm 1418 343
1  mm 1438 356
1  mm 1453 370
1  mm 1465 383
1  mm 1480 398
1  mm 1487 407
1  mm 1491 413
1  mm 1495 430
1  mm 1506 465
1  mm 1514 499
1  mm 1523 537
1  mm 1534 583
1  mm 1536 628
1  mm 1538 664
1  mm 1537 698
1  mm 1507 743
1  mm 1427 805
1  mm 1336 852
1  mm 1254 885
1  mm 1201 904
1  mm 1162 918
1  mm 1143 927
1  mm 1138 930
0  
0  
1  mm 1142 931
1  mm 1164 932
1  mm 1192 938
1  mm 1209 943
1  mm 1210 943
1  mm 1217 943
1  mm 1242 945
1  mm 1267 945
1  mm 1292 947
1  mm 1321 946
1  mm 1336 944
1  mm 1349 944
1  mm 1356 944
1  mm 1365 944
1  mm 1384 944
1  mm 1403 944
1  mm 1421 944
1  mm 1448 944
1  mm 1474 943
1  mm 1483 943
0  
0  
0  
0  
0  
0  
0  
0  
0  
0  
1  mm 1484 942
1  mm 1457 913
1  mm 1405 875
1  mm 1361 859
1  mm 1358 857
1  mm 1354 851
1  mm 1352 848
1  mm 1352 845
1  mm 1352 837
1  mm 1352 834
0  
0  
0  
0  
0  
0  
1  mm 1352 833
1  mm 1352 825
1  mm 1352 822
0  
0  
0  
0  
0  
0  
0  
1  kd 27 1352 822
0  
0  
0  
0  
0  
1  ku 27 1352 822
0  
1 T 1208080370.858000 
0  
0  
0  
0  
0  
0  
0  
0  
0  
0  
0  
1  mm 1351 821
1  mm 1346 818
1  mm 1345 817
0  
1  mm 1336 814
1  mm 1296 814
1  mm 1235 810
1  mm 1170 807
1  mm 1128 807
1  mm 1113 807
0  
0  
0  
0  
0  
0  
0  
0  
0  
0  
0  
0  
0  
0  
0  
0  
0  
0  
0  
0  
1  sd 113 1113 807
0  
0  
0  
0  
0  
0  
0  
0  
0  
0  
0  
0  
0  
0  
0  
0  
0  
0  
0  
0  
0  
0  
0  
0  
0  
0  
0  
0  
0  
0  
0  
0  
0  
0  
0  
0  
0  
0  
0  
0  
0  
1  kd 37 1113 807
