1208078984 seed, 30 fps, 1920x1080, fullScreen=1, version73_mouseSpeed1.000000_musicOff0_musicLoudness1.000000_webRetrySeconds16 39F5D403D9734472EB90545B8404B1BC918AF16B
2 T 1208078986.402000 mm 1341 278
0  
0  
0  
0  
0  
0  
0  
0  
0  
0  
0  
0  
0  
0  
0  
0  
0  
0  
0  
0  
0  
0  
0  
0  
0  
0  
0  
0  
0  
0  
0  
0  
0  
0  
0  
0  
0  
0  
0  
0  
0  
0  
0  
0  
0  
0  
0  
0  
0  
0  
0  
0  
0  
0  
0  
0  
0  
0  
0  
0  
0  
0  
0  
2 T 1208078989.980000 T 1208078989.982000 
1 T 1208078990.013000 
1 T 1208078990.047000 
1 T 1208078990.078000 
1 T 1208078990.111000 
1 T 1208078990.145000 
1 T 1208078990.178000 
1 T 1208078990.211000 
1 T 1208078990.243000 
1 T 1208078990.276000 
1 T 1208078990.310000 
1 T 1208078990.343000 
1 T 1208078990.376000 
1 T 1208078990.409000 
2 T 1208078990.442000 mm 1322 278
2 T 1208078990.476000 mm 1271 290
2 T 1208078990.508000 mm 1288 290
2 T 1208078990.541000 mm 1305 290
2 T 1208078990.575000 mm 1307 290
2 T 1208078990.607000 mm 1296 306
2 T 1208078990.640000 mm 1286 349
2 T 1208078990.674000 mm 1347 429
2 T 1208078990.706000 mm 1451 493
2 T 1208078990.739000 mm 1496 511
2 T 1208078990.772000 mm 1505 519
2 T 1208078990.806000 mm 1505 523
2 T 1208078990.838000 mm 1505 532
2 T 1208078990.872000 mm 1503 552
2 T 1208078990.905000 mm 1503 560
2 T 1208078990.936000 mm 1502 564
2 T 1208078990.969000 mm 1502 587
2 T 1208078991.002000 mm 1501 627
2 T 1208078991.036000 mm 1501 668
2 T 1208078991.069000 mm 1505 744
2 T 1208078991.102000 mm 1475 840
2 T 1208078991.135000 mm 1452 892
1  mm 1447 909
1  mm 1447 911
0  
0  
1  mm 1448 912
1  mm 1450 912
0  
0  
1  mm 1452 877
1  mm 1452 814
1  mm 1458 739
1  mm 1473 654
1  mm 1496 599
1  mm 1522 572
1  mm 1523 572
1  mm 1531 563
1  mm 1544 540
1  mm 1553 528
1  mm 1553 527
2  mb 1 1 1553 527 md 1553 535
1  md 1552 553
1  md 1552 556
2 t 1208078991 mb 1 0 1552 556
1 wb 0 0 
1 wb 0 0 
1 wb 0 0 
2 wb 0 0 t 1208078992 
1 wb 0 0 
1 wb 0 0 
1 wb 0 0 
1 wb 0 0 
1 wb 0 0 
1 wb 0 0 
1 wb 0 0 
1 wb 0 0 
1 wb 0 0 
1 wb 0 0 
1 wb 0 0 
1 wb 0 0 
1 wb 0 0 
1 wb 0 0 
1 wb 0 0 
1 wb 0 0 
4 wb 0 1 wb 0 2 87 server2.onehouronelife.com
8005
73
http://onehouronelife.com/updateServer/server.php
OK wb 0 2 87 server2.onehouronelife.com
8005
73
http://onehouronelife.com/updateServer/server.php
OK T 1208078992.588000 
0  
1 T 1208078992.855000 
1 T 1208078992.889000 
1 T 1208078992.922000 
1 T 1208078992.954000 
1 T 1208078992.987000 
1 T 1208078993.020000 
1 T 1208078993.053000 
1 T 1208078993.087000 
1 T 1208078993.120000 
1 T 1208078993.152000 
1 T 1208078993.185000 
1 T 1208078993.218000 
1 T 1208078993.251000 
1 T 1208078993.285000 
1 T 1208078993.318000 
1 T 1208078993.351000 
1 T 1208078993.383000 
1 T 1208078993.417000 
1 T 1208078993.450000 
1 T 1208078993.483000 
1 T 1208078993.515000 
1 T 1208078993.549000 
1 T 1208078993.582000 
4 T 1208078993.615000 xs 0 2 21 534E0A31392F34300A313131333737320A37330A23 xs 0 2 0 xs 0 0 169 
2 T 1208078993.647000 xs 0 2 0 
2 T 1208078993.681000 xs 0 2 0 
2 T 1208078993.714000 xs 0 2 0 
2 T 1208078993.746000 xs 0 2 0 
2 T 1208078993.780000 xs 0 2 0 
2 T 1208078993.812000 xs 0 2 0 
2 T 1208078993.846000 xs 0 2 0 
2 T 1208078993.878000 xs 0 2 0 
2 T 1208078993.912000 xs 0 2 0 
2 T 1208078993.944000 xs 0 2 0 
2 T 1208078993.978000 xs 0 2 0 
2 T 1208078994.011000 xs 0 2 0 
2 T 1208078994.043000 xs 0 2 0 
4 T 1208078994.077000 xs 0 2 10 52454A45435445440A23 xs 0 3 -1 T 1208078994.079000 
1 T 1208078994.110000 
1 T 1208078994.143000 
1 T 1208078994.176000 
1 T 1208078994.209000 
1 T 1208078994.241000 
1 T 1208078994.275000 
1 T 1208078994.308000 
1 T 1208078994.341000 
1 T 1208078994.374000 
1 T 1208078994.407000 
1 T 1208078994.440000 
1 T 1208078994.473000 
1 T 1208078994.505000 
1 T 1208078994.539000 
1 T 1208078994.572000 
1 T 1208078994.605000 
1 T 1208078994.638000 
1 T 1208078994.671000 
1 T 1208078994.705000 
1 T 1208078994.737000 
1 T 1208078994.770000 
1 T 1208078994.804000 
1 T 1208078994.836000 
1 T 1208078994.869000 
1 T 1208078994.902000 
1 T 1208078994.935000 
1 T 1208078994.968000 
1 T 1208078995.001000 
1 T 1208078995.035000 
1 T 1208078995.067000 
1 T 1208078995.100000 
1 T 1208078995.133000 
1 T 1208078995.166000 
1 T 1208078995.199000 
0  
0  
0  
0  
0  
0  
0  
0  
0  
0  
0  
0  
0  
0  
0  
0  
0  
0  
0  
0  
0  
0  
1  mm 1464 567
1  mm 1417 585
1  mm 1416 585
1  mm 1368 557
1  mm 1252 492
1  mm 1155 433
1  mm 1112 398
1  mm 1111 398
0  
1  mm 1102 396
1  mm 1091 394
1  mm 1062 392
1  mm 1022 384
1  mm 992 373
1  mm 972 366
0  
0  
1  mb 1 1 972 366
0  
0  
1  mb 1 0 972 366
0  
0  
0  
0  
0  
0  
0  
1  mm 948 359
1  mm 918 351
1  mm 916 350
0  
0  
0  
0  
0  
0  
0  
0  
0  
0  
0  
1  mm 915 347
1  mm 916 346
0  
0  
0  
1  mb 1 1 916 346
0  
1  md 909 343
1  md 860 337
1  md 795 333
1  md 735 329
1  md 707 327
1  md 704 327
0  
0  
0  
0  
0  
2 T 1208078997.938000 md 693 327
1  md 674 330
2  md 647 330 md 637 330
1  md 613 330
1  md 612 330
1  mb 1 0 612 330
0  
1  mm 619 328
1  mm 654 322
1  mm 684 322
1  mm 702 322
1  mm 720 322
1  mm 735 322
1  mm 741 322
0  
0  
0  
0  
0  
0  
0  
0  
0  
0  
0  
0  
0  
0  
0  
0  
0  
1  kd 8 741 322
0  
0  
0  
0  
0  
0  
0  
0  
0  
0  
0  
0  
0  
0  
0  
0  
0  
0  
0  
0  
0  
0  
0  
0  
0  
0  
0  
0  
0  
0  
1  ku 8 741 322
0  
0  
0  
1  kd 8 741 322
0  
0  
1  ku 8 741 322
1  kd 8 741 322
0  
0  
1  ku 8 741 322
1  kd 8 741 322
0  
0  
1  ku 8 741 322
1  kd 8 741 322
0  
0  
1  ku 8 741 322
0  
1  kd 8 741 322
0  
1  ku 8 741 322
0  
1  kd 8 741 322
0  
0  
0  
1  ku 8 741 322
0  
0  
0  
0  
0  
0  
0  
0  
2 T 1208079001.239000 kd 114 741 322
0  
0  
0  
1  ku 114 741 322
0  
0  
1  kd 111 741 322
0  
0  
1  ku 111 741 322
1  kd 111 741 322
0  
0  
1  ku 111 741 322
0  
1  kd 108 741 322
0  
0  
0  
0  
1  ku 108 741 322
0  
0  
1  kd 115 741 322
0  
0  
0  
0  
1  ku 115 741 322
0  
0  
1  kd 116 741 322
0  
1  kd 97 741 322
1  ku 116 741 322
0  
0  
2  kd 114 741 322 ku 97 741 322
0  
0  
1  ku 114 741 322
0  
0  
0  
0  
0  
0  
0  
1  sd 113 741 322
0  
0  
0  
0  
0  
0  
0  
0  
1  kd 64 741 322
0  
0  
0  
0  
2  su 113 741 322 ku 50 741 322
0  
0  
0  
0  
0  
0  
1  kd 103 741 322
0  
0  
0  
1  ku 103 741 322
0  
0  
1  kd 109 741 322
0  
0  
1  kd 97 741 322
1  ku 109 741 322
0  
0  
2  kd 105 741 322 ku 97 741 322
0  
1  ku 105 741 322
0  
0  
1  kd 108 741 322
0  
1  ku 108 741 322
0  
0  
0  
0  
0  
0  
0  
0  
1 T 1208079004.539000 
1  kd 46 741 322
0  
0  
0  
2  ku 46 741 322 kd 99 741 322
0  
0  
0  
1  ku 99 741 322
0  
0  
1  kd 111 741 322
0  
1  kd 109 741 322
0  
0  
1  ku 111 741 322
0  
1  ku 109 741 322
0  
0  
0  
0  
0  
0  
0  
0  
0  
0  
0  
0  
0  
1  kd 9 741 322
0  
0  
0  
1  ku 9 741 322
0  
0  
0  
0  
0  
0  
0  
0  
0  
0  
0  
1  mm 747 326
1  mm 792 370
1  mm 835 391
1  mm 877 398
1  mm 909 394
1  mm 917 388
1  mm 916 378
1  mm 908 373
1  mm 886 380
1  mm 887 422
1  mm 921 472
1  mm 971 524
1  mm 1019 588
1  mm 1044 639
1  mm 1058 673
1  mm 1068 701
1  mm 1070 710
0  
1  mm 1070 711
1  mm 1065 719
1  mm 1050 738
1  mm 1015 763
1  mm 970 780
1  mm 944 784
1  mm 934 786
1  mm 933 787
0  
0  
0  
0  
0  
0  
0  
0  
0  
0  
0  
0  
0  
0  
0  
0  
0  
0  
0  
0  
0  
0  
0  
0  
0  
1 T 1208079007.841000 
0  
0  
0  
0  
0  
0  
0  
0  
0  
0  
0  
0  
0  
0  
1  mm 938 791
1  mm 941 792
0  
0  
0  
0  
0  
0  
0  
0  
0  
0  
0  
0  
0  
0  
0  
0  
0  
0  
0  
0  
0  
0  
0  
0  
0  
0  
0  
0  
0  
0  
0  
0  
0  
0  
0  
0  
0  
0  
0  
0  
0  
0  
0  
0  
0  
0  
0  
0  
0  
0  
0  
0  
0  
0  
0  
0  
0  
0  
0  
0  
0  
0  
0  
0  
0  
0  
0  
0  
0  
0  
0  
0  
0  
0  
0  
0  
0  
0  
0  
0  
0  
0  
0  
1 T 1208079011.942000 
0  
0  
0  
0  
0  
0  
0  
0  
0  
0  
0  
0  
0  
0  
0  
0  
0  
0  
0  
0  
0  
0  
0  
0  
0  
0  
0  
0  
0  
0  
0  
0  
0  
0  
0  
0  
0  
0  
0  
0  
0  
0  
0  
0  
0  
0  
0  
0  
0  
0  
0  
0  
0  
0  
0  
0  
0  
0  
0  
0  
0  
0  
0  
0  
0  
0  
0  
0  
0  
0  
0  
0  
0  
0  
0  
0  
0  
0  
0  
0  
0  
0  
0  
0  
0  
0  
0  
0  
0  
0  
0  
0  
0  
0  
0  
0  
0  
0  
0  
1 T 1208079015.242000 
0  
0  
0  
0  
0  
0  
0  
0  
0  
0  
0  
0  
0  
0  
0  
0  
0  
0  
0  
0  
0  
0  
0  
0  
0  
0  
0  
0  
0  
0  
0  
0  
0  
0  
0  
0  
0  
0  
0  
0  
0  
0  
0  
0  
0  
0  
0  
0  
0  
0  
0  
0  
0  
0  
0  
0  
0  
0  
0  
0  
0  
0  
0  
0  
0  
0  
0  
0  
0  
0  
0  
0  
0  
0  
0  
0  
0  
0  
0  
0  
0  
0  
0  
0  
0  
0  
0  
0  
0  
0  
0  
0  
0  
0  
0  
0  
0  
0  
0  
1 T 1208079018.544000 
0  
0  
0  
0  
0  
0  
0  
0  
0  
0  
0  
0  
0  
0  
0  
0  
0  
0  
0  
0  
0  
0  
0  
0  
0  
0  
0  
0  
0  
0  
0  
0  
0  
0  
0  
0  
0  
0  
0  
0  
0  
0  
0  
0  
0  
0  
0  
0  
0  
0  
0  
0  
0  
0  
0  
0  
0  
0  
0  
0  
0  
0  
0  
0  
0  
0  
0  
0  
0  
0  
0  
0  
0  
0  
0  
0  
0  
0  
0  
0  
0  
0  
0  
0  
0  
0  
0  
0  
0  
0  
0  
0  
0  
0  
0  
0  
0  
0  
0  
1 T 1208079021.845000 
0  
0  
0  
0  
0  
0  
0  
0  
0  
0  
0  
0  
0  
0  
0  
0  
0  
0  
0  
0  
0  
0  
0  
0  
0  
0  
0  
0  
0  
0  
0  
0  
0  
0  
0  
0  
0  
0  
0  
0  
0  
0  
0  
0  
0  
0  
0  
0  
0  
0  
0  
0  
0  
0  
0  
0  
0  
0  
0  
0  
0  
0  
0  
0  
0  
0  
0  
0  
0  
0  
0  
0  
0  
0  
0  
0  
0  
0  
0  
0  
0  
0  
0  
0  
0  
0  
0  
0  
0  
0  
0  
0  
0  
0  
0  
0  
0  
0  
0  
1 T 1208079025.145000 
0  
0  
0  
0  
0  
0  
0  
0  
0  
0  
0  
0  
0  
0  
0  
0  
0  
0  
0  
0  
0  
0  
0  
0  
0  
0  
0  
0  
0  
0  
0  
0  
0  
0  
0  
0  
0  
0  
0  
0  
0  
0  
0  
0  
0  
0  
0  
0  
0  
0  
0  
0  
0  
0  
0  
0  
0  
0  
0  
0  
0  
0  
0  
0  
0  
0  
0  
0  
0  
0  
0  
0  
0  
0  
0  
0  
0  
0  
0  
0  
0  
0  
0  
0  
0  
0  
0  
0  
0  
0  
0  
0  
0  
0  
0  
0  
0  
0  
0  
1 T 1208079028.445000 
0  
0  
0  
0  
0  
0  
0  
0  
0  
0  
0  
0  
0  
0  
0  
0  
0  
0  
0  
0  
0  
0  
0  
0  
0  
0  
0  
0  
0  
0  
0  
0  
0  
0  
0  
0  
0  
0  
0  
0  
0  
0  
0  
0  
0  
0  
0  
0  
0  
0  
0  
0  
0  
0  
0  
0  
0  
0  
0  
0  
0  
0  
0  
0  
0  
0  
0  
0  
0  
0  
0  
0  
0  
0  
0  
0  
0  
0  
0  
0  
0  
0  
0  
0  
0  
0  
0  
0  
0  
0  
0  
0  
0  
0  
0  
0  
0  
0  
0  
1 T 1208079031.746000 
0  
0  
0  
0  
0  
0  
0  
0  
0  
0  
0  
0  
0  
0  
0  
0  
0  
0  
0  
0  
0  
0  
0  
0  
0  
0  
0  
0  
0  
0  
0  
0  
0  
0  
0  
0  
0  
0  
0  
0  
0  
0  
0  
0  
0  
0  
0  
0  
0  
0  
0  
0  
0  
0  
0  
0  
0  
0  
0  
0  
0  
0  
0  
0  
0  
0  
0  
0  
0  
0  
0  
0  
0  
0  
0  
0  
0  
0  
0  
0  
0  
0  
0  
0  
0  
0  
0  
0  
0  
0  
0  
0  
0  
0  
0  
0  
0  
0  
0  
1 T 1208079035.074000 
0  
0  
0  
0  
0  
0  
0  
0  
0  
0  
0  
0  
0  
0  
0  
0  
0  
0  
0  
0  
0  
0  
0  
0  
0  
0  
0  
0  
0  
0  
0  
0  
0  
0  
0  
0  
0  
0  
0  
0  
0  
0  
0  
0  
0  
0  
0  
0  
0  
0  
0  
0  
0  
0  
0  
0  
0  
0  
0  
0  
0  
0  
0  
0  
0  
0  
0  
0  
0  
0  
0  
0  
0  
0  
0  
0  
0  
0  
0  
0  
0  
0  
0  
0  
0  
0  
0  
0  
0  
0  
0  
0  
0  
0  
0  
0  
0  
0  
0  
1 T 1208079038.373000 
0  
0  
0  
0  
0  
0  
0  
0  
0  
0  
0  
0  
1  mm 970 412
1  mm 1012 451
1  mm 1012 453
1  mm 1012 455
1  mm 1012 456
0  
0  
0  
0  
1  mm 1003 445
1  mm 984 440
1  mm 970 445
1  mm 951 467
1  mm 945 487
1  mm 943 502
1  mm 954 513
1  mm 977 515
1  mm 1017 519
1  mm 1039 519
1  mm 1047 516
1  mm 1048 513
0  
1  mm 1049 513
1  mm 1055 520
1  mm 1068 523
1  mm 1074 524
0  
1  mm 1079 525
1  mm 1089 529
1  mm 1100 536
1  mm 1106 537
1  mm 1107 537
0  
2  mb 1 1 1107 537 md 1104 538
1  md 1086 540
1  md 1036 540
1  md 936 540
1  md 852 529
1  md 803 528
1  md 748 531
1  md 687 531
1  md 674 531
0  
1  md 679 531
2  mb 1 0 683 531 mm 705 529
1  mm 721 526
1  mm 728 525
0  
0  
0  
1  mm 729 525
1  mm 731 524
0  
0  
0  
0  
0  
0  
0  
0  
0  
0  
0  
0  
0  
0  
1  kd 8 731 524
0  
0  
0  
0  
0  
0  
0  
0  
0  
0  
0  
0  
0  
0  
0  
0  
0  
0  
0  
0  
1 T 1208079042.708000 
0  
0  
0  
0  
0  
0  
0  
0  
0  
0  
0  
0  
1  ku 8 731 524
0  
0  
0  
0  
0  
0  
0  
0  
0  
0  
0  
0  
1  kd 127 731 524
0  
0  
0  
0  
0  
0  
0  
0  
0  
0  
0  
0  
0  
0  
0  
0  
0  
0  
0  
0  
0  
0  
0  
1  ku 127 731 524
0  
1  kd 127 731 524
0  
0  
1  ku 127 731 524
1  kd 127 731 524
0  
1  ku 127 731 524
1  kd 127 731 524
0  
0  
1  ku 127 731 524
0  
1  kd 127 731 524
0  
0  
1  ku 127 731 524
0  
0  
0  
0  
1  kd 8 731 524
0  
0  
1  ku 8 731 524
1  kd 8 731 524
0  
0  
1  ku 8 731 524
0  
0  
0  
0  
0  
0  
0  
0  
0  
0  
0  
0  
1  mm 732 524
1  mm 713 532
1  mm 726 531
1  mm 830 519
1  mm 880 515
1  mm 905 515
1  mm 974 535
1  mm 1046 556
2 T 1208079046.007000 mm 1105 550
1  mm 1135 532
1  mm 1114 531
1  mm 1075 544
1  mm 1064 549
0  
1  mm 1061 549
1  mm 1056 544
1  mm 1052 542
0  
0  
1  mb 1 1 1052 542
0  
0  
1  mb 1 0 1052 542
0  
0  
0  
0  
0  
0  
1  mm 1051 542
0  
0  
0  
0  
0  
0  
0  
0  
0  
0  
0  
1  kd 8 1051 542
0  
0  
0  
0  
0  
0  
0  
0  
0  
0  
0  
0  
0  
0  
0  
0  
0  
0  
0  
0  
0  
0  
0  
0  
1  ku 8 1051 542
1  kd 8 1051 542
0  
0  
0  
2  ku 8 1051 542 kd 8 1051 542
0  
0  
1  ku 8 1051 542
0  
1  kd 8 1051 542
0  
0  
1  ku 8 1051 542
1  kd 8 1051 542
0  
0  
2  ku 8 1051 542 kd 8 1051 542
0  
0  
1  ku 8 1051 542
0  
1  kd 8 1051 542
0  
1  ku 8 1051 542
1  kd 8 1051 542
0  
0  
1  ku 8 1051 542
1  kd 8 1051 542
0  
1  ku 8 1051 542
0  
1  kd 8 1051 542
0  
0  
1  ku 8 1051 542
1  kd 8 1051 542
0  
0  
1  ku 8 1051 542
1  kd 8 1051 542
1 T 1208079049.308000 
1  ku 8 1051 542
0  
1  kd 8 1051 542
0  
0  
1  ku 8 1051 542
0  
0  
0  
0  
0  
0  
0  
0  
0  
0  
0  
0  
0  
0  
1  mm 1038 552
1  mm 1024 562
1  mm 1005 580
1  mm 1003 589
1  mm 999 599
1  mm 992 615
1  mm 991 627
1  mm 992 632
1  mm 992 636
1  mm 989 641
1  mm 989 646
0  
0  
1  mm 987 647
1  mb 1 1 987 647
0  
0  
2  mb 1 0 987 647 mm 985 647
0  
1  mm 975 656
1  mm 900 711
1  mm 743 760
1  mm 693 780
1  mm 732 781
1  mm 823 726
1  mm 888 662
1  mm 991 591
1  mm 1024 563
1  mm 1036 530
1  mm 1045 499
1  mm 1070 464
1  mm 1092 438
1  mm 1135 415
1  mm 1180 392
2  mm 1191 384 mm 1194 381
1  mm 1199 373
1  mm 1197 361
1  mm 1185 348
1  mm 1175 340
1  mm 1170 336
0  
0  
0  
1  mb 1 1 1170 336
0  
0  
1  mb 1 0 1170 336
0  
0  
0  
1  mm 1170 337
1  mm 1170 339
1  mm 1171 339
0  
0  
0  
0  
0  
0  
0  
0  
0  
0  
0  
0  
1  mm 1174 340
0  
0  
0  
0  
0  
0  
0  
0  
0  
0  
0  
0  
0  
1 T 1208079052.608000 
0  
0  
0  
0  
0  
0  
0  
0  
0  
0  
0  
0  
0  
0  
0  
0  
0  
1  mm 1174 342
1  mm 1130 359
1  mm 1089 375
1  mm 1148 393
1  mm 1256 440
1  mm 1378 484
1  mm 1462 508
1  mm 1487 514
1  mm 1493 516
1  mm 1503 517
1  mm 1550 523
1  mm 1582 524
1  mm 1590 521
1  mm 1593 520
0  
0  
0  
1  mm 1584 520
1  mm 1573 520
1  mm 1566 518
0  
0  
0  
0  
0  
0  
0  
0  
0  
0  
0  
0  
0  
0  
0  
0  
0  
0  
0  
0  
0  
0  
0  
0  
0  
0  
0  
0  
0  
0  
0  
0  
0  
0  
0  
0  
0  
1  mm 1565 520
0  
0  
0  
0  
0  
0  
0  
0  
0  
0  
0  
0  
0  
0  
0  
0  
0  
0  
0  
0  
0  
0  
0  
0  
1 T 1208079055.907000 
0  
0  
0  
0  
0  
0  
0  
0  
0  
0  
0  
0  
0  
0  
0  
0  
0  
0  
0  
0  
0  
0  
0  
0  
0  
0  
0  
0  
0  
0  
0  
0  
0  
0  
0  
0  
0  
1  mb 1 1 1565 520
0  
0  
0  
2 t 1208079057 mb 1 0 1565 520
1 wb 1 0 
1 wb 1 0 
1 wb 1 0 
1 wb 1 0 
1 wb 1 0 
1 wb 1 0 
1 wb 1 0 
1 wb 1 0 
1 wb 1 0 
1 wb 1 0 
1 wb 1 0 
1 wb 1 0 
1 wb 1 0 
1 wb 1 0 
1 wb 1 0 
1 wb 1 0 
1 wb 1 0 
1 wb 1 0 
4 wb 1 1 wb 1 2 87 server1.onehouronelife.com
8005
73
http://onehouronelife.com/updateServer/server.php
OK wb 1 2 87 server1.onehouronelife.com
8005
73
http://onehouronelife.com/updateServer/server.php
OK T 1208079057.922000 
0  
1 T 1208079058.128000 
1 T 1208079058.162000 
1 T 1208079058.194000 
1 T 1208079058.228000 
1 T 1208079058.260000 
1 T 1208079058.294000 
1 T 1208079058.327000 
1 T 1208079058.359000 
1 T 1208079058.392000 
1 T 1208079058.425000 
1 T 1208079058.458000 
1 T 1208079058.491000 
1 T 1208079058.524000 
1 T 1208079058.557000 
1 T 1208079058.590000 
1 T 1208079058.623000 
2 T 1208079058.657000 mm 1562 521
2 T 1208079058.690000 mm 1560 520
1 T 1208079058.723000 
1 T 1208079058.756000 
1 T 1208079058.789000 
1 T 1208079058.821000 
1 T 1208079058.854000 
1 T 1208079058.887000 
1 T 1208079058.921000 
4 T 1208079058.954000 xs 1 2 21 534E0A33372F34300A313237333439340A37330A23 xs 1 2 0 xs 1 0 169 
2 T 1208079058.986000 xs 1 2 0 
2 T 1208079059.020000 xs 1 2 0 
2 T 1208079059.053000 xs 1 2 0 
2 T 1208079059.085000 xs 1 2 0 
2 T 1208079059.119000 xs 1 2 0 
2 T 1208079059.152000 xs 1 2 0 
2 T 1208079059.184000 xs 1 2 0 
4 T 1208079059.218000 xs 1 2 10 52454A45435445440A23 xs 1 3 -1 T 1208079059.221000 
1 T 1208079059.252000 
1 T 1208079059.284000 
1 T 1208079059.317000 
3 T 1208079059.349000 T 1208079059.350000 mm 1559 520
2 T 1208079059.383000 mm 1553 520
2 T 1208079059.416000 mm 1550 520
1 T 1208079059.449000 
1 T 1208079059.483000 
1 T 1208079059.515000 
1 T 1208079059.548000 
1 T 1208079059.581000 
1 T 1208079059.614000 
1 T 1208079059.647000 
1 T 1208079059.680000 
1 T 1208079059.714000 
1 T 1208079059.747000 
1 T 1208079059.779000 
1 T 1208079059.812000 
1 T 1208079059.845000 
1 T 1208079059.878000 
1 T 1208079059.911000 
1 T 1208079059.945000 
2 T 1208079059.977000 mm 1548 520
1 T 1208079060.010000 
1 T 1208079060.043000 
1 T 1208079060.077000 
1 T 1208079060.109000 
1 T 1208079060.142000 
1 T 1208079060.175000 
2 T 1208079060.208000 mm 1547 519
2 T 1208079060.241000 mm 1528 518
2 T 1208079060.275000 mm 1507 515
2 T 1208079060.307000 mm 1490 513
2 T 1208079060.341000 mm 1481 513
1  mm 1480 513
0  
1  mm 1478 513
1  mm 1466 513
1  mm 1436 514
1  mm 1378 515
1  mm 1281 515
1  mm 1182 515
1  mm 1115 519
1  mm 1071 528
1  mm 1061 531
1  mm 1052 535
1  mm 1043 540
1  mm 1035 544
1  mm 1018 547
1  mm 997 549
1  mm 958 549
1  mm 909 542
1  mm 859 534
1  mm 852 533
1  mm 851 533
0  
0  
0  
0  
0  
0  
0  
0  
0  
0  
0  
0  
0  
0  
0  
0  
0  
0  
0  
0  
0  
0  
0  
0  
0  
0  
0  
0  
0  
0  
0  
0  
0  
0  
0  
0  
0  
0  
0  
0  
0  
0  
0  
0  
0  
0  
0  
0  
1 T 1208079063.591000 
0  
0  
0  
0  
0  
0  
0  
0  
0  
0  
0  
0  
0  
0  
0  
0  
0  
0  
0  
0  
0  
0  
0  
0  
0  
0  
0  
0  
0  
0  
0  
0  
0  
0  
0  
0  
0  
0  
0  
0  
0  
0  
0  
0  
0  
0  
0  
0  
0  
0  
0  
0  
0  
0  
0  
0  
0  
0  
0  
0  
0  
0  
0  
0  
0  
0  
0  
0  
0  
0  
0  
0  
0  
0  
0  
0  
0  
0  
0  
0  
0  
0  
0  
0  
0  
0  
0  
0  
0  
0  
0  
0  
0  
0  
0  
0  
0  
0  
0  
1 T 1208079066.892000 
0  
0  
0  
0  
0  
0  
0  
0  
0  
0  
0  
0  
0  
0  
0  
0  
0  
0  
0  
0  
0  
0  
0  
0  
0  
0  
0  
0  
0  
0  
0  
0  
0  
0  
0  
0  
0  
0  
0  
0  
0  
0  
0  
0  
0  
0  
0  
0  
0  
0  
0  
0  
0  
0  
0  
0  
0  
0  
0  
0  
0  
0  
0  
0  
0  
0  
0  
0  
0  
0  
0  
0  
0  
0  
0  
0  
0  
0  
0  
0  
0  
0  
0  
0  
0  
0  
0  
0  
0  
0  
0  
0  
0  
0  
0  
0  
0  
0  
1  mm 554 0
2 T 1208079071.132000 mm 549 0
0  
0  
0  
1  mm 539 0
1  mm 520 6
1  mm 516 6
1  mm 513 6
1  mm 509 6
1  mm 486 14
1  mm 480 19
1  mm 488 43
1  mm 537 101
1  mm 583 147
1  mm 593 164
1  mm 603 190
1  mm 645 225
1  mm 688 252
1  mm 719 280
1  mm 726 290
1  mm 729 297
1  mm 732 314
1  mm 734 318
0  
1  mm 744 327
1  mm 757 349
1  mm 768 362
1  mm 771 367
0  
1  mb 1 1 771 367
0  
0  
1  mb 1 0 771 367
0  
0  
0  
0  
0  
0  
0  
0  
0  
0  
1  mm 750 363
1  mm 737 358
0  
1  mm 736 357
1  mm 741 355
1  mm 758 352
1  mm 768 351
1  mm 769 351
0  
0  
0  
1  mm 783 353
1  mm 798 358
1  mm 809 358
1  mm 811 358
0  
1  mm 816 358
1  mm 825 358
1  mm 832 358
1  mm 835 358
1  mm 840 358
1  mm 842 358
1  mm 858 358
1  mm 893 353
1  mm 902 349
1  mm 905 348
0  
0  
0  
0  
0  
0  
1  mm 890 349
1  mm 889 349
1  mm 913 349
1  mm 970 348
1  mm 1003 348
1  mm 1019 348
1  mm 1041 358
1  mm 1059 384
1  mm 1063 419
1  mm 1063 439
1  mm 1061 449
1  mm 1051 469
1  mm 1041 493
1  mm 1034 503
1  mm 1028 508
1  mm 1018 511
1  mm 1010 517
1  mm 1005 519
1  mm 1000 521
1  mm 987 531
1  mm 979 536
1  mm 976 538
0  
0  
0  
1 T 1208079074.428000 
1  mb 1 1 976 538
0  
0  
1  mb 1 0 976 538
0  
0  
0  
0  
0  
0  
0  
0  
0  
1  mm 980 541
1  mm 994 544
1  mm 997 544
1  mm 1000 543
0  
0  
0  
1  mm 1004 542
1  mm 1005 541
0  
0  
0  
0  
0  
0  
0  
0  
0  
0  
0  
0  
0  
0  
0  
0  
0  
0  
0  
0  
0  
0  
0  
0  
0  
0  
0  
1  kd 8 1005 541
0  
0  
1  ku 8 1005 541
1  kd 8 1005 541
0  
0  
0  
1  ku 8 1005 541
1  kd 8 1005 541
0  
0  
1  ku 8 1005 541
1  kd 8 1005 541
0  
0  
1  ku 8 1005 541
0  
1  kd 8 1005 541
0  
0  
2  ku 8 1005 541 kd 8 1005 541
0  
0  
1  ku 8 1005 541
1  kd 8 1005 541
0  
0  
1  ku 8 1005 541
0  
1  kd 8 1005 541
0  
0  
1  ku 8 1005 541
1  kd 8 1005 541
0  
1  ku 8 1005 541
0  
1  kd 8 1005 541
0  
1  ku 8 1005 541
1  kd 8 1005 541
0  
0  
0  
1  ku 8 1005 541
0  
0  
0  
0  
1 T 1208079077.728000 
0  
0  
0  
0  
0  
0  
0  
0  
0  
0  
1  mm 1017 561
1  mm 1119 642
1  mm 1147 707
1  mm 1153 775
1  mm 1150 801
1  mm 1143 804
1  mm 1127 803
1  mm 1112 786
1  mm 1080 729
1  mm 1056 695
1  mm 1043 677
1  mm 1039 674
0  
1  mm 1035 674
1  mm 1027 672
1  mm 1014 667
1  mm 981 661
1  mm 948 650
1  mm 939 646
0  
1  mb 1 1 939 646
0  
0  
1  mb 1 0 939 646
0  
0  
0  
0  
0  
0  
0  
0  
0  
0  
0  
0  
0  
0  
0  
0  
0  
0  
0  
0  
0  
0  
0  
0  
0  
0  
0  
0  
0  
0  
0  
0  
0  
0  
0  
0  
0  
1  mm 942 643
1  mm 992 621
1  mm 1076 600
1  mm 1194 579
1  mm 1322 566
1  mm 1511 550
1  mm 1595 539
1  mm 1623 535
1  mm 1624 535
0  
0  
0  
0  
0  
0  
1  mm 1606 535
1  mm 1590 533
1  mm 1588 533
1  mm 1587 533
0  
1  mb 1 1 1587 533
0  
0  
0  
2 t 1208079080 mb 1 0 1587 533
1 wb 2 0 
1 wb 2 0 
1 wb 2 0 
3 T 1208079081.030000 wb 2 0 t 1208079081 
2 wb 2 0 mm 1586 533
2 wb 2 0 mm 1581 533
2 wb 2 0 mm 1580 534
1 wb 2 0 
2 wb 2 0 mm 1577 536
2 wb 2 0 mm 1575 539
1 wb 2 0 
1 wb 2 0 
1 wb 2 0 
1 wb 2 0 
1 wb 2 0 
4 wb 2 1 wb 2 2 87 server1.onehouronelife.com
8005
73
http://onehouronelife.com/updateServer/server.php
OK wb 2 2 87 server1.onehouronelife.com
8005
73
http://onehouronelife.com/updateServer/server.php
OK T 1208079081.428000 
0  
1 T 1208079081.491000 
1 T 1208079081.524000 
1 T 1208079081.557000 
1 T 1208079081.591000 
1 T 1208079081.624000 
1 T 1208079081.657000 
1 T 1208079081.690000 
1 T 1208079081.723000 
1 T 1208079081.755000 
1 T 1208079081.789000 
1 T 1208079081.822000 
1 T 1208079081.854000 
1 T 1208079081.887000 
1 T 1208079081.920000 
1 T 1208079081.954000 
1 T 1208079081.988000 
1 T 1208079082.020000 
1 T 1208079082.053000 
1 T 1208079082.085000 
1 T 1208079082.118000 
1 T 1208079082.151000 
1 T 1208079082.185000 
1 T 1208079082.218000 
1 T 1208079082.251000 
1 T 1208079082.283000 
1 T 1208079082.317000 
1 T 1208079082.350000 
1 T 1208079082.382000 
1 T 1208079082.415000 
4 T 1208079082.448000 xs 2 2 21 534E0A33372F34300A313237333439390A37330A23 xs 2 2 0 xs 2 0 169 
2 T 1208079082.482000 xs 2 2 0 
2 T 1208079082.515000 xs 2 2 0 
2 T 1208079082.548000 xs 2 2 0 
2 T 1208079082.581000 xs 2 2 0 
2 T 1208079082.613000 xs 2 2 0 
2 T 1208079082.647000 xs 2 2 0 
2 T 1208079082.680000 xs 2 2 0 
2 T 1208079082.713000 xs 2 2 0 
2 T 1208079082.746000 xs 2 2 0 
5 T 1208079082.779000 xs 2 2 10 52454A45435445440A23 xs 2 3 -1 T 1208079082.780000 T 1208079082.782000 
1 T 1208079082.813000 
1 T 1208079082.847000 
1 T 1208079082.880000 
1 T 1208079082.911000 
1 T 1208079082.945000 
1 T 1208079082.978000 
1 T 1208079083.011000 
1 T 1208079083.044000 
1 T 1208079083.078000 
1 T 1208079083.111000 
1 T 1208079083.143000 
1 T 1208079083.176000 
1 T 1208079083.209000 
1 T 1208079083.243000 
1 T 1208079083.276000 
1 T 1208079083.308000 
1 T 1208079083.342000 
1 T 1208079083.375000 
1 T 1208079083.408000 
1 T 1208079083.440000 
1 T 1208079083.474000 
1 T 1208079083.507000 
1 T 1208079083.539000 
1 T 1208079083.573000 
1 T 1208079083.605000 
1 T 1208079083.638000 
1 T 1208079083.671000 
1 T 1208079083.704000 
1 T 1208079083.737000 
1 T 1208079083.770000 
1 T 1208079083.803000 
1 T 1208079083.836000 
1 T 1208079083.869000 
1 T 1208079083.902000 
0  
0  
0  
0  
0  
1  mm 1574 539
0  
0  
1  mm 1572 539
0  
0  
1  mm 1568 540
1 T 1208079084.331000 
0  
0  
0  
0  
0  
0  
0  
0  
0  
0  
1  mm 1567 540
0  
0  
0  
0  
0  
1  mm 1552 539
1  mm 1482 523
1  mm 1320 480
1  mm 1151 434
1  mm 983 393
1  mm 908 383
1  mm 893 381
0  
0  
0  
0  
1  mm 893 377
1  mm 893 374
1  mm 893 371
0  
0  
0  
0  
1  mb 1 1 893 371
0  
0  
0  
1  mb 1 0 893 371
0  
0  
0  
0  
0  
0  
0  
0  
0  
0  
0  
0  
1  mm 898 373
1  mm 914 390
1  mm 935 406
1  mm 943 415
1  mm 949 440
1  mm 957 464
1  mm 961 480
1  mm 961 491
1  mm 960 501
1  mm 957 508
1  mm 951 514
1  mm 943 525
1  mm 931 534
1  mm 927 538
1  mm 922 540
1  mm 919 541
1  mm 918 542
0  
0  
0  
0  
0  
0  
0  
0  
0  
0  
0  
0  
0  
0  
0  
0  
0  
0  
0  
0  
0  
0  
0  
0  
0  
0  
0  
0  
0  
0  
0  
1 T 1208079087.631000 
0  
0  
0  
0  
0  
0  
0  
0  
0  
0  
0  
0  
0  
0  
0  
0  
0  
0  
0  
0  
0  
0  
0  
0  
0  
0  
0  
0  
0  
0  
0  
0  
0  
0  
0  
0  
0  
0  
0  
0  
0  
1  mm 915 542
1  mm 888 541
1  mm 855 540
1  mm 834 538
1  mm 832 538
0  
0  
0  
0  
0  
0  
0  
0  
0  
0  
0  
0  
0  
0  
0  
0  
0  
0  
0  
0  
0  
0  
0  
0  
0  
0  
0  
0  
0  
0  
0  
0  
0  
0  
0  
0  
0  
0  
0  
0  
0  
0  
0  
0  
0  
0  
0  
0  
0  
0  
0  
0  
0  
1 T 1208079090.931000 
0  
0  
0  
0  
0  
0  
0  
0  
0  
0  
0  
0  
0  
0  
0  
0  
0  
0  
0  
0  
0  
0  
0  
0  
0  
0  
0  
0  
0  
0  
0  
0  
0  
0  
0  
1  mb 1 1 832 538
0  
0  
0  
1  mb 1 0 832 538
0  
0  
0  
0  
0  
0  
0  
0  
0  
0  
0  
0  
0  
0  
0  
0  
0  
0  
0  
0  
0  
0  
0  
0  
0  
0  
0  
0  
0  
0  
0  
0  
0  
0  
0  
0  
0  
0  
0  
0  
0  
0  
0  
0  
0  
0  
0  
0  
0  
1  mm 844 538
1  mm 893 538
1  mm 965 544
1  mm 1014 552
1  mm 1055 562
1  mm 1100 574
1  mm 1143 586
1  mm 1177 597
1  mm 1192 605
1  mm 1201 612
3 T 1208079094.233000 T 1208079094.234000 mm 1209 619
1  mm 1215 623
1  mm 1232 632
1  mm 1245 634
1  mm 1250 637
1  mm 1253 637
0  
0  
0  
0  
0  
1  mb 1 1 1253 637
0  
0  
0  
0  
1  mb 1 0 1253 637
0  
0  
0  
0  
0  
0  
0  
0  
0  
0  
0  
0  
0  
0  
0  
0  
0  
0  
0  
0  
0  
0  
0  
0  
0  
0  
0  
0  
0  
0  
0  
0  
0  
0  
0  
0  
0  
0  
0  
0  
0  
0  
0  
0  
1  mm 1254 637
1  mm 1254 636
0  
0  
1  mm 1252 636
1  mm 1251 636
0  
0  
0  
0  
0  
0  
0  
0  
0  
0  
0  
0  
0  
0  
0  
0  
0  
0  
0  
0  
0  
0  
0  
0  
0  
0  
0  
0  
0  
0  
0  
0  
0  
1 T 1208079097.533000 
0  
0  
0  
0  
0  
0  
0  
0  
0  
0  
0  
0  
0  
0  
0  
0  
0  
0  
0  
0  
0  
0  
0  
0  
0  
0  
0  
0  
0  
0  
0  
0  
0  
0  
0  
0  
0  
0  
0  
0  
0  
0  
0  
0  
0  
0  
0  
0  
1  mm 1237 658
1  mm 1211 701
1  mm 1181 729
1  mm 1173 736
0  
0  
0  
0  
1  mm 1171 735
1  mm 1176 730
1  mm 1177 729
0  
0  
1  mm 1177 722
1  mm 1177 718
1  mm 1177 715
1  mm 1177 714
0  
0  
0  
0  
0  
0  
0  
0  
0  
0  
0  
0  
0  
0  
0  
0  
0  
0  
0  
0  
0  
0  
0  
0  
0  
0  
0  
0  
0  
0  
0  
0  
0  
0  
1 T 1208079101.494000 
0  
0  
0  
0  
0  
0  
0  
0  
0  
0  
0  
0  
0  
0  
0  
0  
0  
0  
0  
0  
0  
0  
0  
0  
0  
0  
0  
0  
0  
0  
0  
0  
0  
0  
0  
0  
0  
0  
0  
0  
0  
0  
0  
0  
0  
0  
0  
0  
0  
0  
0  
0  
0  
0  
0  
0  
0  
0  
0  
0  
0  
0  
0  
0  
0  
0  
0  
0  
0  
0  
0  
0  
0  
0  
0  
0  
0  
0  
0  
0  
0  
0  
0  
0  
0  
0  
0  
0  
0  
0  
0  
0  
0  
0  
0  
0  
0  
0  
0  
1 T 1208079105.002000 
0  
0  
0  
0  
0  
0  
0  
0  
0  
0  
0  
0  
0  
0  
0  
0  
0  
0  
0  
0  
0  
0  
0  
0  
0  
0  
0  
0  
0  
0  
0  
0  
0  
0  
0  
0  
0  
0  
0  
0  
0  
0  
0  
0  
0  
0  
0  
0  
0  
0  
0  
0  
0  
0  
0  
0  
0  
0  
0  
0  
0  
0  
0  
0  
0  
0  
0  
0  
0  
0  
0  
0  
0  
0  
0  
0  
0  
0  
0  
0  
0  
0  
0  
0  
0  
0  
0  
0  
0  
0  
0  
0  
0  
0  
0  
0  
0  
0  
0  
1 T 1208079108.302000 
0  
0  
0  
0  
0  
0  
0  
0  
0  
0  
0  
0  
0  
0  
0  
0  
0  
1  mm 960 540
0  
0  
0  
1  mm 959 541
1  mm 957 538
1  mm 956 538
0  
1  mm 952 536
1  mm 940 529
1  mm 921 519
1  mm 890 494
1  mm 851 463
1  mm 843 458
0  
0  
1  mm 834 466
1  mm 824 479
1  mm 809 492
1  mm 798 501
1  mm 792 508
1  mm 788 518
1  mm 783 524
1  mm 777 527
1  mm 770 529
1  mm 760 532
1  mm 755 534
1  mm 748 537
1  mm 744 540
1  mm 738 543
1  mm 737 543
1  mm 736 544
0  
0  
1  mm 738 549
1  mm 741 552
1  mm 742 554
0  
0  
0  
0  
0  
0  
0  
1  mm 749 555
1  mm 754 555
1  mm 758 555
1  mm 760 555
1  mm 762 555
1  mm 763 555
1  mm 763 553
1  mm 764 551
1  mm 766 548
1  mm 768 546
0  
0  
1  mm 768 541
1  mm 768 539
1  mm 767 538
0  
0  
0  
0  
1  mb 1 1 767 538
0  
0  
0  
1  mb 1 0 767 538
0  
0  
0  
0  
0  
0  
0  
0  
0  
0  
1  mm 768 536
1  mm 781 536
1  mm 807 536
1  mm 822 540
2 T 1208079112.583000 mm 826 540
0  
0  
0  
0  
0  
0  
0  
0  
0  
0  
0  
0  
0  
0  
0  
0  
0  
0  
0  
0  
0  
0  
0  
0  
0  
0  
0  
0  
0  
0  
0  
0  
0  
0  
0  
0  
0  
0  
0  
0  
0  
0  
0  
0  
0  
0  
0  
0  
0  
0  
0  
0  
0  
0  
0  
0  
0  
0  
0  
1  kd 111 826 540
0  
0  
0  
0  
1  ku 111 826 540
0  
0  
0  
0  
0  
0  
0  
0  
0  
0  
0  
1  mm 852 543
1  mm 874 545
1  mm 904 548
1  mm 925 550
1  mm 937 552
1  mm 950 553
1  mm 967 553
1  mm 985 554
1  mm 993 554
1  mm 994 554
0  
0  
0  
0  
1  mm 992 549
1  mm 980 543
1  mm 974 541
0  
0  
0  
0  
0  
0  
1 T 1208079115.883000 
0  
0  
0  
0  
0  
0  
0  
0  
0  
0  
0  
0  
0  
0  
0  
0  
0  
0  
0  
0  
0  
0  
0  
0  
0  
0  
0  
0  
0  
0  
0  
0  
0  
0  
0  
0  
0  
1  kd 111 974 541
0  
0  
0  
0  
1  ku 111 974 541
0  
0  
1  kd 111 974 541
0  
0  
0  
1  ku 111 974 541
0  
1  kd 111 974 541
0  
0  
0  
1  ku 111 974 541
0  
0  
0  
0  
0  
0  
0  
1  mb 1 1 974 541
0  
0  
0  
0  
1  mb 1 0 974 541
0  
0  
0  
0  
0  
0  
0  
0  
0  
0  
0  
0  
0  
0  
0  
0  
0  
0  
0  
0  
0  
0  
0  
0  
0  
0  
0  
0  
1  kd 8 974 541
0  
1 T 1208079119.182000 
1  ku 8 974 541
0  
1  kd 8 974 541
0  
0  
0  
1  ku 8 974 541
1  kd 8 974 541
0  
0  
0  
1  ku 8 974 541
1  kd 8 974 541
0  
0  
0  
2  ku 8 974 541 kd 8 974 541
0  
0  
0  
1  ku 8 974 541
0  
0  
0  
0  
0  
0  
0  
0  
0  
1  mm 971 538
0  
0  
0  
0  
0  
0  
0  
0  
0  
1  kd 111 971 538
0  
0  
1  ku 111 971 538
1  kd 111 971 538
0  
0  
1  ku 111 971 538
0  
1  kd 111 971 538
0  
0  
1  ku 111 971 538
1  kd 111 971 538
0  
0  
0  
1  ku 111 971 538
0  
0  
0  
0  
0  
0  
0  
0  
0  
0  
0  
0  
0  
0  
0  
0  
0  
1  kd 111 971 538
0  
0  
1  ku 111 971 538
0  
1  kd 111 971 538
0  
0  
1  ku 111 971 538
0  
1  kd 111 971 538
2  ku 111 971 538 kd 111 971 538
1  ku 111 971 538
0  
1  kd 111 971 538
0  
0  
1  ku 111 971 538
1  mm 970 538
0  
0  
0  
0  
0  
1 T 1208079122.681000 
0  
0  
0  
0  
0  
0  
0  
0  
0  
0  
0  
0  
0  
0  
0  
0  
0  
0  
0  
0  
0  
1  sd 113 970 538
0  
0  
0  
0  
0  
0  
0  
1  kd 79 970 538
0  
0  
0  
1  ku 79 970 538
0  
1  kd 79 970 538
0  
0  
1  ku 79 970 538
0  
1  kd 79 970 538
0  
0  
0  
2  su 113 970 538 ku 111 970 538
0  
0  
0  
0  
0  
0  
0  
0  
0  
0  
0  
0  
0  
0  
0  
0  
0  
0  
0  
0  
0  
0  
0  
0  
1  kd 48 970 538
0  
0  
0  
0  
1  ku 48 970 538
0  
0  
0  
0  
0  
0  
0  
0  
0  
0  
0  
0  
0  
0  
0  
0  
1  kd 101 970 538
1  kd 100 970 538
0  
0  
0  
2  ku 100 970 538 ku 101 970 538
0  
0  
1 T 1208079125.982000 
0  
0  
0  
0  
0  
0  
0  
1  kd 100 970 538
0  
0  
0  
1  ku 100 970 538
1  kd 105 970 538
1  kd 107 970 538
0  
2  ku 107 970 538 ku 105 970 538
0  
1  kd 107 970 538
1  kd 105 970 538
0  
3  ku 105 970 538 kd 115 970 538 ku 107 970 538
0  
0  
0  
0  
1  ku 115 970 538
0  
0  
0  
1  kd 110 970 538
0  
0  
0  
1  ku 110 970 538
0  
0  
0  
0  
0  
0  
0  
0  
0  
0  
0  
0  
1  kd 8 970 538
0  
0  
0  
0  
0  
0  
0  
0  
0  
0  
0  
0  
0  
0  
0  
0  
0  
0  
0  
0  
0  
0  
0  
1  ku 8 970 538
0  
1  kd 8 970 538
0  
0  
1  ku 8 970 538
0  
1  kd 8 970 538
0  
0  
1  ku 8 970 538
1  kd 8 970 538
0  
0  
1  ku 8 970 538
1  kd 8 970 538
0  
0  
1  ku 8 970 538
1  kd 8 970 538
0  
0  
1  ku 8 970 538
0  
1  kd 8 970 538
0  
1  ku 8 970 538
1  kd 8 970 538
0  
1 T 1208079129.282000 
0  
1  ku 8 970 538
1  kd 8 970 538
0  
0  
1  ku 8 970 538
1  kd 8 970 538
0  
0  
0  
2  ku 8 970 538 kd 8 970 538
0  
0  
0  
2  ku 8 970 538 kd 8 970 538
0  
0  
0  
1  ku 8 970 538
1  kd 8 970 538
0  
0  
0  
0  
0  
0  
1  ku 8 970 538
0  
0  
0  
0  
0  
0  
0  
0  
0  
0  
1  mm 950 605
1  mm 911 701
1  mm 896 722
1  mm 941 724
1  mm 1071 753
1  mm 1092 776
1  mm 1086 788
1  mm 1074 786
1  mm 1067 766
1  mm 1067 725
1  mm 1063 691
1  mm 1054 678
1  mm 1053 677
0  
2  mm 1049 677 mm 1045 677
1  mm 1037 676
1  mm 1002 676
1  mm 987 676
0  
0  
0  
0  
1  mb 1 1 987 676
0  
0  
1  mb 1 0 987 676
0  
0  
0  
0  
0  
0  
0  
0  
0  
0  
0  
0  
0  
1  mm 985 676
0  
1  mm 983 674
1  mm 979 670
1  mm 972 663
1  mm 954 656
1  mm 937 650
1  mm 935 646
1  mm 933 643
1  mm 928 638
1  mm 913 623
1  mm 880 606
1  mm 851 586
1  mm 817 568
1  mm 794 558
1  mm 787 553
1  mm 787 552
1  mm 786 550
1  mm 785 545
1  mm 782 539
1  mm 778 536
0  
1  mm 776 536
2 T 1208079132.582000 mm 772 536
1  mm 771 536
1  mm 769 536
1  mm 766 536
0  
0  
0  
0  
0  
1  mb 1 1 766 536
0  
0  
1  mb 1 0 766 536
0  
0  
1  mm 767 537
0  
0  
1  mm 768 537
1  mm 768 539
1  mm 768 540
0  
0  
0  
0  
0  
0  
0  
0  
0  
0  
0  
0  
0  
0  
0  
0  
0  
0  
0  
0  
0  
0  
0  
0  
0  
0  
0  
0  
0  
0  
0  
0  
0  
0  
0  
0  
0  
0  
0  
0  
0  
0  
0  
0  
0  
0  
1  mb 1 1 768 540
0  
1  mb 1 0 768 540
0  
0  
1  mb 1 1 768 540
0  
1  mb 1 0 768 540
0  
1  mb 1 1 768 540
0  
0  
0  
1  mb 1 0 768 540
0  
0  
0  
0  
1  mb 1 1 768 540
0  
0  
0  
1  mb 1 0 768 540
0  
1  mb 1 1 768 540
0  
0  
1  mb 1 0 768 540
0  
1  mb 1 1 768 540
0  
1  mb 1 0 768 540
0  
1 T 1208079135.882000 
1  mb 1 1 768 540
0  
1  mb 1 0 768 540
0  
1  mb 1 1 768 540
0  
1  mb 1 0 768 540
0  
0  
1  mb 1 1 768 540
1  mb 1 0 768 540
0  
0  
1  mb 1 1 768 540
0  
1  mb 1 0 768 540
0  
0  
0  
0  
0  
1  mb 1 1 768 540
0  
1  mb 1 0 768 540
0  
0  
1  mb 1 1 768 540
0  
1  mb 1 0 768 540
0  
0  
1  mb 1 1 768 540
1  mb 1 0 768 540
0  
0  
0  
0  
0  
0  
1  mb 1 1 768 540
0  
1  mb 1 0 768 540
0  
0  
1  mb 1 1 768 540
1  mb 1 0 768 540
0  
0  
0  
0  
0  
0  
1  mb 1 1 768 540
0  
1  mb 1 0 768 540
0  
0  
1  mb 1 1 768 540
0  
1  mb 1 0 768 540
0  
1  mb 1 1 768 540
0  
1  mb 1 0 768 540
0  
0  
1  mb 1 1 768 540
1  mb 1 0 768 540
0  
0  
1  mb 1 1 768 540
0  
1  mb 1 0 768 540
0  
0  
0  
0  
0  
1  mb 1 1 768 540
0  
1  mb 1 0 768 540
0  
1  mb 1 1 768 540
0  
1  mb 1 0 768 540
0  
0  
1  mb 1 1 768 540
0  
0  
1  mb 1 0 768 540
1  mb 1 1 768 540
0  
0  
1  mb 1 0 768 540
0  
1  mb 1 1 768 540
0  
0  
2 T 1208079139.190000 mb 1 0 768 540
1  mb 1 1 768 540
0  
0  
1  mb 1 0 768 540
0  
0  
0  
0  
0  
1  mb 1 1 768 540
0  
0  
1  mb 1 0 768 540
0  
0  
0  
0  
0  
0  
0  
0  
1  sd 113 768 540
0  
0  
0  
0  
0  
0  
0  
0  
0  
0  
0  
1  kd 79 768 540
0  
0  
1  ku 79 768 540
0  
1  kd 79 768 540
0  
0  
1  ku 79 768 540
0  
1  kd 79 768 540
0  
0  
1  ku 79 768 540
0  
0  
1  su 113 768 540
0  
0  
0  
0  
0  
0  
0  
0  
0  
0  
0  
0  
0  
0  
0  
0  
0  
0  
1  mm 757 542
0  
1  mm 758 542
1  mm 767 537
1  mm 776 535
1  mm 793 533
1  mm 826 537
1  mm 858 552
1  mm 876 556
1  mm 886 558
1  mm 897 561
1  mm 903 563
1  mm 904 566
0  
1  mm 906 570
1  mm 904 585
1  mm 904 599
1  mm 904 608
1  mm 904 613
1  mm 908 615
1  mm 916 615
1  mm 917 615
1  mm 934 626
1  mm 951 634
1  mm 954 636
0  
0  
0  
1  mm 957 639
1  mm 1048 689
1  mm 1211 761
2 T 1208079142.491000 mm 1351 807
1  mm 1446 848
1  mm 1490 886
1  mm 1499 903
1  mm 1499 907
1  mm 1476 913
1  mm 1420 913
1  mm 1372 913
1  mm 1324 913
1  mm 1282 926
1  mm 1249 930
1  mm 1211 935
1  mm 1170 943
1  mm 1139 948
1  mm 1119 958
1  mm 1116 962
1  mm 1113 965
1  mm 1102 976
1  mm 1087 985
1  mm 1072 996
1  mm 1066 1005
1  mm 1063 1014
1  mm 1059 1019
1  mm 1058 1021
1  mm 1058 1022
1  mm 1058 1023
1  mm 1057 1027
0  
0  
0  
1  mm 1065 1027
1  mm 1097 1021
1  mm 1124 1015
1  mm 1137 1005
1  mm 1154 979
1  mm 1161 930
1  mm 1161 875
1  mm 1149 828
1  mm 1142 795
1  mm 1125 733
1  mm 1110 670
1  mm 1095 553
0  
1  mb 1 1 1095 553
0  
0  
1  mb 1 0 1095 553
0  
0  
0  
0  
0  
0  
0  
0  
0  
0  
0  
0  
0  
0  
0  
0  
0  
0  
0  
0  
0  
0  
0  
0  
0  
0  
0  
0  
0  
0  
0  
0  
0  
0  
0  
0  
0  
1  kd 8 1095 553
0  
0  
0  
1  ku 8 1095 553
1  kd 8 1095 553
0  
0  
0  
0  
0  
0  
0  
0  
0  
0  
1 T 1208079146.191000 
0  
0  
0  
0  
0  
0  
0  
0  
0  
0  
0  
0  
0  
0  
0  
0  
1  ku 8 1095 553
0  
0  
0  
1  kd 8 1095 553
0  
0  
1  ku 8 1095 553
0  
1  kd 8 1095 553
0  
1  ku 8 1095 553
0  
1  kd 8 1095 553
0  
1  ku 8 1095 553
0  
1  kd 8 1095 553
0  
0  
1  ku 8 1095 553
0  
1  kd 8 1095 553
0  
1  ku 8 1095 553
0  
1  kd 8 1095 553
0  
1  ku 8 1095 553
0  
1  kd 8 1095 553
0  
0  
1  ku 8 1095 553
0  
1  kd 8 1095 553
0  
0  
1  ku 8 1095 553
1  kd 8 1095 553
0  
0  
1  ku 8 1095 553
0  
1  kd 8 1095 553
0  
0  
1  mm 1095 565
2  ku 8 1095 591 mm 1095 591
1  mm 1091 617
1  mm 1083 636
1  mm 1071 645
1  mm 1056 653
1  mm 1039 656
1  mm 1021 656
1  mm 1006 656
1  mm 993 657
1  mm 988 658
1  mb 1 1 988 658
0  
0  
0  
1  mb 1 0 988 658
0  
0  
0  
0  
0  
0  
0  
0  
0  
0  
0  
0  
0  
1  mm 945 650
1  mm 894 635
1  mm 849 619
1  mm 822 612
1  mm 810 607
1  mm 805 601
1  mm 799 597
2 T 1208079149.490000 mm 794 593
1  mm 792 587
1  mm 790 581
1  mm 786 571
1  mm 778 555
1  mm 767 544
1  mm 759 533
1  mm 757 530
0  
1  mm 757 527
1  mm 757 524
0  
1  mb 1 1 758 523
1  md 759 523
0  
0  
1  mb 1 0 759 523
0  
1  mm 765 525
1  mm 768 530
1  mm 768 533
1  mm 768 534
0  
0  
0  
0  
0  
0  
0  
0  
0  
0  
0  
1  mm 791 541
1  mm 837 551
1  mm 889 560
1  mm 929 568
1  mm 943 569
0  
0  
0  
0  
0  
0  
0  
0  
0  
0  
0  
0  
1  mm 944 569
0  
0  
0  
0  
0  
0  
0  
0  
0  
0  
0  
0  
0  
0  
0  
0  
0  
0  
0  
0  
0  
0  
0  
0  
0  
0  
0  
0  
0  
0  
0  
0  
0  
0  
0  
0  
0  
0  
0  
0  
0  
0  
0  
0  
0  
0  
0  
0  
0  
1 T 1208079152.790000 
0  
0  
0  
0  
0  
0  
0  
0  
0  
0  
0  
0  
0  
0  
0  
0  
0  
0  
0  
0  
0  
0  
0  
0  
0  
0  
0  
0  
0  
0  
0  
0  
0  
0  
0  
0  
0  
0  
0  
0  
0  
0  
0  
1  kd 111 944 569
0  
0  
1  ku 111 944 569
0  
1  kd 111 944 569
0  
0  
1  ku 111 944 569
0  
1  kd 111 944 569
0  
0  
1  ku 111 944 569
0  
1  kd 111 944 569
0  
0  
1  ku 111 944 569
0  
1  kd 111 944 569
0  
0  
1  ku 111 944 569
0  
1  kd 111 944 569
0  
1  ku 111 944 569
0  
1  kd 111 944 569
0  
0  
1  ku 111 944 569
0  
0  
1  kd 105 944 569
0  
0  
0  
1  ku 105 944 569
1  kd 105 944 569
0  
0  
1  ku 105 944 569
0  
0  
0  
1  kd 117 944 569
0  
0  
1  ku 117 944 569
1  kd 117 944 569
0  
0  
0  
1  ku 117 944 569
1 T 1208079156.091000 
0  
0  
0  
0  
0  
0  
0  
0  
0  
0  
0  
0  
0  
0  
0  
1  kd 121 944 569
0  
1  ku 121 944 569
0  
1  kd 121 944 569
0  
0  
0  
1  ku 121 944 569
0  
0  
0  
0  
0  
0  
0  
0  
0  
0  
0  
0  
0  
0  
0  
0  
0  
0  
0  
0  
1  kd 111 944 569
0  
0  
1  kd 105 944 569
0  
1  ku 111 944 569
0  
2  kd 111 944 569 ku 105 944 569
0  
0  
0  
0  
1  ku 111 944 569
0  
0  
0  
0  
1  kd 8 944 569
1  mm 995 628
1  mm 1019 700
2  ku 8 1020 717 mm 1020 717
1  kd 8 1020 717
0  
0  
0  
1  ku 8 1020 717
1  kd 8 1020 717
0  
0  
1  ku 8 1020 717
0  
1  kd 8 1020 717
0  
0  
1  ku 8 1020 717
0  
0  
0  
0  
0  
0  
0  
0  
0  
0  
0  
0  
0  
0  
0  
0  
0  
0  
0  
0  
1 T 1208079159.397000 
0  
0  
0  
0  
0  
1  kd 111 1020 717
0  
0  
1  ku 111 1020 717
0  
1  kd 111 1020 717
0  
0  
1  ku 111 1020 717
1  kd 111 1020 717
0  
0  
1  ku 111 1020 717
0  
1  kd 111 1020 717
0  
0  
1  ku 111 1020 717
0  
1  kd 111 1020 717
0  
0  
1  ku 111 1020 717
0  
1  kd 111 1020 717
0  
0  
1  ku 111 1020 717
1  kd 111 1020 717
0  
0  
0  
1  ku 111 1020 717
1  kd 111 1020 717
0  
0  
1  ku 111 1020 717
0  
1  kd 111 1020 717
0  
0  
1  ku 111 1020 717
1  kd 111 1020 717
0  
0  
0  
1  ku 111 1020 717
0  
1  kd 111 1020 717
0  
1  ku 111 1020 717
0  
0  
0  
0  
0  
0  
0  
0  
0  
0  
0  
0  
0  
0  
1  mm 1013 725
1  mm 950 754
1  mm 916 754
1  mm 901 761
1  mm 782 800
1  mm 598 842
1  mm 452 850
1  mm 405 847
0  
1  mm 404 847
1  mm 404 852
1  mm 404 859
1  mm 403 893
1  mm 397 918
1  mm 395 937
1  mm 395 950
1  mm 402 961
1  mm 408 965
1  mm 409 968
1  mm 409 970
0  
1  mm 409 974
1  mm 406 978
1  mm 403 982
0  
1  mm 401 983
0  
0  
0  
1 T 1208079162.697000 
0  
0  
0  
0  
0  
0  
0  
0  
0  
0  
0  
0  
0  
0  
0  
0  
0  
0  
0  
0  
0  
0  
0  
0  
0  
0  
0  
0  
0  
0  
0  
0  
0  
0  
0  
0  
0  
0  
0  
0  
0  
0  
0  
0  
0  
0  
0  
0  
0  
0  
0  
0  
0  
0  
0  
0  
0  
0  
0  
0  
0  
0  
0  
0  
0  
0  
0  
0  
0  
0  
0  
0  
0  
0  
0  
0  
0  
0  
0  
0  
0  
0  
0  
0  
0  
0  
0  
0  
0  
0  
0  
0  
0  
0  
0  
0  
0  
0  
0  
1 T 1208079165.998000 
0  
0  
0  
0  
0  
0  
0  
0  
0  
0  
1  mm 486 943
1  mm 603 887
1  mm 736 810
1  mm 842 728
1  mm 903 685
1  mm 926 655
1  mm 930 644
1  mm 933 639
1  mm 936 627
1  mm 944 614
1  mm 963 579
1  mm 978 558
1  mm 989 539
1  mm 994 531
0  
0  
0  
0  
0  
0  
0  
0  
1  mb 1 1 994 531
0  
0  
0  
0  
0  
1  mb 1 0 994 531
0  
0  
0  
0  
0  
0  
0  
0  
0  
0  
0  
0  
0  
0  
0  
0  
0  
0  
0  
0  
0  
0  
0  
0  
0  
0  
0  
0  
0  
0  
0  
0  
0  
0  
0  
0  
0  
1  kd 8 994 531
0  
0  
0  
0  
0  
0  
0  
0  
0  
0  
0  
0  
0  
1  mm 994 530
0  
1  mm 994 531
1  mm 994 534
0  
0  
0  
0  
0  
1 T 1208079169.298000 
0  
0  
0  
0  
0  
0  
1  mm 994 535
1  ku 8 994 535
0  
1  mm 994 537
1  kd 8 994 537
0  
0  
1  ku 8 994 537
0  
0  
0  
0  
0  
1  kd 8 994 537
0  
0  
2  ku 8 994 541 mm 994 541
1  mm 994 548
2  kd 8 994 554 mm 994 554
1  mm 994 562
1  mm 994 576
2  ku 8 994 587 mm 994 587
1  mm 994 599
2  kd 8 995 604 mm 995 604
1  mm 995 608
2  ku 8 995 613 mm 995 613
1  mm 995 627
1  mm 996 630
2  kd 8 996 631 mm 996 631
1  mm 998 635
2  ku 8 999 639 mm 999 639
1  mm 1000 640
1  kd 8 1000 640
0  
1  ku 8 1000 640
0  
0  
1  kd 8 1000 640
1  mm 997 650
2  ku 8 994 657 mm 994 657
1  mm 987 665
2  kd 8 983 669 mm 983 669
1  mm 981 671
1  mm 980 672
2  ku 8 980 673 mm 980 673
1  mm 977 678
2  kd 8 977 679 mm 977 679
1  mm 976 681
0  
2  ku 8 975 685 mm 975 685
0  
1  kd 8 975 685
1  mm 972 687
1  mm 968 688
2  ku 8 967 688 mm 967 688
0  
0  
0  
0  
0  
0  
0  
1  mm 962 676
1  mm 962 675
1  mb 1 1 962 675
0  
0  
0  
1  mb 1 0 962 675
0  
0  
0  
0  
0  
0  
0  
0  
0  
0  
0  
0  
0  
0  
0  
0  
0  
0  
0  
0  
0  
0  
1  mm 942 671
1  mm 906 645
2 T 1208079172.598000 mm 883 626
1  mm 865 615
1  mm 849 612
1  mm 826 603
1  mm 813 595
1  mm 798 584
1  mm 781 560
1  mm 775 555
1  mm 774 554
1  mm 774 552
1  mm 774 549
1  mm 774 547
1  mm 774 545
1  mm 773 542
1  mm 770 539
1  mm 768 539
0  
0  
1  mb 1 1 768 539
0  
0  
0  
1  mb 1 0 768 539
0  
0  
0  
0  
0  
0  
1  mm 771 539
1  mm 788 541
1  mm 810 545
1  mm 815 546
0  
0  
0  
0  
0  
0  
0  
0  
0  
0  
0  
0  
0  
0  
0  
0  
0  
0  
0  
0  
0  
0  
0  
0  
0  
0  
0  
0  
0  
0  
0  
0  
0  
0  
0  
0  
0  
0  
0  
0  
0  
0  
0  
0  
0  
0  
0  
0  
0  
0  
0  
0  
0  
0  
0  
0  
0  
0  
0  
0  
0  
0  
0  
0  
0  
0  
0  
1 T 1208079175.901000 
0  
0  
0  
0  
0  
0  
0  
0  
0  
0  
0  
0  
0  
0  
0  
0  
0  
0  
0  
0  
0  
0  
0  
1  mm 821 546
1  mm 852 547
1  mm 896 551
1  mm 922 553
1  mm 935 553
1  mm 936 553
1  mm 942 553
1  mm 953 551
1  mm 960 549
1  mm 963 548
0  
0  
1  mb 1 1 963 548
0  
0  
0  
0  
1  mb 1 0 963 548
0  
0  
0  
0  
0  
0  
0  
0  
0  
0  
0  
0  
0  
0  
0  
0  
0  
0  
0  
0  
0  
0  
0  
0  
0  
0  
0  
0  
0  
0  
0  
0  
0  
0  
0  
0  
0  
0  
0  
0  
0  
0  
0  
0  
0  
0  
0  
0  
0  
0  
0  
0  
0  
0  
1  kd 111 963 548
0  
0  
0  
2 T 1208079179.223000 ku 111 963 548
0  
1  kd 111 963 548
0  
0  
1  ku 111 963 548
1  kd 111 963 548
0  
0  
0  
1  ku 111 963 548
1  kd 111 963 548
0  
0  
1  ku 111 963 548
0  
1  kd 111 963 548
0  
0  
1  ku 111 963 548
0  
0  
0  
0  
0  
0  
0  
0  
0  
0  
0  
0  
0  
0  
0  
0  
0  
0  
0  
1  mm 979 557
1  mm 995 567
1  mm 1006 586
1  mm 1032 630
1  mm 1085 676
1  mm 1132 715
1  mm 1149 736
1  mm 1151 758
1  mm 1154 795
1  mm 1168 850
1  mm 1177 882
1  mm 1182 896
1  mm 1184 909
1  mm 1185 917
1  mm 1183 931
1  mm 1175 939
1  mm 1149 944
1  mm 1104 951
1  mm 1054 957
1  mm 1017 964
1  mm 977 983
1  mm 948 1001
1  mm 914 1016
1  mm 905 1018
0  
1  mm 909 1017
1  mm 931 1006
1  mm 948 1000
1  mm 984 983
1  mm 1051 948
1  mm 1117 910
1  mm 1142 896
1  mm 1147 892
1  mm 1152 868
1  mm 1153 823
1  mm 1148 782
1  mm 1140 752
1  mm 1114 715
1  mm 1091 687
1  mm 1070 671
1  mm 1048 659
1  mm 1021 644
1  mm 999 633
1  mm 966 617
1  mm 919 599
1  mm 867 577
1  mm 823 555
1  mm 787 539
1  mm 781 535
1  mm 780 534
0  
0  
0  
0  
0  
0  
0  
0  
0  
1  mm 772 532
1  mm 768 532
1 T 1208079182.522000 
0  
1  mm 766 535
1  mm 765 536
1  mm 765 537
0  
1  mm 761 541
0  
1  mm 758 542
0  
0  
0  
1  mb 1 1 758 542
0  
0  
1  mb 1 0 758 542
0  
0  
1  mm 760 542
0  
0  
1  mm 763 542
0  
0  
0  
0  
0  
0  
0  
0  
0  
0  
0  
0  
0  
0  
0  
0  
0  
0  
0  
0  
0  
0  
0  
1  kd 111 763 542
0  
0  
0  
1  ku 111 763 542
0  
1  kd 111 763 542
0  
1  ku 111 763 542
0  
1  kd 111 763 542
0  
0  
1  ku 111 763 542
0  
0  
0  
0  
0  
0  
0  
0  
0  
0  
0  
0  
0  
0  
0  
0  
0  
1  mm 769 542
1  mm 808 557
1  mm 833 564
2  kd 27 842 565 mm 842 565
1  mm 856 567
1  mm 881 572
1  mm 911 579
1  mm 931 584
1  mm 940 585
1  mm 948 589
1  mm 951 591
2  ku 27 954 591 mm 954 591
1  mm 959 592
1  mm 962 592
1  mm 965 593
1  mm 968 594
1  mm 972 594
1  mm 980 592
1  mm 987 590
1  mm 988 588
0  
0  
0  
0  
2 T 1208079185.822000 mm 986 600
1  mm 985 609
1  mm 985 614
1  mm 986 617
1  mm 987 618
1  mm 987 619
0  
0  
1  mm 989 623
1  mm 989 625
0  
0  
0  
0  
0  
0  
0  
0  
0  
0  
0  
0  
0  
0  
0  
0  
0  
0  
0  
0  
0  
0  
1  mm 999 638
1  mm 1027 655
1  mm 1047 664
1  mm 1054 666
1  mm 1060 674
1  mm 1070 690
1  mm 1083 712
1  mm 1086 719
1  mm 1086 722
0  
0  
1  mm 1086 721
1  mm 1081 708
1  mm 1078 703
1  mm 1078 702
0  
0  
1  mm 1072 691
1  mm 1070 688
1  mm 1070 683
1  mm 1070 680
1  mm 1073 675
1  mm 1080 671
1  mm 1090 669
1  mm 1102 665
1  mm 1120 659
1  mm 1148 654
1  mm 1170 650
1  mm 1184 647
1  mm 1189 645
1  mm 1193 644
1  mm 1194 643
1  mb 1 1 1194 643
0  
0  
0  
0  
1  mb 1 0 1194 643
0  
0  
0  
0  
0  
0  
0  
0  
0  
0  
0  
0  
0  
0  
0  
0  
0  
0  
0  
0  
0  
0  
0  
0  
0  
0  
0  
0  
0  
0  
1 T 1208079189.123000 
0  
0  
0  
0  
0  
0  
0  
0  
0  
0  
0  
0  
0  
0  
0  
0  
0  
0  
0  
0  
0  
0  
0  
0  
0  
0  
0  
0  
0  
0  
0  
0  
0  
0  
0  
0  
1  sd 113 1194 643
0  
0  
0  
0  
0  
0  
0  
0  
0  
0  
0  
0  
0  
0  
0  
0  
0  
0  
0  
0  
0  
0  
0  
0  
0  
0  
0  
0  
0  
0  
0  
0  
0  
0  
0  
0  
0  
0  
0  
0  
0  
0  
0  
0  
0  
0  
0  
0  
0  
0  
0  
0  
0  
1  kd 37 1194 643
