1208379970 seed, 30 fps, 1920x1080, fullScreen=1, version76_mouseSpeed1.000000_musicOff0_musicLoudness1.000000_webRetrySeconds16 4CB33D163DAAAB2DF34C9AD44399608906AFA469
3 T 1208379971.525000 mm 1468 427 mm 1528 412
0  
1  mm 1566 478
1  mm 1551 478
1  mm 1516 478
1  mm 1475 483
1  mm 1402 517
1  mm 1322 558
1  mm 1285 578
1  mm 1279 582
1  mm 1279 585
1  mm 1294 586
1  mm 1299 586
0  
0  
0  
0  
0  
1  mm 1295 586
1  mm 1294 585
0  
0  
0  
1  mm 1293 585
0  
0  
0  
0  
0  
0  
0  
0  
0  
0  
0  
1  mm 1335 585
1  mm 1375 582
1  mm 1389 573
1  mm 1396 568
1  mm 1398 565
1  mm 1398 563
0  
0  
0  
0  
0  
0  
0  
0  
0  
0  
0  
0  
1  mm 1404 569
1  mm 1452 561
0  
0  
0  
0  
1  mm 1441 561
1  mm 1424 573
1  mm 1416 588
1  mm 1399 622
1  mm 1424 645
3 T 1208379975.117000 T 1208379975.120000 mm 1467 628
1 T 1208379975.149000 
1 T 1208379975.183000 
2 T 1208379975.216000 mm 1464 630
2 T 1208379975.248000 mm 1454 636
2 T 1208379975.281000 mm 1445 643
1 T 1208379975.314000 
2 T 1208379975.348000 mm 1445 648
2 T 1208379975.381000 mm 1455 658
2 T 1208379975.413000 mm 1469 657
1 T 1208379975.446000 
1 T 1208379975.480000 
1 T 1208379975.512000 
1 T 1208379975.545000 
2 T 1208379975.579000 mm 1455 659
2 T 1208379975.611000 mm 1368 695
2 T 1208379975.644000 mm 1169 762
2 T 1208379975.677000 mm 993 808
2 T 1208379975.711000 mm 802 836
2 T 1208379975.744000 mm 599 866
2 T 1208379975.776000 mm 516 881
2 T 1208379975.809000 mm 478 890
2 T 1208379975.842000 mm 457 900
2 T 1208379975.875000 mm 443 910
2 T 1208379975.909000 mm 415 927
2 T 1208379975.941000 mm 403 934
2 T 1208379975.975000 mm 395 940
2 T 1208379976.007000 mm 386 950
2 T 1208379976.041000 mm 379 955
2 T 1208379976.074000 mm 372 959
2 T 1208379976.107000 mm 366 962
2 T 1208379976.140000 mm 365 963
2 T 1208379976.173000 mb 1 1 365 963
1 T 1208379976.205000 
1 T 1208379976.238000 
2 T 1208379976.272000 mb 1 0 365 963
