1211124926 seed, 30 fps, 1920x1080, fullScreen=1, version30000_mouseSpeed1.000000_musicOff0_musicLoudness0.000000_webRetrySeconds16 B6F8F43F97F7D2FE50F3C1DF1E9C07E120042F41
2 T 1211124928.244000 mm 1088 505
0  
0  
0  
0  
0  
0  
0  
0  
0  
0  
0  
0  
0  
0  
0  
0  
0  
0  
0  
0  
0  
0  
1  mm 1167 498
1  mm 1187 495
1  mm 1198 495
1  mm 1199 495
1  mm 1202 496
1  mm 1238 512
1  mm 1291 540
1  mm 1335 564
1  mm 1350 580
1  mm 1359 593
1  mm 1367 603
1  mm 1376 606
1  mm 1461 609
0  
0  
0  
0  
1  mm 1477 603
1  mm 1492 602
0  
0  
0  
0  
0  
0  
0  
0  
0  
0  
0  
0  
0  
0  
0  
0  
0  
0  
0  
0  
0  
0  
0  
2 T 1211124935.567000 T 1211124935.571000 
1 T 1211124935.600000 
1 T 1211124935.633000 
1 T 1211124935.667000 
2 T 1211124935.700000 kd 27 1492 602
1 T 1211124935.733000 
1 T 1211124935.765000 
1 T 1211124935.797000 
1 T 1211124935.833000 
2 T 1211124935.864000 ku 27 1492 602
1 T 1211124935.896000 
1 T 1211124935.930000 
1 T 1211124935.963000 
1 T 1211124935.997000 
1 T 1211124936.030000 
1 T 1211124936.062000 
1 T 1211124936.095000 
1 T 1211124936.128000 
1 T 1211124936.162000 
1 T 1211124936.195000 
1 T 1211124936.228000 
1 T 1211124936.261000 
1 T 1211124936.293000 
1 T 1211124936.327000 
2 T 1211124936.359000 sd 113 1492 602
1 T 1211124936.392000 
1 T 1211124936.426000 
1 T 1211124936.459000 
1 T 1211124936.492000 
1 T 1211124936.525000 
1 T 1211124936.557000 
1 T 1211124936.591000 
1 T 1211124936.623000 
1 T 1211124936.657000 
2 T 1211124936.689000 T 1211124936.690000 
0  
0  
0  
0  
0  
0  
0  
0  
0  
0  
0  
0  
0  
0  
1  kd 37 1492 602
