1211121049 seed, 30 fps, 1920x1080, fullScreen=1, version30000_mouseSpeed1.000000_musicOff0_musicLoudness0.000000_webRetrySeconds16 B6F8F43F97F7D2FE50F3C1DF1E9C07E120042F41
2 T 1211121051.227000 mm 1919 413
0  
1  mm 1919 335
0  
0  
0  
0  
0  
0  
0  
0  
0  
0  
0  
0  
0  
0  
0  
0  
0  
0  
0  
1  mm 1912 335
1  mm 1897 339
1  mm 1886 342
1  mm 1856 351
1  mm 1824 366
1  mm 1778 388
1  mm 1739 414
1  mm 1708 437
1  mm 1682 463
1  mm 1663 486
1  mm 1661 495
1  mm 1669 497
0  
1  mm 1582 554
0  
0  
0  
0  
0  
0  
0  
0  
0  
0  
0  
0  
0  
0  
0  
0  
0  
0  
0  
0  
0  
0  
1  mm 1527 566
0  
0  
0  
0  
0  
0  
2 T 1211121058.894000 T 1211121058.898000 
1 T 1211121058.928000 
1 T 1211121058.962000 
1 T 1211121058.994000 
1 T 1211121059.026000 
1 T 1211121059.060000 
1 T 1211121059.093000 
1 T 1211121059.126000 
1 T 1211121059.159000 
1 T 1211121059.192000 
1 T 1211121059.226000 
1 T 1211121059.258000 
1 T 1211121059.290000 
1 T 1211121059.324000 
1 T 1211121059.357000 
1 T 1211121059.390000 
1 T 1211121059.423000 
1 T 1211121059.456000 
2 T 1211121059.490000 mb 1 1 1527 566
1 T 1211121059.522000 
2 T 1211121059.555000 mb 1 0 1527 566
1 T 1211121059.588000 
1 T 1211121059.621000 
2 T 1211121059.654000 mb 1 1 1527 566
1 T 1211121059.687000 
1 T 1211121059.720000 
2 T 1211121059.753000 mb 1 0 1527 566
1 T 1211121059.786000 
1 T 1211121059.818000 
2 T 1211121059.852000 mb 1 1 1527 566
1 T 1211121059.886000 
2 T 1211121059.918000 mb 1 0 1527 566
1 T 1211121059.951000 
1 T 1211121059.983000 
2 T 1211121060.017000 mb 1 1 1527 566
0  
0  
1  mb 1 0 1527 566
0  
1  mb 1 1 1527 566
0  
0  
2 T 1211121060.284000 mb 1 0 1527 566
0  
1 T 1211121060.436000 
1 T 1211121060.470000 
1 T 1211121060.503000 
1 T 1211121060.536000 
1 T 1211121060.569000 
1 T 1211121060.602000 
1 T 1211121060.635000 
1 T 1211121060.668000 
1 T 1211121060.701000 
1 T 1211121060.734000 
1 T 1211121060.767000 
1 T 1211121060.800000 
1 T 1211121060.832000 
2 T 1211121060.866000 mm 1508 566
2 T 1211121060.899000 mm 1470 571
2 T 1211121060.932000 mm 1449 574
2 T 1211121060.965000 mm 1441 578
2 T 1211121060.998000 mm 1443 580
2 T 1211121061.031000 mm 1450 580
1 T 1211121061.064000 
1 T 1211121061.096000 
1 T 1211121061.130000 
1 T 1211121061.163000 
1 T 1211121061.196000 
1 T 1211121061.229000 
1 T 1211121061.262000 
5 T 1211121061.295000 xs 0 2 0 xs 0 0 0 T 1211121061.296000 mm 1450 582
1 T 1211121061.328000 
1 T 1211121061.361000 
2 T 1211121061.394000 mm 1446 582
2 T 1211121061.427000 mm 1439 582
2 T 1211121061.460000 mm 1433 583
2 T 1211121061.493000 mm 1429 584
2 T 1211121061.527000 mm 1386 588
2 T 1211121061.559000 mm 1308 592
2 T 1211121061.591000 mm 1230 597
2 T 1211121061.625000 mm 1183 602
2 T 1211121061.658000 mm 1172 605
1 T 1211121061.691000 
2 T 1211121061.724000 mm 1153 631
2 T 1211121061.757000 mm 1056 693
2 T 1211121061.790000 mm 832 793
2 T 1211121061.823000 mm 626 815
2 T 1211121061.856000 mm 457 837
2 T 1211121061.889000 mm 374 852
2 T 1211121061.922000 mm 351 857
2 T 1211121061.954000 mm 337 865
2 T 1211121061.988000 mm 313 885
2 T 1211121062.021000 mm 306 900
2 T 1211121062.054000 mm 300 908
2 T 1211121062.087000 mm 296 912
2 T 1211121062.120000 mm 273 935
2 T 1211121062.153000 mm 253 968
2 T 1211121062.186000 mm 251 971
1 T 1211121062.219000 
2 T 1211121062.252000 mb 1 1 251 971
1 T 1211121062.285000 
1 T 1211121062.317000 
2 T 1211121062.351000 mb 1 0 251 971
1 T 1211121062.384000 
1 T 1211121062.417000 
0  
1  mm 317 963
1  mm 356 959
1  mm 357 959
1  mm 356 959
1  mb 1 1 356 959
0  
0  
1  mb 1 0 356 959
