1209848719 seed, 30 fps, 1920x1080, fullScreen=1, version91_mouseSpeed1.000000_musicOff0_musicLoudness0.000000_webRetrySeconds16 9D45B0E2FBB967A2995A31505DB14EB418942ED9
2 T 1209848719.932000 mm 453 584
0  
1  mm 498 584
1  mm 562 593
1  mm 668 612
1  mm 786 634
1  mm 875 654
1  mm 927 662
1  mm 977 674
1  mm 1032 686
1  mm 1093 693
1  mm 1137 693
1  mm 1170 693
1  mm 1239 690
1  mm 1280 685
1  mm 1289 683
1  mm 1291 682
1  mm 1291 681
0  
0  
0  
0  
0  
0  
0  
0  
0  
0  
1  mm 1290 681
0  
0  
0  
0  
0  
0  
0  
0  
0  
0  
0  
0  
0  
0  
0  
0  
0  
0  
0  
0  
0  
0  
0  
0  
0  
0  
0  
0  
0  
0  
0  
0  
0  
0  
0  
0  
2 T 1209848723.778000 T 1209848723.782000 
1 T 1209848723.810000 
1 T 1209848723.843000 
1 T 1209848723.875000 
1 T 1209848723.910000 
1 T 1209848723.941000 
1 T 1209848723.975000 
1 T 1209848724.008000 
1 T 1209848724.041000 
1 T 1209848724.073000 
1 T 1209848724.107000 
1 T 1209848724.140000 
1 T 1209848724.173000 
1 T 1209848724.206000 
1 T 1209848724.239000 
1 T 1209848724.272000 
1 T 1209848724.304000 
1 T 1209848724.338000 
2 T 1209848724.371000 mm 1270 679
2 T 1209848724.403000 mm 1263 677
1 T 1209848724.436000 
2 T 1209848724.470000 mm 1317 640
2 T 1209848724.503000 mm 1351 614
2 T 1209848724.536000 mm 1369 599
2 T 1209848724.569000 mm 1376 593
2 T 1209848724.603000 mm 1410 576
2 T 1209848724.634000 mm 1465 560
2 T 1209848724.667000 mm 1505 550
2 T 1209848724.701000 mm 1506 549
1 T 1209848724.734000 
1 T 1209848724.766000 
1 T 1209848724.800000 
1 T 1209848724.832000 
1 T 1209848724.866000 
1 T 1209848724.899000 
1  mb 1 1 1506 549
0  
2 T 1209848725.000000 mb 1 0 1506 549
0  
1 T 1209848725.063000 
1 T 1209848725.097000 
1 T 1209848725.130000 
1 T 1209848725.163000 
1 T 1209848725.196000 
1 T 1209848725.228000 
1 T 1209848725.263000 
1 T 1209848725.294000 
1 T 1209848725.328000 
1 T 1209848725.361000 
1 T 1209848725.394000 
1 T 1209848725.426000 
1 T 1209848725.460000 
1 T 1209848725.492000 
1 T 1209848725.525000 
1 T 1209848725.559000 
1 T 1209848725.592000 
1 T 1209848725.624000 
1 T 1209848725.658000 
1 T 1209848725.691000 
1 T 1209848725.724000 
1 T 1209848725.757000 
1 T 1209848725.791000 
1 T 1209848725.822000 
1 T 1209848725.856000 
1 T 1209848725.889000 
1 T 1209848725.922000 
1 T 1209848725.954000 
1 T 1209848725.988000 
5 T 1209848726.021000 xs 0 2 17 53485554444F574E0A32312F3230300A23 xs 0 2 0 xs 0 0 7 T 1209848726.022000 
1 T 1209848726.054000 
1 T 1209848726.087000 
1 T 1209848726.120000 
1 T 1209848726.153000 
1 T 1209848726.185000 
1 T 1209848726.219000 
1 T 1209848726.251000 
1 T 1209848726.285000 
1 T 1209848726.317000 
1 T 1209848726.351000 
1 T 1209848726.385000 
1 T 1209848726.416000 
1 T 1209848726.449000 
1 T 1209848726.483000 
2 T 1209848726.515000 mm 1469 546
2 T 1209848726.549000 mm 1131 614
2 T 1209848726.582000 mm 838 667
2 T 1209848726.615000 mm 734 701
2 T 1209848726.648000 mm 670 737
2 T 1209848726.681000 mm 588 809
2 T 1209848726.715000 mm 513 847
2 T 1209848726.748000 mm 454 863
2 T 1209848726.780000 mm 408 880
2 T 1209848726.813000 mm 351 922
2 T 1209848726.845000 mm 333 941
2 T 1209848726.879000 mm 330 948
2 T 1209848726.912000 mm 323 967
2 T 1209848726.945000 mm 317 982
2 T 1209848726.978000 mm 313 993
2 T 1209848727.011000 mm 308 1003
2 T 1209848727.045000 mm 307 1004
1 T 1209848727.077000 
2 T 1209848727.111000 mm 339 972
2 T 1209848727.143000 mm 365 957
0  
0  
1  mb 1 1 365 957
0  
0  
0  
1  mb 1 0 365 957
