1208079859 seed, 30 fps, 1920x1080, fullScreen=1, version73_mouseSpeed1.000000_musicOff0_musicLoudness1.000000_webRetrySeconds16 39F5D403D9734472EB90545B8404B1BC918AF16B
2 T 1208079861.188000 mm 960 540
0  
0  
0  
0  
0  
0  
0  
0  
0  
0  
0  
0  
0  
0  
0  
0  
0  
0  
0  
0  
0  
0  
0  
0  
0  
0  
0  
0  
0  
0  
0  
0  
0  
0  
1  mm 1602 597
0  
0  
1  mm 1604 596
0  
0  
0  
0  
0  
0  
0  
0  
0  
0  
0  
0  
0  
0  
0  
0  
0  
0  
0  
0  
0  
0  
0  
0  
0  
3 T 1208079864.799000 T 1208079864.802000 mm 1605 596
2 t 1208079864 mm 1597 596
1 wb 0 0 
1 wb 0 0 
1 wb 0 0 
1 wb 0 0 
1 wb 0 0 
2 wb 0 0 t 1208079865 
1 wb 0 0 
1 wb 0 0 
1 wb 0 0 
1 wb 0 0 
1 wb 0 0 
1 wb 0 0 
1 wb 0 0 
1 wb 0 0 
1 wb 0 0 
1 wb 0 0 
1 wb 0 0 
1 wb 0 0 
1 wb 0 0 
1 wb 0 0 
1 wb 0 0 
1 wb 0 0 
1 wb 0 0 
4 wb 0 1 wb 0 2 87 server1.onehouronelife.com
8005
73
http://onehouronelife.com/updateServer/server.php
OK wb 0 2 87 server1.onehouronelife.com
8005
73
http://onehouronelife.com/updateServer/server.php
OK T 1208079865.624000 
0  
1 T 1208079865.899000 
1 T 1208079865.933000 
1 T 1208079865.965000 
1 T 1208079865.998000 
1 T 1208079866.032000 
1 T 1208079866.064000 
1 T 1208079866.097000 
1 T 1208079866.131000 
1 T 1208079866.163000 
1 T 1208079866.197000 
1 T 1208079866.230000 
1 T 1208079866.262000 
1 T 1208079866.296000 
1 T 1208079866.328000 
1 T 1208079866.361000 
1 T 1208079866.394000 
1 T 1208079866.427000 
1 T 1208079866.460000 
1 T 1208079866.493000 
1 T 1208079866.527000 
1 T 1208079866.559000 
1 T 1208079866.592000 
2 T 1208079866.625000 xs 0 2 0 
4 T 1208079866.659000 xs 0 2 21 534E0A33392F34300A313237333730360A37330A23 xs 0 2 0 xs 0 0 169 
2 T 1208079866.691000 xs 0 2 0 
2 T 1208079866.724000 xs 0 2 0 
2 T 1208079866.758000 xs 0 2 0 
2 T 1208079866.790000 xs 0 2 0 
2 T 1208079866.824000 xs 0 2 0 
2 T 1208079866.857000 xs 0 2 0 
2 T 1208079866.889000 xs 0 2 0 
2 T 1208079866.922000 xs 0 2 0 
2 T 1208079866.956000 xs 0 2 0 
2 T 1208079866.989000 xs 0 2 0 
2 T 1208079867.021000 xs 0 2 0 
4 T 1208079867.055000 xs 0 2 10 52454A45435445440A23 xs 0 3 -1 T 1208079867.057000 
1 T 1208079867.089000 
1 T 1208079867.121000 
1 T 1208079867.154000 
1 T 1208079867.187000 
1 T 1208079867.221000 
1 T 1208079867.253000 
1 T 1208079867.287000 
1 T 1208079867.319000 
1 T 1208079867.353000 
1 T 1208079867.386000 
1 T 1208079867.418000 
1 T 1208079867.451000 
1 T 1208079867.485000 
1 T 1208079867.517000 
1 T 1208079867.550000 
1 T 1208079867.583000 
2 T 1208079867.617000 mm 1584 593
2 T 1208079867.649000 mm 1568 591
2 T 1208079867.682000 mm 1567 589
1 T 1208079867.715000 
1 T 1208079867.749000 
2 T 1208079867.781000 mm 1564 589
2 T 1208079867.814000 mm 1543 580
2 T 1208079867.846000 mm 1519 573
2 T 1208079867.880000 mm 1503 569
2 T 1208079867.913000 mm 1502 568
1 T 1208079867.946000 
1 T 1208079867.979000 
1 T 1208079868.011000 
2 T 1208079868.045000 mm 1501 566
1 T 1208079868.078000 
1 T 1208079868.111000 
2 T 1208079868.144000 mm 1494 562
2 T 1208079868.177000 mm 1454 559
1  mm 1428 557
1  mm 1423 556
0  
0  
0  
0  
0  
0  
0  
0  
0  
0  
1  mm 1422 553
1  mm 1422 550
1  mm 1422 548
1  mm 1422 544
1  mm 1422 534
1  mm 1422 523
1  mm 1423 508
1  mm 1404 476
1  mm 1383 453
1  mm 1366 439
1  mm 1355 433
1  mm 1324 419
1  mm 1283 412
1  mm 1239 405
1  mm 1219 402
1  mm 1217 401
0  
1  mb 1 1 1217 401
0  
0  
0  
1  mb 1 0 1217 401
0  
0  
1  mm 1213 389
1  mm 1203 368
2 T 1208079869.464000 mm 1187 344
1  mm 1186 342
1  mb 1 1 1186 342
0  
0  
0  
1  mb 1 0 1186 342
0  
0  
0  
0  
0  
0  
0  
0  
0  
0  
0  
0  
0  
0  
0  
1  mm 1196 342
1  mm 1241 352
1  mm 1287 361
1  mm 1318 371
1  mm 1331 377
1  mm 1345 384
1  mm 1360 394
1  mm 1372 399
1  mm 1382 406
1  mm 1397 414
1  mm 1414 425
1  mm 1422 431
0  
0  
1  mm 1422 434
1  mm 1424 440
1  mm 1425 444
1  mm 1425 450
1  mm 1425 455
1  mm 1425 461
1  mm 1425 463
1  mm 1425 466
0  
0  
0  
1  mm 1425 468
1  mm 1425 469
0  
0  
0  
0  
0  
0  
0  
0  
0  
0  
0  
0  
0  
0  
0  
1  mm 1433 466
1  mm 1462 452
1  mm 1465 452
0  
0  
0  
0  
0  
0  
0  
0  
1  mm 1464 454
1  mm 1462 457
0  
1  mm 1460 457
1  mm 1445 457
1  mm 1414 447
1  mm 1364 423
1  mm 1301 396
1  mm 1244 369
1  mm 1205 352
1  mm 1186 341
1  mm 1180 336
1  mm 1179 335
0  
1  mm 1179 333
0  
1  mm 1180 332
0  
1  mm 1181 332
1  mb 1 1 1181 332
0  
0  
0  
2  mb 1 0 1181 337 mm 1181 343
1  mm 1182 349
2 T 1208079872.764000 mm 1183 353
0  
0  
0  
1  mb 1 1 1183 353
0  
0  
0  
1  mb 1 0 1183 353
0  
0  
0  
0  
0  
0  
0  
0  
0  
0  
0  
1  kd 8 1183 353
0  
0  
0  
0  
1  ku 8 1183 353
0  
0  
0  
0  
0  
0  
0  
0  
0  
0  
0  
0  
0  
0  
0  
0  
0  
0  
0  
0  
0  
0  
1  kd 109 1183 353
0  
0  
1  ku 109 1183 353
0  
0  
0  
0  
0  
0  
0  
0  
0  
0  
0  
0  
0  
0  
0  
0  
0  
0  
0  
0  
0  
0  
0  
0  
0  
0  
0  
0  
0  
0  
0  
0  
0  
0  
0  
0  
0  
0  
0  
0  
0  
0  
0  
0  
1  mm 1183 354
0  
1  mm 1183 356
1  mm 1183 368
2 T 1208079876.066000 mm 1183 385
1  mm 1190 409
1  mm 1197 427
1  mm 1200 440
1  mm 1200 448
1  mm 1197 456
1  mm 1179 467
1  mm 1134 487
1  mm 1110 503
1  mm 1100 508
1  mm 1090 514
1  mm 1078 523
1  mm 1070 529
1  mm 1065 535
1  mm 1054 540
1  mm 1046 541
1  mm 1039 543
1  mm 1035 544
1  mm 1031 544
0  
0  
0  
0  
0  
0  
0  
0  
0  
0  
0  
0  
0  
0  
0  
0  
0  
0  
0  
0  
0  
0  
0  
0  
0  
0  
0  
0  
0  
0  
0  
0  
0  
0  
0  
0  
0  
0  
0  
0  
0  
0  
0  
0  
0  
0  
0  
0  
0  
0  
0  
0  
0  
0  
0  
0  
0  
0  
0  
0  
0  
0  
0  
0  
0  
0  
0  
0  
0  
0  
0  
0  
0  
0  
0  
0  
0  
0  
0  
0  
0  
1 T 1208079879.368000 
0  
0  
0  
0  
0  
0  
0  
0  
0  
0  
0  
0  
0  
0  
0  
0  
0  
0  
0  
0  
0  
0  
0  
0  
0  
0  
0  
0  
0  
0  
0  
0  
0  
0  
0  
0  
0  
0  
0  
0  
0  
0  
0  
0  
0  
0  
0  
0  
0  
0  
0  
0  
0  
0  
0  
0  
0  
0  
0  
0  
0  
0  
0  
0  
0  
0  
0  
0  
0  
0  
0  
0  
0  
0  
0  
0  
0  
0  
0  
0  
0  
0  
0  
0  
0  
0  
0  
0  
0  
0  
0  
0  
0  
0  
0  
0  
0  
0  
0  
1 T 1208079882.669000 
0  
0  
0  
0  
0  
0  
0  
0  
0  
0  
0  
0  
0  
0  
0  
0  
0  
0  
0  
0  
0  
0  
0  
0  
0  
0  
0  
0  
0  
0  
0  
0  
0  
0  
0  
0  
0  
0  
0  
0  
0  
0  
0  
0  
0  
0  
0  
0  
0  
0  
0  
0  
0  
0  
0  
0  
0  
0  
0  
0  
0  
0  
0  
0  
0  
0  
0  
1  mm 881 570
1  mm 869 569
1  mm 858 560
1  mm 852 560
1  mm 851 560
1  mm 853 566
1  mm 867 567
1  mm 901 561
1  mm 961 550
1  mm 1020 530
1  mm 1042 514
1  mm 1049 500
1  mm 1052 484
1  mm 1054 463
1  mm 1053 411
1  mm 1066 366
1  mm 1086 346
1  mm 1100 341
1  mm 1108 339
1  mm 1117 336
1  mm 1124 335
1  mm 1127 332
1  mm 1131 331
0  
1  mm 1139 332
1  mm 1148 348
1  mm 1173 397
1  mm 1182 422
1  mm 1189 437
1  mm 1192 447
1  mm 1195 463
1  mm 1198 502
2 T 1208079885.969000 mm 1199 531
1  mm 1199 542
1  mm 1199 548
1  mm 1194 553
1  mm 1183 554
1  mm 1181 554
0  
0  
1  mb 1 1 1181 554
0  
0  
1  mb 1 0 1181 554
0  
0  
0  
0  
0  
0  
0  
0  
0  
0  
0  
0  
0  
0  
0  
1  mm 1164 555
1  mm 1117 556
1  mm 1039 555
1  mm 969 549
1  mm 929 546
1  mm 907 546
1  mm 897 546
1  mm 881 546
1  mm 861 546
1  mm 838 546
1  mm 834 546
0  
1  mm 836 546
1  mm 883 536
1  mm 963 528
1  mm 993 528
1  mm 1002 528
0  
0  
1  mb 1 1 1002 528
0  
0  
1  mb 1 0 1002 528
0  
0  
0  
1  mb 1 1 1002 528
0  
0  
1  mb 1 0 1002 528
0  
0  
0  
0  
0  
0  
0  
0  
0  
1  sd 113 1002 528
0  
0  
0  
0  
0  
0  
0  
0  
0  
0  
0  
0  
0  
0  
0  
0  
0  
0  
0  
0  
0  
0  
0  
0  
0  
0  
0  
0  
0  
0  
0  
0  
0  
1 T 1208079889.268000 
0  
0  
0  
0  
0  
0  
0  
1  kd 79 1002 528
0  
0  
0  
0  
1  ku 79 1002 528
0  
1  kd 79 1002 528
0  
0  
1  ku 79 1002 528
1  kd 79 1002 528
0  
0  
1  mm 1060 556
1  mm 1112 575
1  mm 1157 596
1  mm 1209 630
1  mm 1254 670
2  ku 79 1283 717 mm 1283 717
2  su 113 1308 769 mm 1308 769
1  mm 1323 809
1  mm 1327 843
1  mm 1292 863
1  mm 1227 891
1  mm 1135 923
1  mm 1070 945
1  mm 1039 960
1  mm 1021 967
1  mm 1014 973
1  mm 1013 973
0  
0  
0  
0  
0  
0  
0  
0  
0  
1  mm 982 973
1  mm 911 967
1  mm 783 950
1  mm 714 941
1  mm 661 940
1  mm 609 943
1  mm 561 948
1  mm 498 957
1  mm 436 961
1  mm 377 961
1  mm 348 961
1  mm 346 961
0  
1  mb 1 1 346 961
0  
0  
1  mb 1 0 346 961
