1209301583 seed, 30 fps, 1920x1080, fullScreen=1, version85_mouseSpeed1.000000_musicOff0_musicLoudness0.000000_webRetrySeconds16 F17B59E58BBFD43B1B61AA3C6B99740C46E72D6B
2 T 1209301585.541000 mm 960 540
0  
0  
0  
0  
0  
0  
0  
0  
0  
0  
0  
0  
0  
0  
0  
0  
0  
0  
0  
0  
0  
0  
0  
0  
0  
0  
0  
0  
0  
0  
0  
0  
0  
0  
0  
0  
0  
0  
0  
0  
0  
0  
0  
0  
0  
0  
0  
0  
0  
0  
0  
0  
0  
0  
0  
0  
0  
0  
0  
0  
0  
0  
0  
2 T 1209301589.444000 T 1209301589.447000 
1 T 1209301589.476000 
1 T 1209301589.510000 
1 T 1209301589.543000 
1 T 1209301589.576000 
1 T 1209301589.609000 
1 T 1209301589.641000 
1 T 1209301589.675000 
1 T 1209301589.708000 
1 T 1209301589.741000 
1 T 1209301589.775000 
1 T 1209301589.807000 
1 T 1209301589.840000 
1 T 1209301589.874000 
1 T 1209301589.905000 
1 T 1209301589.939000 
1 T 1209301589.972000 
1 T 1209301590.006000 
1 T 1209301590.038000 
1 T 1209301590.071000 
1 T 1209301590.104000 
1 T 1209301590.137000 
1 T 1209301590.170000 
1 T 1209301590.203000 
1 T 1209301590.236000 
1 T 1209301590.270000 
1 T 1209301590.302000 
1 T 1209301590.335000 
1 T 1209301590.368000 
1 T 1209301590.401000 
1 T 1209301590.435000 
1 T 1209301590.467000 
1 T 1209301590.500000 
1 T 1209301590.533000 
1 T 1209301590.566000 
1 T 1209301590.598000 
0  
0  
0  
0  
0  
0  
0  
0  
0  
0  
0  
0  
0  
0  
0  
0  
0  
0  
0  
0  
0  
0  
0  
0  
0  
0  
0  
0  
0  
0  
0  
0  
0  
0  
0  
0  
0  
0  
1  mm 926 566
1  mm 819 625
1  mm 636 729
1  mm 411 851
1  mm 250 922
1  mm 194 929
1  mm 190 929
0  
0  
0  
1  mm 191 932
1  mm 207 932
1  mm 254 932
0  
1  mm 257 932
1  mm 276 954
1  mm 282 958
1  mm 283 959
0  
1  mm 291 960
1  mm 302 960
1  mm 313 960
1  mm 330 957
1  mm 351 948
1  mm 392 930
1  mm 493 877
1  mm 702 787
1  mm 1023 658
1  mm 1247 586
1  mm 1380 558
1  mm 1489 548
1  mm 1560 545
1  mm 1625 543
1  mm 1667 542
1  mm 1669 542
0  
0  
0  
1  mm 1667 543
1  mm 1657 549
1  mm 1651 551
1  mm 1646 551
1  mm 1640 551
1  mm 1636 551
1  mm 1632 551
1  mm 1592 551
1  mm 1466 571
1  mm 1180 644
1  mm 934 751
1  mm 727 853
1  mm 545 930
1  mm 412 968
1  mm 358 978
1  mm 339 983
1  mm 325 988
0  
1  mm 324 989
0  
0  
0  
0  
1 T 1209301593.898000 
0  
1  mm 326 982
0  
0  
1  mm 330 977
2  mm 336 967 mm 339 965
1  mm 342 961
0  
0  
0  
0  
0  
0  
0  
0  
0  
0  
0  
0  
1  mb 1 1 342 961
0  
0  
1  mb 1 0 342 961
