1211465014 seed, 30 fps, 1920x1080, fullScreen=1, version30000_mouseSpeed1.000000_musicOff0_musicLoudness0.000000_webRetrySeconds16 B6F8F43F97F7D2FE50F3C1DF1E9C07E120042F41
2 T 1211465016.012000 mm 960 540
0  
0  
0  
0  
0  
0  
0  
0  
0  
0  
0  
0  
0  
0  
0  
0  
0  
0  
0  
0  
0  
0  
0  
0  
0  
0  
0  
0  
0  
0  
0  
0  
0  
0  
0  
0  
0  
0  
0  
0  
0  
0  
0  
0  
0  
0  
0  
0  
0  
0  
0  
0  
0  
0  
0  
0  
0  
0  
0  
0  
0  
0  
0  
0  
3 T 1211465025.592000 T 1211465025.596000 mm 1556 269
2 T 1211465025.624000 mm 1626 198
2 T 1211465025.657000 mm 1648 179
1 T 1211465025.690000 
1 T 1211465025.723000 
1 T 1211465025.756000 
1 T 1211465025.789000 
1 T 1211465025.822000 
1 T 1211465025.855000 
1 T 1211465025.888000 
1 T 1211465025.922000 
1 T 1211465025.954000 
1 T 1211465025.987000 
2 T 1211465026.020000 mm 1649 195
2 T 1211465026.054000 mm 1651 211
2 T 1211465026.087000 mm 1653 248
2 T 1211465026.120000 mm 1674 349
2 T 1211465026.153000 mm 1691 488
2 T 1211465026.185000 mm 1649 620
2 T 1211465026.218000 mm 1626 641
2 T 1211465026.252000 mm 1616 640
2 T 1211465026.285000 mm 1568 617
2 T 1211465026.318000 mm 1524 592
2 T 1211465026.351000 mm 1505 573
2 T 1211465026.385000 mm 1495 544
2 T 1211465026.417000 mm 1491 527
2 T 1211465026.450000 mm 1491 525
1 T 1211465026.482000 
2 T 1211465026.516000 mm 1496 517
2 T 1211465026.548000 mm 1502 512
2 T 1211465026.582000 mm 1504 510
1 T 1211465026.615000 
1 T 1211465026.648000 
2 T 1211465026.681000 mm 1505 510
4 T 1211465026.713000 R T 1211465026.714000 mm 1514 507
1  mm 1522 506
1  mm 1527 506
0  
0  
0  
0  
0  
1  mm 1532 505
1  mm 1533 504
1  mb 1 1 1533 504
1  md 1534 504
0  
2 T 1211465027.146000 mb 1 0 1534 504
0  
2 T 1211465027.286000 mm 1579 504
2 T 1211465027.321000 mm 1627 504
2 T 1211465027.352000 mm 1656 505
2 T 1211465027.386000 mm 1657 505
1 T 1211465027.419000 
1 T 1211465027.452000 
1 T 1211465027.486000 
1 T 1211465027.518000 
1 T 1211465027.552000 
1 T 1211465027.584000 
1 T 1211465027.617000 
1 T 1211465027.649000 
1 T 1211465027.684000 
1 T 1211465027.715000 
1 T 1211465027.749000 
1 T 1211465027.782000 
1 T 1211465027.816000 
1 T 1211465027.848000 
1 T 1211465027.882000 
1 T 1211465027.914000 
1 T 1211465027.947000 
1 T 1211465027.980000 
2 T 1211465028.012000 mm 1673 501
2 T 1211465028.046000 mm 1698 487
1 T 1211465028.079000 
1 T 1211465028.112000 
1 T 1211465028.145000 
8 T 1211465028.178000 xs 0 2 19 534E0A302F3230300A38350A33303030300A23 xs 0 2 0 R R xs 0 0 7 T 1211465028.182000 xs 0 0 169 
3 T 1211465028.210000 xs 0 2 0 R 
3 T 1211465028.243000 xs 0 2 0 R 
4 T 1211465028.277000 xs 0 2 0 R mm 1698 486
4 T 1211465028.310000 xs 0 2 0 R mm 1696 486
6 T 1211465028.342000 xs 0 2 10 41434345505445440A23 xs 0 3 -1 R R T 1211465028.346000 
1 T 1211465028.378000 
1 T 1211465028.409000 
1 T 1211465028.441000 
1 T 1211465028.474000 
1 T 1211465028.508000 
1 T 1211465028.542000 
1 T 1211465028.575000 
1 T 1211465028.607000 
1 T 1211465028.641000 
1 T 1211465028.675000 
1 T 1211465028.707000 
2 T 1211465028.740000 mm 1643 479
2 T 1211465028.773000 mm 1622 473
2 T 1211465028.807000 mm 1621 473
2 T 1211465028.839000 mm 1603 477
2 T 1211465028.873000 mm 1570 493
2 T 1211465028.905000 mm 1549 499
2 T 1211465028.938000 mm 1548 499
1 T 1211465028.971000 
1 T 1211465029.003000 
1 T 1211465029.037000 
2 T 1211465029.069000 mm 1457 453
2 T 1211465029.104000 mm 1299 353
2 T 1211465029.136000 mm 1140 230
2 T 1211465029.168000 mm 1033 135
2 T 1211465029.203000 mm 1012 111
1 T 1211465029.234000 
2 T 1211465029.268000 mm 1008 109
2 T 1211465029.301000 mm 997 106
2 T 1211465029.333000 mm 996 106
1 T 1211465029.366000 
2 T 1211465029.401000 mm 986 115
2 T 1211465029.433000 mm 888 230
2 T 1211465029.466000 mm 773 357
1  mm 648 525
1  mm 543 687
1  mm 505 744
1  mm 487 781
1  mm 448 853
1  mm 413 909
1  mm 405 923
1  mm 403 928
1  mm 395 943
1  mm 392 950
1  mm 383 964
1  mm 368 983
1  mm 366 987
0  
0  
0  
0  
0  
2 T 1211465030.092000 R 
0  
0  
0  
0  
0  
0  
0  
0  
0  
0  
0  
0  
0  
0  
0  
0  
1  mb 1 1 366 987
0  
0  
0  
0  
0  
0  
0  
1  mb 1 0 366 987
