1207869409 seed, 30 fps, 1920x1080, fullScreen=1, version73_mouseSpeed1.000000_musicOff0_musicLoudness1.000000_webRetrySeconds16 39F5D403D9734472EB90545B8404B1BC918AF16B
2 T 1207869410.806000 mm 1568 384
0  
1  mm 1519 365
1  mm 1499 359
0  
1  mm 1480 352
1  mm 1447 343
1  mm 1420 336
1  mm 1405 329
1  mm 1403 328
1  mm 1403 327
0  
0  
0  
0  
0  
0  
0  
0  
0  
0  
0  
0  
0  
0  
0  
0  
0  
0  
0  
0  
0  
0  
0  
0  
1  mm 1402 327
0  
0  
0  
0  
0  
0  
0  
0  
0  
0  
0  
0  
0  
0  
0  
0  
0  
0  
0  
0  
0  
0  
0  
0  
0  
0  
0  
0  
2 T 1207869413.387000 T 1207869413.389000 
1 T 1207869413.390000 
0  
1 T 1207869413.394000 
1 T 1207869413.412000 
1 T 1207869413.428000 
1 T 1207869413.444000 
1 T 1207869413.461000 
1 T 1207869413.478000 
1 T 1207869413.495000 
1 T 1207869413.511000 
1 T 1207869413.528000 
1 T 1207869413.545000 
1 T 1207869413.561000 
1 T 1207869413.578000 
1 T 1207869413.595000 
1 T 1207869413.611000 
1 T 1207869413.628000 
1 T 1207869413.645000 
1 T 1207869413.661000 
1 T 1207869413.678000 
1 T 1207869413.695000 
1 T 1207869413.711000 
1 T 1207869413.728000 
1 T 1207869413.745000 
1 T 1207869413.762000 
1 T 1207869413.778000 
1 T 1207869413.795000 
1 T 1207869413.811000 
1 T 1207869413.828000 
1 T 1207869413.845000 
1 T 1207869413.861000 
1 T 1207869413.878000 
1 T 1207869413.894000 
1 T 1207869413.911000 
2 T 1207869413.927000 T 1207869413.928000 
1 T 1207869413.945000 
1 T 1207869413.961000 
1 T 1207869413.978000 
1 T 1207869413.995000 
2 T 1207869414.012000 mm 1404 327
1 T 1207869414.028000 
2 T 1207869414.045000 mm 1406 327
2 T 1207869414.062000 mm 1408 328
1 T 1207869414.078000 
2 T 1207869414.095000 mm 1409 328
2 T 1207869414.112000 mm 1412 330
2 T 1207869414.129000 mm 1416 331
2 T 1207869414.145000 mm 1418 332
2 T 1207869414.162000 mm 1419 333
1 T 1207869414.178000 
2 T 1207869414.195000 mm 1419 334
1 T 1207869414.211000 
1 T 1207869414.228000 
1 T 1207869414.245000 
1 T 1207869414.261000 
1 T 1207869414.278000 
1 T 1207869414.295000 
1 T 1207869414.311000 
1 T 1207869414.328000 
1 T 1207869414.344000 
1 T 1207869414.361000 
1 T 1207869414.378000 
1 T 1207869414.394000 
1 T 1207869414.411000 
1 T 1207869414.428000 
1 T 1207869414.444000 
1 T 1207869414.461000 
1 T 1207869414.478000 
1 T 1207869414.495000 
1  mm 1423 328
1  mm 1432 315
1  mm 1438 306
1  mm 1440 300
1  mm 1441 297
1  mm 1441 292
0  
1  mm 1441 291
0  
0  
0  
0  
0  
0  
0  
0  
0  
0  
0  
0  
0  
0  
0  
1  mm 1436 286
1  mm 1430 283
1  mm 1429 283
1  mm 1428 282
0  
1  mm 1426 280
1  mm 1422 278
0  
0  
0  
0  
0  
0  
0  
0  
0  
1  mm 1416 276
1  mm 1407 270
1  mm 1402 267
1  mm 1401 267
1  mm 1382 262
1  mm 1297 248
1  mm 1204 228
1  mm 1153 219
1  mm 1119 218
1  mm 1091 218
1  mm 1066 217
1  mm 1049 214
1  mm 1048 214
1  mm 1046 214
1  mm 1034 214
1  mm 1007 211
1  mm 982 210
1  mm 956 209
1  mm 955 208
0  
0  
0  
0  
0  
0  
1  mb 1 1 955 208
1 T 1207869416.244000 
0  
0  
1  mb 1 0 955 208
