1208626710 seed, 30 fps, 1920x1080, fullScreen=1, version76_mouseSpeed1.000000_musicOff0_musicLoudness0.000000_webRetrySeconds16 71CDD12E2797017794558BAE0EFC43B73849E75A
3 T 1208626711.175000 mm 762 532 mm 758 533
0  
1  mm 1180 504
0  
0  
0  
0  
0  
0  
0  
0  
0  
0  
0  
0  
0  
0  
0  
0  
0  
0  
0  
0  
0  
0  
0  
0  
0  
0  
0  
0  
0  
0  
0  
0  
0  
0  
0  
0  
0  
0  
0  
0  
0  
0  
0  
0  
0  
0  
0  
0  
0  
0  
0  
0  
0  
0  
0  
0  
0  
0  
0  
0  
0  
2 T 1208626714.944000 T 1208626714.948000 
1 T 1208626714.976000 
1 T 1208626715.008000 
2 T 1208626715.042000 mm 1180 505
2 T 1208626715.075000 mm 1179 505
1 T 1208626715.108000 
1 T 1208626715.182000 
1 T 1208626715.217000 
1 T 1208626715.248000 
2 T 1208626715.282000 mm 1177 515
2 T 1208626715.315000 mm 1170 574
2 T 1208626715.349000 mm 1145 630
2 T 1208626715.381000 mm 1075 688
2 T 1208626715.414000 mm 980 721
2 T 1208626715.447000 mm 829 769
2 T 1208626715.480000 mm 649 842
2 T 1208626715.513000 mm 563 885
2 T 1208626715.546000 mm 511 924
2 T 1208626715.579000 mm 461 944
2 T 1208626715.612000 mm 378 960
2 T 1208626715.645000 mm 329 965
2 T 1208626715.678000 mm 317 968
1 T 1208626715.711000 
1 T 1208626715.743000 
1 T 1208626715.776000 
2 T 1208626715.810000 mm 319 969
2 T 1208626715.843000 mb 1 1 319 969
1 T 1208626715.876000 
1 T 1208626715.909000 
1 T 1208626715.942000 
1  mb 1 0 319 969
