1209681733 seed, 30 fps, 1920x1080, fullScreen=1, version89_mouseSpeed1.000000_musicOff0_musicLoudness0.000000_webRetrySeconds16 051479CA4954BD38774A47614274DFCB41698172
2 T 1209681734.236000 mm 1151 391
0  
1  mm 1275 494
0  
0  
0  
0  
1  mm 1260 497
1  mm 1237 498
1  mm 1221 498
1  mm 1213 498
1  mm 1208 498
0  
0  
0  
0  
0  
0  
0  
0  
0  
0  
0  
0  
0  
0  
0  
0  
0  
1  mm 1207 498
1  mm 1214 498
1  mm 1218 498
1  mm 1218 497
0  
0  
1  mm 1217 602
1  mm 1219 601
0  
0  
0  
0  
0  
1  mm 1220 601
1  mm 1241 599
1  mm 1258 597
1  mm 1263 595
1  mm 1264 594
1  mm 1269 587
1  mm 1278 576
1  mm 1281 572
1  mm 1282 570
1  mm 1297 566
1  mm 1331 555
1  mm 1354 552
1  mm 1368 547
1  mm 1376 542
1  mm 1376 540
0  
0  
0  
1  mm 1375 540
0  
0  
0  
2 T 1209681737.906000 T 1209681737.909000 
1 T 1209681737.939000 
2 T 1209681737.971000 mm 1361 537
2 T 1209681738.004000 mm 1347 537
2 T 1209681738.038000 mm 1339 542
2 T 1209681738.071000 mm 1337 554
2 T 1209681738.103000 mm 1336 574
2 T 1209681738.137000 mm 1336 587
2 T 1209681738.170000 mm 1351 599
2 T 1209681738.203000 mm 1371 602
2 T 1209681738.237000 mm 1391 602
2 T 1209681738.269000 mm 1402 596
2 T 1209681738.303000 mm 1408 589
2 T 1209681738.334000 mm 1408 574
2 T 1209681738.367000 mm 1407 563
2 T 1209681738.403000 mm 1404 562
1 T 1209681738.433000 
2 T 1209681738.466000 mm 1406 560
2 T 1209681738.500000 mm 1423 558
2 T 1209681738.532000 mm 1449 551
2 T 1209681738.565000 mm 1462 548
2 T 1209681738.600000 mm 1473 544
2 T 1209681738.631000 mm 1482 542
2 T 1209681738.664000 mm 1490 540
2 T 1209681738.698000 mm 1496 540
2 T 1209681738.730000 mm 1496 539
2 T 1209681738.764000 mm 1499 539
2 T 1209681738.796000 mm 1503 539
2 T 1209681738.830000 mm 1504 537
1 T 1209681738.863000 
1 T 1209681738.895000 
1 T 1209681738.929000 
1 T 1209681738.962000 
1 T 1209681738.995000 
2 T 1209681739.028000 mb 1 1 1504 537
1 T 1209681739.060000 
0  
1  mb 1 0 1504 537
0  
0  
1  mb 1 1 1504 537
0  
0  
2 t 1209681739 mb 1 0 1504 537
1 wb 0 0 
1 wb 0 0 
1 wb 0 0 
1 wb 0 0 
1 wb 0 0 
1 wb 0 0 
1 wb 0 0 
1 wb 0 0 
1 wb 0 0 
1 wb 0 0 
1 wb 0 0 
1 wb 0 0 
1 wb 0 0 
1 wb 0 0 
1 wb 0 0 
1 wb 0 0 
4 wb 0 1 wb 0 2 87 server1.onehouronelife.com
8005
89
http://onehouronelife.com/updateServer/server.php
OK wb 0 2 87 server1.onehouronelife.com
8005
89
http://onehouronelife.com/updateServer/server.php
OK T 1209681739.886000 
0  
1 T 1209681739.951000 
1 T 1209681739.984000 
1 T 1209681740.018000 
1 T 1209681740.051000 
1 T 1209681740.083000 
1 T 1209681740.117000 
1 T 1209681740.149000 
1 T 1209681740.183000 
1 T 1209681740.216000 
1 T 1209681740.248000 
1 T 1209681740.281000 
1 T 1209681740.315000 
1 T 1209681740.347000 
1 T 1209681740.382000 
1 T 1209681740.413000 
1 T 1209681740.447000 
1 T 1209681740.480000 
1 T 1209681740.512000 
1 T 1209681740.546000 
1 T 1209681740.579000 
1 T 1209681740.611000 
1 T 1209681740.645000 
1 T 1209681740.677000 
1 T 1209681740.711000 
1 T 1209681740.743000 
1 T 1209681740.777000 
1 T 1209681740.810000 
1 T 1209681740.842000 
1 T 1209681740.876000 
6 T 1209681740.908000 xs 0 2 22 534E0A33382F3230300A313834313036390A38390A23 xs 0 2 0 xs 0 0 7 T 1209681740.909000 xs 0 0 169 
2 T 1209681740.942000 xs 0 2 0 
2 T 1209681740.975000 xs 0 2 0 
2 T 1209681741.007000 xs 0 2 0 
2 T 1209681741.041000 xs 0 2 0 
2 T 1209681741.074000 xs 0 2 0 
2 T 1209681741.106000 xs 0 2 0 
2 T 1209681741.141000 xs 0 2 0 
4 T 1209681741.172000 xs 0 2 10 52454A45435445440A23 xs 0 3 -1 T 1209681741.174000 
1 T 1209681741.205000 
1 T 1209681741.239000 
1 T 1209681741.271000 
1 T 1209681741.305000 
1 T 1209681741.338000 
1 T 1209681741.371000 
1 T 1209681741.404000 
1 T 1209681741.437000 
1 T 1209681741.469000 
1 T 1209681741.504000 
1 T 1209681741.537000 
1 T 1209681741.569000 
1 T 1209681741.601000 
1 T 1209681741.634000 
1 T 1209681741.668000 
1 T 1209681741.701000 
1 T 1209681741.733000 
1 T 1209681741.766000 
1 T 1209681741.800000 
1 T 1209681741.833000 
1 T 1209681741.865000 
1 T 1209681741.899000 
1 T 1209681741.931000 
1 T 1209681741.964000 
1 T 1209681741.997000 
1 T 1209681742.031000 
1 T 1209681742.063000 
1 T 1209681742.096000 
1 T 1209681742.130000 
1 T 1209681742.162000 
1 T 1209681742.195000 
1 T 1209681742.229000 
1 T 1209681742.262000 
1 T 1209681742.294000 
0  
1 T 1209681742.361000 
0  
0  
0  
0  
0  
0  
0  
0  
0  
0  
0  
0  
0  
0  
0  
0  
0  
0  
0  
0  
0  
0  
0  
0  
0  
0  
0  
0  
0  
0  
0  
0  
0  
0  
0  
0  
0  
0  
0  
0  
0  
0  
0  
0  
0  
0  
0  
0  
0  
0  
0  
0  
0  
0  
0  
0  
0  
0  
0  
0  
0  
0  
0  
0  
0  
0  
0  
1  mm 1502 537
1  mm 1490 538
1  mm 1484 538
1  mm 1483 539
0  
0  
0  
0  
0  
0  
0  
0  
1  mm 1490 543
1  mm 1527 554
1  mm 1552 558
1  mm 1554 559
0  
0  
1  mm 1543 560
1  mm 1495 564
1  mm 1423 568
1  mm 1360 577
1  mm 1180 628
1  mm 903 708
1  mm 696 783
1  mm 602 818
1  mm 561 842
1  mm 536 855
1  mm 524 858
1  mm 507 859
1  mm 495 864
1  mm 493 864
2 T 1209681745.660000 mm 491 867
1  mm 490 868
0  
1  mm 572 833
1  mm 758 768
1  mm 1056 648
1  mm 1268 575
1  mm 1385 539
1  mm 1427 519
1  mm 1461 490
1  mm 1504 469
1  mm 1550 463
1  mm 1557 463
0  
1  mm 1558 475
1  mm 1557 512
1  mm 1540 536
1  mm 1495 540
1  mm 1428 525
1  mm 1293 466
1  mm 1162 432
1  mm 1100 442
1  mm 1072 516
1  mm 1072 594
1  mm 1070 608
1  mm 1070 611
1  mm 1068 613
0  
0  
0  
0  
0  
0  
0  
0  
0  
0  
0  
0  
0  
0  
0  
0  
0  
0  
0  
0  
0  
0  
0  
0  
0  
0  
0  
1  mm 1069 612
1  mm 1101 605
1  mm 1176 595
1  mm 1354 568
0  
0  
0  
0  
0  
0  
0  
0  
0  
0  
0  
0  
0  
0  
0  
0  
0  
0  
0  
0  
0  
0  
0  
0  
0  
0  
0  
0  
0  
0  
0  
0  
0  
0  
0  
0  
0  
0  
0  
0  
0  
0  
1 T 1209681749.070000 
0  
0  
0  
0  
0  
0  
0  
0  
0  
0  
1  mm 1428 1079
0  
0  
0  
1  mm 1415 1063
1  mm 1391 1019
1  mm 1360 908
1  mm 1346 770
1  mm 1358 656
1  mm 1408 602
1  mm 1455 560
1  mm 1496 527
1  mm 1510 512
0  
0  
1  mm 1511 511
1  mm 1533 511
1  mm 1546 511
1  mm 1554 515
1  mm 1555 516
0  
0  
0  
0  
1  mb 1 1 1555 516
0  
0  
0  
2 t 1209681750 mb 1 0 1555 516
1 wb 1 0 
1 wb 1 0 
1 wb 1 0 
1 wb 1 0 
1 wb 1 0 
1 wb 1 0 
1 wb 1 0 
1 wb 1 0 
1 wb 1 0 
1 wb 1 0 
1 wb 1 0 
1 wb 1 0 
1 wb 1 0 
1 wb 1 0 
1 wb 1 0 
2 wb 1 0 t 1209681751 
1 wb 1 0 
1 wb 1 0 
4 wb 1 1 wb 1 2 87 server1.onehouronelife.com
8005
89
http://onehouronelife.com/updateServer/server.php
OK wb 1 2 87 server1.onehouronelife.com
8005
89
http://onehouronelife.com/updateServer/server.php
OK T 1209681751.117000 
0  
1 T 1209681751.182000 
1 T 1209681751.214000 
1 T 1209681751.248000 
1 T 1209681751.280000 
1 T 1209681751.314000 
1 T 1209681751.347000 
1 T 1209681751.380000 
1 T 1209681751.412000 
1 T 1209681751.446000 
1 T 1209681751.478000 
1 T 1209681751.512000 
1 T 1209681751.545000 
1 T 1209681751.577000 
2 T 1209681751.611000 mm 1546 516
2 T 1209681751.643000 mm 1535 516
2 T 1209681751.677000 mm 1534 516
2 T 1209681751.710000 mm 1535 516
2 T 1209681751.743000 mm 1539 516
1 T 1209681751.776000 
1 T 1209681751.808000 
1 T 1209681751.842000 
1 T 1209681751.875000 
1 T 1209681751.907000 
1 T 1209681751.941000 
1 T 1209681751.974000 
1 T 1209681752.006000 
1 T 1209681752.040000 
1 T 1209681752.072000 
2 T 1209681752.106000 mm 1524 516
6 T 1209681752.138000 xs 1 2 22 534E0A33372F3230300A313834313037330A38390A23 xs 1 2 0 T 1209681752.139000 xs 1 0 169 mm 1509 517
3 T 1209681752.171000 xs 1 2 0 mm 1505 517
3 T 1209681752.205000 xs 1 2 0 mm 1503 518
2 T 1209681752.238000 xs 1 2 0 
2 T 1209681752.270000 xs 1 2 0 
2 T 1209681752.304000 xs 1 2 0 
2 T 1209681752.336000 xs 1 2 0 
2 T 1209681752.370000 xs 1 2 0 
2 T 1209681752.403000 xs 1 2 0 
4 T 1209681752.436000 xs 1 2 10 52454A45435445440A23 xs 1 3 -1 T 1209681752.437000 
1 T 1209681752.468000 
1 T 1209681752.502000 
1 T 1209681752.535000 
1 T 1209681752.569000 
1 T 1209681752.600000 
1 T 1209681752.634000 
2 T 1209681752.667000 mm 1506 518
1 T 1209681752.700000 
1 T 1209681752.733000 
1 T 1209681752.766000 
1 T 1209681752.800000 
1 T 1209681752.832000 
1 T 1209681752.865000 
2 T 1209681752.898000 mm 1505 520
2 T 1209681752.932000 mm 1500 525
2 T 1209681752.964000 mm 1498 525
1 T 1209681752.996000 
2 T 1209681753.030000 mm 1488 525
2 T 1209681753.063000 mm 1448 529
2 T 1209681753.096000 mm 1391 529
2 T 1209681753.129000 mm 1264 533
2 T 1209681753.162000 mm 1115 553
2 T 1209681753.195000 mm 949 598
2 T 1209681753.228000 mm 838 655
2 T 1209681753.261000 mm 774 705
2 T 1209681753.294000 mm 749 727
2 T 1209681753.327000 mm 695 778
2 T 1209681753.359000 mm 675 790
2 T 1209681753.392000 mm 650 809
2 T 1209681753.425000 mm 610 834
2 T 1209681753.459000 mm 576 850
2 T 1209681753.493000 mm 544 867
2 T 1209681753.524000 mm 515 880
2 T 1209681753.558000 mm 468 914
1  mm 434 936
1  mm 408 950
1  mm 390 961
1  mm 376 968
1  mm 368 970
0  
0  
0  
0  
0  
0  
0  
1  mb 1 1 368 970
0  
0  
0  
0  
1  mb 1 0 368 970
