1207986411 seed, 60 fps, 1920x1080, fullScreen=1, version73_mouseSpeed1.000000_musicOff0_musicLoudness1.000000_webRetrySeconds16 39F5D403D9734472EB90545B8404B1BC918AF16B
3 T 1207986412.714000 mm 1914 381 mm 1714 438
1  mm 1708 444
1  mm 1724 512
0  
0  
0  
0  
0  
0  
0  
0  
0  
0  
0  
0  
0  
0  
0  
0  
0  
0  
0  
0  
0  
0  
0  
0  
1  mm 1718 512
1  mm 1699 512
1  mm 1643 527
1  mm 1614 544
1  mm 1569 576
1  mm 1526 598
1  mm 1522 600
1  mm 1525 600
1  mm 1540 597
0  
0  
0  
0  
0  
0  
0  
0  
0  
0  
0  
0  
0  
0  
0  
0  
0  
0  
0  
0  
1  mm 1538 597
1  mm 1532 596
1  mm 1529 594
1  mm 1525 594
1  mm 1524 594
1  mm 1519 594
1  mm 1508 594
1  mm 1492 595
1  mm 1483 599
1  mm 1522 530
0  
0  
1  mm 1522 524
1  mm 1522 509
1  mm 1522 502
1  mm 1520 497
1  mm 1520 493
1  mm 1520 485
1  mm 1520 481
1  mm 1519 480
0  
0  
0  
0  
0  
0  
0  
0  
0  
0  
0  
0  
0  
0  
0  
0  
0  
0  
0  
0  
0  
0  
0  
1 T 1207986416.698000 
0  
0  
0  
0  
0  
0  
0  
0  
0  
0  
0  
0  
0  
0  
2 T 1207986417.801000 T 1207986417.804000 
0  
0  
1 T 1207986417.831000 
1 T 1207986417.864000 
1 T 1207986417.898000 
1 T 1207986417.931000 
1 T 1207986417.964000 
1 T 1207986417.998000 
1 T 1207986418.031000 
1 T 1207986418.064000 
1 T 1207986418.098000 
1 T 1207986418.131000 
2 T 1207986418.165000 mm 1510 491
2 T 1207986418.198000 mm 1495 510
2 T 1207986418.231000 mm 1491 514
1 T 1207986418.264000 
1 T 1207986418.298000 
1 T 1207986418.331000 
1 T 1207986418.364000 
2 T 1207986418.398000 mm 1491 516
2 T 1207986418.431000 mm 1493 523
2 T 1207986418.465000 mm 1499 526
2 T 1207986418.498000 mm 1502 527
2 T 1207986418.531000 mm 1504 527
2 T 1207986418.547000 mm 1507 527
2 T 1207986418.564000 mm 1508 527
2 T 1207986418.580000 mm 1509 527
2 T 1207986418.597000 mm 1510 528
2 T 1207986418.614000 mm 1513 528
2 T 1207986418.630000 mm 1517 529
2 T 1207986418.647000 mm 1521 530
2 T 1207986418.664000 mm 1524 531
2 T 1207986418.680000 mm 1531 531
2 T 1207986418.697000 mm 1534 531
2 T 1207986418.714000 mm 1539 531
2 T 1207986418.730000 mm 1545 531
2 T 1207986418.747000 mm 1553 531
2 T 1207986418.764000 mm 1558 531
2 T 1207986418.780000 mm 1561 531
2 T 1207986418.797000 mm 1562 531
2 T 1207986418.813000 mm 1563 531
1 T 1207986418.830000 
1 T 1207986418.847000 
1 T 1207986418.863000 
1 T 1207986418.880000 
1 T 1207986418.897000 
1 T 1207986418.914000 
0  
0  
0  
0  
0  
0  
0  
0  
0  
0  
0  
0  
0  
0  
0  
0  
0  
0  
0  
0  
0  
1  mm 1568 531
1  mm 1570 531
1  mm 1571 531
1  mm 1572 531
0  
0  
0  
0  
0  
0  
0  
0  
0  
0  
0  
0  
1 T 1207986419.546000 
0  
0  
0  
0  
0  
0  
0  
0  
0  
0  
0  
0  
0  
0  
0  
0  
0  
0  
0  
0  
0  
0  
0  
0  
0  
0  
0  
0  
0  
0  
0  
0  
0  
0  
0  
0  
0  
0  
0  
0  
1  mb 1 1 1572 531
0  
0  
0  
0  
0  
0  
0  
1  mb 1 0 1572 531
0  
0  
0  
0  
0  
0  
0  
0  
0  
0  
0  
0  
0  
0  
0  
0  
0  
0  
0  
0  
0  
0  
0  
0  
0  
0  
0  
0  
1  mm 1561 523
1  mm 1552 516
1  mm 1548 514
1  mm 1543 511
0  
0  
0  
0  
0  
1  mm 1542 511
1  mm 1532 499
1  mm 1515 485
1  mm 1494 470
1  mm 1448 440
1  mm 1370 388
1  mm 1285 331
1  mm 1226 302
1  mm 1166 276
1  mm 1122 266
1  mm 1096 260
1  mm 1077 258
1  mm 1073 258
2 T 1207986421.213000 mm 1072 258
0  
0  
1  mm 1066 258
1  mm 1054 255
1  mm 1038 252
1  mm 1023 246
1  mm 1014 245
1  mm 1009 243
1  mm 1003 243
1  mm 998 240
1  mm 996 239
0  
1  mm 994 239
0  
0  
0  
0  
0  
0  
0  
0  
0  
0  
0  
1  mm 993 238
0  
0  
0  
1  mm 991 233
1  mm 990 230
1  mm 989 226
0  
0  
0  
0  
0  
0  
0  
0  
0  
0  
0  
0  
0  
0  
0  
0  
0  
0  
0  
0  
0  
0  
0  
0  
0  
0  
0  
0  
0  
0  
0  
0  
0  
0  
0  
0  
0  
0  
0  
0  
0  
0  
0  
0  
0  
0  
0  
0  
0  
0  
0  
0  
0  
0  
0  
0  
0  
0  
0  
0  
0  
0  
0  
0  
0  
0  
0  
0  
2 T 1207986422.879000 mb 1 1 989 226
0  
0  
0  
0  
0  
0  
0  
1  mb 1 0 989 226
