1208379160 seed, 30 fps, 1920x1080, fullScreen=1, version75_mouseSpeed1.000000_musicOff0_musicLoudness1.000000_webRetrySeconds16 BC3D5E7F7F79892FF6B0487E89DDE795D6A445C6
2 T 1208379160.581000 mm 642 537
0  
0  
0  
0  
0  
0  
0  
0  
0  
0  
0  
0  
0  
0  
0  
0  
0  
0  
0  
0  
0  
0  
0  
0  
0  
0  
0  
0  
0  
0  
0  
0  
0  
0  
1  mm 1019 579
1  mm 1063 580
1  mm 1098 580
1  mm 1119 580
1  mm 1122 580
0  
0  
0  
0  
0  
0  
0  
0  
0  
0  
0  
0  
0  
0  
0  
0  
0  
0  
0  
0  
0  
0  
0  
0  
2 T 1208379164.318000 T 1208379164.321000 
1 T 1208379164.351000 
1 T 1208379164.384000 
1 T 1208379164.417000 
1 T 1208379164.449000 
1 T 1208379164.757000 
1 T 1208379164.790000 
1 T 1208379164.823000 
1 T 1208379164.856000 
1 T 1208379164.889000 
1 T 1208379164.922000 
1 T 1208379164.955000 
1 T 1208379164.989000 
1 T 1208379165.020000 
1 T 1208379165.054000 
1 T 1208379165.086000 
1 T 1208379165.120000 
1 T 1208379165.153000 
1 T 1208379165.185000 
1 T 1208379165.219000 
1 T 1208379165.252000 
1 T 1208379165.284000 
1 T 1208379165.317000 
1 T 1208379165.351000 
1 T 1208379165.384000 
1 T 1208379165.417000 
1 T 1208379165.450000 
0  
0  
0  
0  
0  
0  
0  
0  
1 T 1208379165.747000 
0  
0  
0  
0  
0  
0  
0  
0  
0  
0  
0  
0  
0  
0  
0  
0  
0  
0  
0  
0  
0  
0  
0  
0  
0  
0  
0  
0  
0  
0  
0  
0  
0  
0  
0  
0  
0  
0  
0  
0  
0  
0  
0  
0  
0  
0  
0  
0  
0  
0  
0  
0  
0  
0  
0  
0  
0  
0  
0  
0  
0  
0  
0  
0  
0  
0  
0  
0  
0  
0  
0  
0  
0  
0  
0  
0  
0  
0  
0  
0  
0  
0  
0  
0  
0  
0  
0  
0  
0  
0  
0  
0  
0  
0  
0  
0  
0  
0  
0  
1 T 1208379169.046000 
0  
0  
0  
0  
0  
0  
0  
0  
0  
0  
0  
0  
0  
0  
0  
0  
0  
1  mm 1119 583
1  mm 1115 585
1  mm 1114 586
1  mm 1110 588
1  mm 1109 588
1  mm 1108 593
1  mm 1104 601
1  mm 1104 604
1  mm 1104 606
1  mm 1110 610
1  mm 1131 610
1  mm 1146 610
1  mm 1158 611
1  mm 1177 611
1  mm 1209 603
1  mm 1282 574
1  mm 1314 562
1  mm 1316 562
1  mm 1318 562
1  mm 1319 562
0  
0  
0  
0  
0  
0  
0  
1  mm 1317 562
1  mm 1311 566
1  mm 1309 567
0  
0  
0  
0  
0  
0  
0  
0  
1  mm 1296 552
1  mm 1255 497
1  mm 1177 424
1  mm 1115 365
1  mm 1090 314
1  mm 1093 279
1  mm 1143 253
1  mm 1157 252
0  
0  
0  
0  
0  
0  
1  mm 1156 252
1  mm 1154 252
1  mm 1137 245
1  mm 1106 237
1  mm 1074 229
1  mm 1052 226
1  mm 1042 224
2  mm 1034 222 mm 1032 222
1  mm 1025 220
1  mm 1015 216
1  mm 996 212
1  mm 981 212
1  mm 976 212
1  mm 975 212
0  
0  
0  
0  
0  
0  
0  
0  
0  
0  
0  
0  
0  
0  
0  
0  
1 T 1208379172.347000 
0  
0  
0  
0  
0  
0  
0  
0  
0  
0  
0  
0  
0  
0  
0  
0  
0  
0  
0  
0  
0  
0  
0  
0  
0  
0  
0  
0  
0  
0  
0  
0  
0  
1  mm 957 222
1  mm 886 305
1  mm 801 406
1  mm 768 450
1  mm 761 459
1  mm 761 460
0  
1  mm 786 436
1  mm 835 387
1  mm 861 357
1  mm 870 333
1  mm 875 314
1  mm 891 284
1  mm 913 249
1  mm 929 230
1  mm 934 226
0  
0  
0  
1  mm 939 223
0  
0  
0  
1  mm 940 223
1  mm 947 218
0  
0  
0  
0  
0  
0  
0  
0  
0  
0  
0  
0  
0  
0  
0  
0  
0  
0  
0  
1  mb 1 1 947 218
0  
0  
0  
1  mb 1 0 947 218
