1207836107 seed, 60 fps, 1920x1080, fullScreen=1, version73_mouseSpeed1.000000_musicOff0_musicLoudness1.000000_webRetrySeconds16 39F5D403D9734472EB90545B8404B1BC918AF16B
0  
0  
0  
0  
0  
0  
0  
0  
0  
1 T 1207836111.479000 
0  
0  
0  
0  
0  
0  
0  
0  
0  
0  
0  
1  mm 1045 786
0  
0  
0  
0  
0  
0  
0  
0  
0  
0  
0  
0  
0  
0  
0  
0  
0  
0  
0  
0  
0  
0  
0  
0  
0  
0  
1  mm 1045 784
1  mm 1047 783
0  
1  mm 1048 783
0  
0  
0  
0  
0  
0  
0  
0  
0  
0  
0  
0  
0  
0  
1  mm 1042 786
0  
0  
0  
0  
0  
0  
0  
0  
0  
0  
0  
0  
0  
0  
0  
0  
0  
0  
0  
0  
0  
0  
0  
0  
0  
0  
0  
0  
0  
0  
0  
0  
0  
0  
0  
0  
0  
0  
0  
0  
0  
0  
1 T 1207836113.620000 
0  
0  
0  
0  
1  mm 1044 786
3 T 1207836114.315000 T 1207836114.317000 mm 1045 786
1 T 1207836114.318000 
0  
1 T 1207836114.328000 
1 T 1207836114.345000 
1 T 1207836114.362000 
1 T 1207836114.379000 
1 T 1207836114.396000 
2 T 1207836114.413000 mm 1045 788
2 T 1207836114.429000 mm 1045 789
2 T 1207836114.446000 mm 1044 790
2 T 1207836114.463000 mm 1042 792
1 T 1207836114.479000 
1 T 1207836114.496000 
1 T 1207836114.512000 
1 T 1207836114.529000 
1 T 1207836114.546000 
1 T 1207836114.562000 
1 T 1207836114.579000 
1 T 1207836114.596000 
1 T 1207836114.613000 
1 T 1207836114.629000 
1 T 1207836114.646000 
1 T 1207836114.663000 
1 T 1207836114.679000 
1 T 1207836114.696000 
1 T 1207836114.713000 
1 T 1207836114.729000 
1 T 1207836114.746000 
1 T 1207836114.762000 
1 T 1207836114.779000 
1 T 1207836114.796000 
1 T 1207836114.813000 
1 T 1207836114.829000 
1 T 1207836114.846000 
2 T 1207836114.863000 mm 1040 788
2 T 1207836114.880000 mm 1040 778
2 T 1207836114.896000 mm 1040 767
2 T 1207836114.913000 mm 1040 762
2 T 1207836114.929000 mm 1040 759
2 T 1207836114.946000 mm 1040 754
2 T 1207836114.963000 mm 1040 750
2 T 1207836114.980000 mm 1040 749
2 T 1207836114.996000 mm 1040 747
2 T 1207836115.013000 mm 1040 745
2 T 1207836115.029000 mm 1040 743
2 T 1207836115.046000 mm 1040 741
2 T 1207836115.063000 mm 1040 740
2 T 1207836115.080000 mm 1040 738
2 T 1207836115.096000 mm 1040 736
2 T 1207836115.113000 mm 1040 735
2 T 1207836115.129000 mm 1040 732
2 T 1207836115.146000 mm 1040 729
2 T 1207836115.163000 mm 1040 724
2 T 1207836115.179000 mm 1040 719
2 T 1207836115.196000 mm 1040 716
2 T 1207836115.213000 mm 1040 715
1 T 1207836115.229000 
1 T 1207836115.246000 
1 T 1207836115.262000 
1 T 1207836115.279000 
1 T 1207836115.296000 
1 T 1207836115.312000 
1 T 1207836115.329000 
1 T 1207836115.345000 
1 T 1207836115.363000 
1 T 1207836115.379000 
1 T 1207836115.395000 
1 T 1207836115.413000 
1 T 1207836115.429000 
0  
0  
0  
0  
0  
0  
0  
0  
0  
0  
0  
0  
0  
0  
0  
0  
0  
0  
0  
0  
0  
0  
0  
0  
1 T 1207836115.845000 
0  
0  
0  
0  
0  
0  
0  
0  
0  
0  
0  
0  
1  mm 1040 709
1  mm 1040 707
1  mm 1040 705
0  
0  
0  
0  
0  
1  mm 1040 700
1  mm 1040 695
1  mm 1040 691
1  mm 1042 687
1  mm 1047 677
1  mm 1056 669
1  mm 1074 656
1  mm 1085 651
1  mm 1098 644
1  mm 1106 641
1  mm 1112 638
1  mm 1119 636
1  mm 1127 633
1  mm 1142 625
1  mm 1158 619
1  mm 1180 612
1  mm 1198 607
1  mm 1209 603
1  mm 1220 599
0  
0  
0  
0  
0  
0  
0  
0  
0  
0  
0  
0  
1  mm 1206 595
1  mm 1194 590
1  mm 1174 584
1  mm 1150 579
1  mm 1123 573
1  mm 1095 569
1  mm 1063 569
1  mm 1015 569
1  mm 959 569
1  mm 911 569
1  mm 856 569
1  mm 797 569
1  mm 756 579
1  mm 699 594
1  mm 656 609
1  mm 622 623
1  mm 595 634
1  mm 574 643
1  mm 556 650
1  mm 540 657
1  mm 526 666
1  mm 512 672
1  mm 498 679
1  mm 487 686
1  mm 471 692
1  mm 465 695
1  mm 458 697
1  mm 456 700
0  
1  mm 455 700
1  mm 453 702
1  mm 453 703
1  mm 452 703
1  mm 450 705
1  mm 450 706
1  mm 447 708
1  mm 443 713
1  mm 436 716
1  mm 430 718
1  mm 423 721
1  mm 420 723
1  mm 419 723
0  
1  mm 418 723
0  
0  
0  
0  
1 T 1207836117.511000 
0  
0  
0  
0  
0  
1  mb 1 1 418 723
0  
0  
0  
0  
0  
0  
2 F 0.000000 mb 1 0 418 723
1 F 0.000000 
3 af 0 af 1 F 0.000000 
1 F 0.000000 
1 F 0.000000 
1 F 0.000000 
1 F 0.000000 
1 F 0.000000 
1 F 0.000000 
1 F 0.000000 
1 F 0.000000 
1 F 0.000000 
1 F 0.000000 
1 F 0.000000 
1 F 0.000000 
1 F 0.000000 
1 F 0.000000 
1 F 0.000000 
1 F 0.000000 
1 F 0.000000 
1 F 0.000000 
1 F 0.000000 
1 F 0.000000 
1 F 0.000000 
2 F 0.000000 mm 469 678
2 F 0.000000 mm 536 625
2 F 0.000000 mm 610 582
2 F 0.000000 mm 709 527
2 F 0.000000 mm 809 470
2 F 0.000000 mm 891 428
2 F 0.000000 mm 958 388
2 F 0.000000 mm 990 366
2 F 0.000000 mm 1006 349
2 F 0.000000 mm 1014 340
2 F 0.000000 mm 1017 335
2 F 0.000000 mm 1018 333
2 F 0.000000 mm 1019 332
2 F 0.000000 mm 1020 330
2 F 0.000000 mm 1021 327
2 F 0.000000 mm 1030 325
2 F 0.000000 mm 1038 321
2 F 0.000000 mm 1042 321
2 F 0.000000 mm 1043 320
1 F 0.000000 
2 F 0.000000 mm 1042 320
2 F 0.000000 mm 1028 326
2 F 0.000000 mm 1007 331
2 F 0.000000 mm 964 335
2 F 0.000000 mm 935 338
2 F 0.000000 mm 926 338
2 F 0.000000 mm 925 338
1 F 0.000000 
1 F 0.000000 
1 F 0.000000 
2 F 0.000000 mm 927 342
2 F 0.000000 mm 928 344
2 F 0.000000 mm 932 349
2 F 0.000000 mm 938 356
2 F 0.000000 mm 943 360
2 F 0.000000 mm 945 362
1 F 0.000000 
2 F 0.000000 mm 946 362
2 F 0.000000 mm 948 362
2 F 0.000000 mm 951 362
2 F 0.000000 mm 954 362
2 F 0.000000 mm 957 362
2 F 0.000000 mm 960 362
2 F 0.000000 mm 962 362
1 F 0.000000 
2 F 0.000000 mm 965 362
1 F 0.000000 
2 F 0.000000 mm 966 362
2 F 0.000000 mm 967 362
1 F 0.000000 
1 F 0.000000 
1 F 0.000000 
1 F 0.000000 
1 F 0.000000 
1 F 0.000000 
2 F 0.000000 mb 1 1 967 362
1 F 0.000000 
1 F 0.000000 
1 F 0.000000 
1 F 0.000000 
1 F 0.000000 
1 F 0.000000 
2 F 0.000000 mb 1 0 967 362
2 T 1207836119.177000 F 0.000000 
1 F 0.000000 
1 F 0.000000 
1 F 0.000000 
1 F 0.000000 
1 F 0.000000 
1 F 0.000000 
1 F 0.000000 
1 F 0.000000 
1 F 0.000000 
1 F 0.000000 
1 F 0.000000 
1 F 0.000000 
1 F 0.000000 
1 F 0.000000 
1 F 0.000000 
1 F 0.000000 
1 F 0.000000 
1 F 0.000000 
1 F 0.000000 
1 F 0.000000 
1 F 0.000000 
1 F 0.000000 
1 F 0.000000 
1 F 0.000000 
1 F 0.000000 
1 F 0.000000 
2 F 0.000000 mm 972 362
2 F 0.000000 mm 999 362
2 F 0.000000 mm 1022 361
2 F 0.000000 mm 1044 359
2 F 0.000000 mm 1060 355
2 F 0.000000 mm 1072 354
2 F 0.000000 mm 1080 353
2 F 0.000000 mm 1084 352
1 F 0.000000 
2 F 0.000000 mm 1091 352
2 F 0.000000 mm 1100 352
2 F 0.000000 mm 1111 355
2 F 0.000000 mm 1123 356
2 F 0.000000 mm 1135 356
2 F 0.000000 mm 1147 356
2 F 0.000000 mm 1153 356
1 F 0.000000 
1 F 0.000000 
1 F 0.000000 
1 F 0.000000 
2 F 0.000000 mm 1158 354
1 F 0.000000 
1 F 0.000000 
1 F 0.000000 
1 F 0.000000 
1 F 0.000000 
1 F 0.000000 
1 F 0.000000 
1 F 0.000000 
1 F 0.000000 
1 F 0.000000 
1 F 0.000000 
1 F 0.000000 
2 F 0.000000 mb 1 1 1158 354
1 F 0.000000 
1 F 0.000000 
1 F 0.000000 
1 F 0.000000 
1 F 0.000000 
1 F 0.000000 
1 F 0.000000 
1 F 0.000000 
1  mb 1 0 1158 354
