1209259460 seed, 30 fps, 1920x1080, fullScreen=1, version84_mouseSpeed1.000000_musicOff0_musicLoudness0.000000_webRetrySeconds16 42465DEE661C4C80A66BFD33B6F8DBB5EF6ACF88
2 T 1209259460.711000 mm 953 448
1  mm 953 451
1  mm 1016 737
0  
0  
0  
0  
0  
0  
0  
0  
0  
0  
0  
0  
0  
0  
0  
0  
0  
0  
0  
0  
0  
0  
0  
0  
0  
0  
0  
0  
0  
0  
0  
0  
0  
0  
0  
0  
0  
0  
0  
0  
0  
0  
0  
0  
0  
0  
0  
0  
0  
0  
0  
0  
0  
0  
0  
0  
0  
0  
0  
0  
2 T 1209259464.553000 T 1209259464.556000 
1 T 1209259464.584000 
1 T 1209259464.618000 
1 T 1209259464.650000 
1 T 1209259464.683000 
1 T 1209259464.717000 
1 T 1209259464.749000 
1 T 1209259464.782000 
1 T 1209259464.815000 
1 T 1209259464.848000 
1 T 1209259464.882000 
1 T 1209259464.914000 
1 T 1209259464.948000 
1 T 1209259464.980000 
1 T 1209259465.014000 
1 T 1209259465.047000 
1 T 1209259465.080000 
1 T 1209259465.113000 
1 T 1209259465.145000 
1 T 1209259465.179000 
1 T 1209259465.211000 
1 T 1209259465.245000 
1 T 1209259465.277000 
1 T 1209259465.311000 
1 T 1209259465.343000 
1 T 1209259465.376000 
1 T 1209259465.409000 
1 T 1209259465.443000 
1 T 1209259465.475000 
1 T 1209259465.509000 
1 T 1209259465.541000 
1 T 1209259465.574000 
1 T 1209259465.608000 
1 T 1209259465.640000 
1 T 1209259465.674000 
0  
1 T 1209259465.739000 
0  
0  
0  
0  
0  
0  
0  
0  
0  
0  
0  
0  
0  
0  
0  
0  
0  
0  
0  
0  
0  
0  
0  
0  
0  
0  
0  
0  
1  mm 1016 738
0  
0  
1  mm 1023 738
1  mm 1093 677
1  mm 1116 655
1  mm 1208 629
1  mm 1300 620
1  mm 1337 620
1  mm 1338 620
0  
1  mm 1348 619
1  mm 1405 602
1  mm 1491 577
1  mm 1504 568
1  mm 1516 555
1  mm 1521 550
1  mm 1524 547
1  mb 1 1 1524 547
0  
0  
2 T 1209259467.394000 mb 1 0 1524 547
0  
1 T 1209259467.456000 
1 T 1209259467.490000 
1 T 1209259467.524000 
1 T 1209259467.555000 
1 T 1209259467.589000 
1 T 1209259467.622000 
1 T 1209259467.654000 
1 T 1209259467.688000 
1 T 1209259467.721000 
1 T 1209259467.754000 
1 T 1209259467.786000 
1 T 1209259467.820000 
1 T 1209259467.853000 
1 T 1209259467.886000 
1 T 1209259467.918000 
1 T 1209259467.952000 
1 T 1209259467.984000 
1 T 1209259468.017000 
1 T 1209259468.050000 
1 T 1209259468.083000 
1 T 1209259468.116000 
1 T 1209259468.149000 
1 T 1209259468.182000 
1 T 1209259468.215000 
1 T 1209259468.249000 
1 T 1209259468.281000 
1 T 1209259468.314000 
1 T 1209259468.347000 
1 T 1209259468.381000 
6 T 1209259468.413000 xs 0 2 16 534E0A302F3230300A31310A38340A23 xs 0 2 0 xs 0 0 7 T 1209259468.415000 xs 0 0 169 
4 T 1209259468.447000 xs 0 2 10 41434345505445440A23 xs 0 3 -1 T 1209259468.449000 
1 T 1209259468.480000 
1 T 1209259468.513000 
1 T 1209259468.546000 
1 T 1209259468.579000 
1 T 1209259468.612000 
1 T 1209259468.644000 
1 T 1209259468.679000 
1 T 1209259468.711000 
1 T 1209259468.744000 
1 T 1209259468.777000 
1 T 1209259468.810000 
1 T 1209259468.842000 
1 T 1209259468.876000 
1 T 1209259468.909000 
1 T 1209259468.942000 
1 T 1209259468.975000 
1 T 1209259469.008000 
1 T 1209259469.040000 
1 T 1209259469.074000 
1 T 1209259469.108000 
1 T 1209259469.139000 
1 T 1209259469.173000 
1 T 1209259469.206000 
1 T 1209259469.238000 
1 T 1209259469.272000 
1 T 1209259469.306000 
1 T 1209259469.338000 
1 T 1209259469.371000 
1 T 1209259469.403000 
1 T 1209259469.437000 
1 T 1209259469.469000 
1 T 1209259469.503000 
1 T 1209259469.536000 
1 T 1209259469.569000 
0  
0  
0  
0  
0  
0  
0  
0  
0  
0  
0  
0  
0  
0  
0  
0  
0  
0  
0  
0  
0  
0  
0  
0  
0  
0  
0  
0  
0  
0  
0  
0  
0  
0  
0  
0  
0  
0  
1  mm 1415 438
1  mm 1084 365
1  mm 636 365
1  mm 463 418
1  mm 423 482
1  mm 390 552
1  mm 283 659
1  mm 147 741
1  mm 138 779
1  mm 167 830
1  mm 213 895
1  mm 237 925
1  mm 232 942
1  mm 224 954
1  mm 224 955
1  mm 261 955
1  mm 302 945
1  mm 305 941
0  
0  
1  mm 313 951
1  mm 333 969
1  mm 341 974
0  
0  
0  
0  
0  
0  
0  
0  
0  
0  
0  
0  
0  
0  
0  
0  
0  
0  
0  
0  
0  
0  
1 T 1209259472.341000 
0  
0  
0  
0  
0  
1  mm 354 960
1  mm 359 949
0  
0  
0  
0  
0  
0  
0  
0  
0  
0  
0  
0  
0  
0  
0  
0  
0  
0  
0  
0  
1  mb 1 1 359 949
0  
1  md 359 948
0  
1  mb 1 0 359 948
