1208079261 seed, 30 fps, 1920x1080, fullScreen=1, version73_mouseSpeed1.000000_musicOff0_musicLoudness1.000000_webRetrySeconds16 39F5D403D9734472EB90545B8404B1BC918AF16B
3 T 1208079262.933000 mm 960 576 mm 1186 656
0  
1  mm 1245 660
1  mm 1257 660
0  
0  
0  
0  
0  
0  
0  
1  mm 1256 660
0  
0  
0  
0  
0  
0  
0  
0  
0  
1  mm 1255 660
0  
0  
0  
0  
0  
0  
1  mm 1246 660
1  mm 1245 660
0  
0  
0  
1  mm 1236 647
1  mm 1227 625
1  mm 1284 467
1  mm 1275 464
1  mm 1267 464
1  mm 1259 460
1  mm 1252 457
1  mm 1250 454
1  mm 1245 449
0  
0  
0  
1  mm 1243 445
1  mm 1242 442
0  
1  mm 1242 441
0  
1  mm 1249 440
1  mm 1250 440
0  
0  
0  
0  
0  
0  
1  mm 1248 440
0  
0  
0  
0  
1  mm 1223 429
3 T 1208079266.517000 T 1208079266.519000 mm 1206 416
1 T 1208079266.549000 
1 T 1208079266.582000 
1 T 1208079266.615000 
1 T 1208079266.648000 
1 T 1208079266.680000 
1 T 1208079266.714000 
1 T 1208079266.747000 
1 T 1208079266.780000 
1 T 1208079266.813000 
1 T 1208079266.846000 
1 T 1208079266.879000 
1 T 1208079266.912000 
1 T 1208079266.945000 
1 T 1208079266.978000 
1 T 1208079267.010000 
2 T 1208079267.045000 mm 1199 418
2 T 1208079267.077000 mm 1176 444
2 T 1208079267.110000 mm 1161 464
2 T 1208079267.143000 mm 1146 481
2 T 1208079267.177000 mm 1142 489
2 T 1208079267.210000 mm 1140 494
2 T 1208079267.243000 mm 1134 511
2 T 1208079267.276000 mm 1129 520
2 T 1208079267.308000 mm 1128 522
2 T 1208079267.341000 mm 1127 522
2 T 1208079267.374000 mm 1123 527
2 T 1208079267.407000 mm 1117 530
2 T 1208079267.441000 mm 1115 531
2 T 1208079267.474000 mm 1114 532
1 T 1208079267.507000 
1 T 1208079267.541000 
2 T 1208079267.573000 mb 1 1 1114 532
1 T 1208079267.606000 
1 T 1208079267.638000 
2 T 1208079267.671000 mb 1 0 1114 532
0  
0  
0  
0  
0  
0  
0  
0  
0  
0  
0  
0  
0  
0  
0  
0  
0  
0  
0  
0  
0  
0  
0  
0  
0  
0  
0  
0  
0  
0  
0  
0  
0  
0  
0  
0  
0  
1  mm 1137 533
1  mm 1158 534
1  mm 1174 534
1  mm 1200 534
1  mm 1243 534
1  mm 1267 535
1  mm 1268 535
0  
0  
0  
0  
0  
0  
0  
0  
0  
0  
0  
1  mm 1305 536
1  mm 1340 538
1  mm 1354 538
1  mm 1398 538
1  mm 1471 538
1  mm 1508 538
1  mm 1511 538
1  mb 1 1 1511 538
0  
0  
0  
0  
0  
2 t 1208079269 mb 1 0 1511 538
1 wb 0 0 
2 wb 0 0 t 1208079270 
1 wb 0 0 
1 wb 0 0 
1 wb 0 0 
1 wb 0 0 
1 wb 0 0 
1 wb 0 0 
1 wb 0 0 
1 wb 0 0 
1 wb 0 0 
1 wb 0 0 
1 wb 0 0 
1 wb 0 0 
1 wb 0 0 
1 wb 0 0 
4 wb 0 1 wb 0 2 87 server1.onehouronelife.com
8005
73
http://onehouronelife.com/updateServer/server.php
OK wb 0 2 87 server1.onehouronelife.com
8005
73
http://onehouronelife.com/updateServer/server.php
OK T 1208079270.509000 
0  
2 T 1208079270.574000 mm 1512 538
1 T 1208079270.607000 
1 T 1208079270.641000 
1 T 1208079270.673000 
1 T 1208079270.707000 
1 T 1208079270.739000 
1 T 1208079270.772000 
1 T 1208079270.805000 
1 T 1208079270.838000 
1 T 1208079270.872000 
1 T 1208079270.905000 
1 T 1208079270.937000 
1 T 1208079270.971000 
1 T 1208079271.003000 
1 T 1208079271.037000 
1 T 1208079271.070000 
1 T 1208079271.102000 
1 T 1208079271.136000 
1 T 1208079271.169000 
1 T 1208079271.201000 
1 T 1208079271.234000 
1 T 1208079271.267000 
1 T 1208079271.300000 
1 T 1208079271.334000 
1 T 1208079271.367000 
1 T 1208079271.400000 
1 T 1208079271.433000 
1 T 1208079271.465000 
1 T 1208079271.498000 
4 T 1208079271.531000 xs 0 2 21 534E0A33382F34300A313237333533370A37330A23 xs 0 2 0 xs 0 0 169 
2 T 1208079271.565000 xs 0 2 0 
2 T 1208079271.597000 xs 0 2 0 
2 T 1208079271.630000 xs 0 2 0 
2 T 1208079271.664000 xs 0 2 0 
2 T 1208079271.696000 xs 0 2 0 
2 T 1208079271.730000 xs 0 2 0 
2 T 1208079271.762000 xs 0 2 0 
4 T 1208079271.796000 xs 0 2 10 52454A45435445440A23 xs 0 3 -1 T 1208079271.799000 
1 T 1208079271.830000 
1 T 1208079271.862000 
1 T 1208079271.896000 
1 T 1208079271.929000 
1 T 1208079271.961000 
1 T 1208079271.994000 
1 T 1208079272.027000 
1 T 1208079272.060000 
1 T 1208079272.093000 
1 T 1208079272.126000 
1 T 1208079272.159000 
1 T 1208079272.191000 
1 T 1208079272.225000 
1 T 1208079272.259000 
1 T 1208079272.291000 
1 T 1208079272.324000 
1 T 1208079272.358000 
1 T 1208079272.390000 
1 T 1208079272.424000 
1 T 1208079272.457000 
1 T 1208079272.489000 
1 T 1208079272.523000 
1 T 1208079272.555000 
2 T 1208079272.588000 mm 1510 538
2 T 1208079272.621000 mm 1415 550
2 T 1208079272.654000 mm 1255 550
2 T 1208079272.687000 mm 1082 541
2 T 1208079272.721000 mm 1013 534
2 T 1208079272.754000 mm 985 534
2 T 1208079272.787000 mm 981 536
2 T 1208079272.819000 mb 1 1 981 536
1 T 1208079272.852000 
1 T 1208079272.885000 
1 T 1208079272.918000 
0  
1  mb 1 0 981 536
0  
0  
0  
0  
0  
0  
0  
0  
0  
0  
0  
0  
0  
0  
0  
0  
0  
0  
0  
0  
0  
0  
0  
0  
0  
0  
0  
1  mm 952 553
1  mm 915 565
1  mm 906 566
0  
0  
0  
0  
0  
0  
0  
0  
1 T 1208079274.271000 
0  
0  
0  
0  
1  mm 905 566
1  mm 905 565
0  
0  
0  
0  
0  
1  mm 906 565
1  mm 906 561
1  mm 906 560
1  mm 893 560
1  mm 879 559
1  mm 869 558
1  mm 868 558
1  mm 859 558
1  mm 843 558
1  mm 835 557
1  mm 827 557
1  mm 821 557
1  mm 818 557
0  
0  
0  
1  mm 818 555
1  mm 847 548
1  mm 868 547
1  mm 883 547
1  mm 893 547
1  mm 902 546
1  mm 906 546
1  mm 910 546
1  mm 915 545
1  mm 923 545
1  mm 930 545
1  mm 932 544
0  
0  
0  
0  
0  
0  
0  
0  
0  
0  
0  
0  
0  
0  
0  
0  
1  mm 906 546
1  mm 872 546
1  mm 850 546
1  mm 838 547
1  mm 826 549
1  mm 824 549
1  mm 820 551
1  mm 814 551
1  mm 811 551
0  
1  mm 799 552
1  mm 785 552
1  mm 782 552
0  
0  
0  
0  
0  
0  
1  mm 779 550
1  mm 777 547
1  mm 776 547
0  
1  mm 772 544
1  mm 770 542
0  
0  
0  
0  
1  mb 1 1 770 542
0  
0  
0  
1  mb 1 0 770 542
0  
0  
0  
0  
0  
0  
0  
0  
1  mm 775 542
1  mm 810 537
3 T 1208079277.570000 mm 838 537 mm 841 537
1  mm 855 537
1  mm 868 537
1  mm 883 540
1  mm 897 543
1  mm 917 548
1  mm 942 557
1  mm 962 564
1  mm 963 565
1  mm 952 586
1  mm 880 662
1  mm 783 733
1  mm 715 774
1  mm 665 808
1  mm 620 838
1  mm 588 861
1  mm 556 879
1  mm 546 887
1  mm 531 892
1  mm 497 905
1  mm 460 920
1  mm 425 933
1  mm 401 940
1  mm 384 947
1  mm 357 954
1  mm 348 954
0  
1  mb 1 1 348 954
0  
0  
1  mb 1 0 348 954
